iter,method,coef,se,CI_left,CI_right
1,Tlearner,1.20144675450308,0.0623360959738142,1.07927025145757,1.32362325754858
1,Rlearner,1.21281032120617,0.0615120343331251,1.09224894929745,1.33337169311489
1,intercept,1.33708033896218,0.0822560415298031,1.17585849756376,1.49830218036059
1,AIPW,1.16351138596519,0.0644642923665699,1.03716137292671,1.28986139900367
2,Tlearner,0.960754883396726,0.0616000778311971,0.840020949402715,1.08148881739074
2,Rlearner,0.987151823660967,0.0600091363180552,0.869536077734224,1.10476756958771
2,intercept,1.1461189607581,0.0805703927961789,0.988200990877587,1.30403693063861
2,AIPW,0.957628192553578,0.0474731066617877,0.864580903496474,1.05067548161068
3,Tlearner,0.92630968386982,0.0627124426938189,0.803395554807403,1.04922381293224
3,Rlearner,0.93996748156314,0.0629904115730717,0.816508543508565,1.06342641961772
3,intercept,1.14777701378634,0.0829592276827884,0.985176927528078,1.31037710004461
3,AIPW,0.887599350255561,0.0908999416638,0.709435464594513,1.06576323591661
4,Tlearner,1.06448468617447,0.0642162078172584,0.938623231628902,1.19034614072003
4,Rlearner,1.14784569997661,0.0579704101879073,1.0342257838393,1.26146561611393
4,intercept,1.27555627628864,0.0754707618634091,1.12763358303636,1.42347896954092
4,AIPW,1.1528223870319,0.0519122344336702,1.05107440754191,1.25457036652189
5,Tlearner,0.951634611608285,0.0583436575803077,0.837283144024545,1.06598607919203
5,Rlearner,0.833284183641998,0.0587582654062553,0.718120099651691,0.948448267632304
5,intercept,1.07748769854503,0.0735268204763709,0.933375130411338,1.22160026667871
5,AIPW,0.985754409092218,0.0553573472185037,0.877254008543951,1.09425480964049
6,Tlearner,1.00864962093791,0.0609174551374712,0.889253602838631,1.12804563903719
6,Rlearner,1.06049365781704,0.0551654028871838,0.952371454965521,1.16861586066857
6,intercept,1.19866893709288,0.07307251594067,1.05544680584916,1.34189106833659
6,AIPW,1.05917427503707,0.0487939950586329,0.963538044722146,1.15481050535199
7,Tlearner,0.878789732611986,0.0638507223255947,0.753644616466953,1.00393484875702
7,Rlearner,0.943877600888495,0.0579300214467648,0.830336845229203,1.05741835654779
7,intercept,1.10491323665021,0.0814557100851485,0.945260044883314,1.2645664284171
7,AIPW,0.909375321578499,0.0435868490696835,0.82394509740192,0.994805545755079
8,Tlearner,1.11607979547466,0.0631941054765923,0.992221624705313,1.23993796624401
8,Rlearner,1.15206239351032,0.052361465884933,1.04943580619813,1.25468898082251
8,intercept,1.36692590158357,0.0750790538957183,1.21977095594796,1.51408084721917
8,AIPW,1.08946954773698,0.0707402504094035,0.950818656934553,1.22812043853941
9,Tlearner,0.96094321452339,0.0630175662613252,0.837431054257826,1.08445537478895
9,Rlearner,1.06339322869495,0.0608237247877982,0.944180918705294,1.18260553868462
9,intercept,1.22112170985917,0.0788619831349742,1.06655222291462,1.37569119680372
9,AIPW,0.989943021219545,0.0707286911888192,0.851314786489459,1.12857125594963
10,Tlearner,1.1337427690882,0.0795985686119131,0.977732441387914,1.28975309678849
10,Rlearner,1.06514251831507,0.0586597490257926,0.950171522882363,1.18011351374779
10,intercept,1.23359351613046,0.0780810231453898,1.08055471076549,1.38663232149542
10,AIPW,1.07046209312905,0.0433110767073127,0.985572382782721,1.15535180347539
11,Tlearner,1.01010903232082,0.0663714827842323,0.880023316463204,1.14019474817844
11,Rlearner,0.955297487655731,0.0608714340753286,0.835991669180782,1.07460330613068
11,intercept,1.19431775389495,0.0832271719181961,1.03119249693529,1.35744301085462
11,AIPW,1.0079375524908,0.0465731456791327,0.916654186959704,1.0992209180219
12,Tlearner,1.04063842829777,0.0608051350577684,0.921462553509447,1.15981430308609
12,Rlearner,1.12271821035865,0.057148342230823,1.01070951781007,1.23472690290724
12,intercept,1.2665160055074,0.0661650298766324,1.1368325469492,1.3961994640656
12,AIPW,1.1368518149081,0.0434944290520535,1.05160273396607,1.22210089585012
13,Tlearner,1.04540238703727,0.0628806549561009,0.922158567999027,1.16864620607552
13,Rlearner,1.00911246463009,0.0618020155208764,0.887982740037185,1.13024218922299
13,intercept,1.29815429103459,0.083090144925185,1.13529760698123,1.46101097508796
13,AIPW,1.09861015736483,0.0620448995832849,0.977002154181591,1.22021816054807
15,Tlearner,1.050836621418,0.0683047787735068,0.91696171504995,1.18471152778605
15,Rlearner,1.10267694332694,0.0614160286288768,0.982303739140864,1.22305014751302
15,intercept,1.3575388425116,0.0882639164797344,1.18454156621132,1.53053611881188
15,AIPW,1.12103103768765,0.0515751764845137,1.019943691778,1.2221183835973
16,Tlearner,1.03094977678891,0.064850904864569,0.903844338889524,1.1580552146883
16,Rlearner,1.05198025986339,0.0628057285757801,0.928883293832061,1.17507722589472
16,intercept,1.14347276099102,0.0801117706537858,0.986453690509604,1.30049183147244
16,AIPW,1.0918263957476,0.0528374477235165,0.988264998209503,1.19538779328569
17,Tlearner,0.943089527431839,0.0631929065069769,0.819233706599758,1.06694534826392
17,Rlearner,0.985068143521522,0.0594971210994966,0.86845592898269,1.10168035806035
17,intercept,1.14836970801006,0.0834694886241347,0.984769510306754,1.31196990571336
17,AIPW,0.995191369970235,0.0521827492402627,0.89291318145932,1.09746955848115
18,Tlearner,1.09460627852273,0.0607088358855598,0.975619146643682,1.21359341040178
18,Rlearner,1.11500211374398,0.0560255008136456,1.00519414993341,1.22481007755454
18,intercept,1.27872386293961,0.0681057954793083,1.14523650380016,1.41221122207905
18,AIPW,1.10634376484778,0.0514168689578052,1.00556670169048,1.20712082800508
19,Tlearner,1.03469059376591,0.059751984450074,0.917578856238963,1.15180233129285
19,Rlearner,1.07302566592606,0.0568167306231416,0.96166692018539,1.18438441166673
19,intercept,1.26780960283173,0.0775708798301623,1.11577067836461,1.41984852729885
19,AIPW,1.08197092021178,0.0433283890177499,0.997047277736989,1.16689456268657
20,Tlearner,1.04344478471669,0.0649234440881934,0.91619717255153,1.17069239688185
20,Rlearner,1.0521416418648,0.0627142137200287,0.929224041654796,1.1750592420748
20,intercept,1.15659708301789,0.0811013459731939,0.997638444910427,1.31555572112535
20,AIPW,0.9933109416198,0.0605956991901049,0.874543371207195,1.11207851203241
21,Tlearner,1.01537543460638,0.0619017180325479,0.894050296681432,1.13670057253133
21,Rlearner,1.03259142353375,0.0617562313050272,0.911551434354977,1.15363141271253
21,intercept,1.13480516252858,0.0818142270521601,0.974449277506345,1.29516104755081
21,AIPW,1.03543328184565,0.0622334491577269,0.913455721496508,1.1574108421948
22,Tlearner,0.890003336491209,0.0624229833436099,0.76765653733019,1.01235013565223
22,Rlearner,0.910934095796075,0.0631253196850205,0.787210742700858,1.03465744889129
22,intercept,1.12663817297893,0.0767170601492111,0.976272735086477,1.27700361087139
22,AIPW,0.947051802594943,0.0505771704380669,0.847920548536332,1.04618305665355
23,Tlearner,0.83440267968829,0.0634726196094205,0.709998631249415,0.958806728127164
23,Rlearner,0.840942946581069,0.0614758469584112,0.720452500623487,0.961433392538651
23,intercept,1.09528312706379,0.080521055224506,0.937461858823762,1.25310439530383
23,AIPW,0.684772543465334,0.146281080042185,0.398061626582651,0.971483460348016
24,Tlearner,0.96469154633429,0.0618301324861792,0.843506713502039,1.08587637916654
24,Rlearner,0.941470316780509,0.0608870640627356,0.822133864093164,1.06080676946785
24,intercept,1.2194699064258,0.0762037755284666,1.07011050639,1.36882930646159
24,AIPW,0.976253114676152,0.048453589187336,0.881284079868974,1.07122214948333
25,Tlearner,0.872783836168844,0.0667477388266773,0.741960672019071,1.00360700031862
25,Rlearner,0.884957068343746,0.0622546598762738,0.762940177116458,1.00697395957103
25,intercept,1.01189145322089,0.0829062998711529,0.849395105473427,1.17438780096835
25,AIPW,0.915305193950694,0.0584543193892252,0.800734727947813,1.02987565995358
26,Tlearner,1.08849465985412,0.0656886879541204,0.959747197272359,1.21724212243589
26,Rlearner,1.13026489791342,0.0595752380954687,1.0134995768759,1.24703021895093
26,intercept,1.22802917114295,0.0797356042142845,1.07174738688296,1.38431095540295
26,AIPW,1.10141017399564,0.0478840094855413,1.00755751540398,1.1952628325873
27,Tlearner,0.985320933550033,0.0594771475501837,0.868747866448498,1.10189400065157
27,Rlearner,1.03377959445927,0.0611739093308601,0.913880935377261,1.15367825354127
27,intercept,1.06552185622342,0.0779651273414479,0.912710206634181,1.21833350581266
27,AIPW,1.04351472283229,0.0567082588321878,0.932366535521207,1.15466291014338
28,Tlearner,1.05276866509919,0.0612100635817103,0.932799144987629,1.17273818521075
28,Rlearner,1.07157804463666,0.0607076367425242,0.952593263034776,1.19056282623855
28,intercept,1.28112591582367,0.083939700968307,1.11660410192578,1.44564772972155
28,AIPW,1.1196511766326,0.0541373953829183,1.01354188168208,1.22576047158312
30,Tlearner,1.03265684757813,0.0627899705510841,0.909590766707673,1.15572292844858
30,Rlearner,1.01672084950213,0.0593776073265646,0.900342877653904,1.13309882135036
30,intercept,1.14279717091682,0.0813718524834621,0.983308340049233,1.3022860017844
30,AIPW,1.03977191708839,0.0527092079357253,0.93646186953437,1.14308196464241
32,Tlearner,1.01473047361388,0.0582556103988515,0.900551575334733,1.12890937189302
32,Rlearner,1.01769548074007,0.0593055138875065,0.901458809435917,1.13393215204422
32,intercept,1.1684591826985,0.0812385671500346,1.00923159108443,1.32768677431257
32,AIPW,0.966032508561471,0.071333618579022,0.826218616146588,1.10584640097635
33,Tlearner,0.940590391138083,0.0665230015680152,0.810207703921272,1.07097307835489
33,Rlearner,0.99246761611058,0.066554706228612,0.862022788900857,1.1229124433203
33,intercept,1.25120458024579,0.0923031892949434,1.0702903292277,1.43211883126388
33,AIPW,0.962098980943473,0.0666426594479544,0.831479368425482,1.09271859346146
34,Tlearner,0.997472653029851,0.0614564545340276,0.877020215525634,1.11792509053407
34,Rlearner,1.06329401631314,0.0631348257604959,0.939552031652357,1.18703600097392
34,intercept,1.20987378130041,0.0855767365564,1.04214337764987,1.37760418495095
34,AIPW,1.12137995322477,0.0776262409669787,0.969232520929492,1.27352738552005
35,Tlearner,0.986205500153187,0.0592137847818587,0.870148614592438,1.10226238571394
35,Rlearner,1.0285544359134,0.0586026127325843,0.913695425557588,1.14341344626922
35,intercept,1.17067663822229,0.0760606430063235,1.0215977779299,1.31975549851468
35,AIPW,1.12521730366913,0.0696555128247139,0.988692498532694,1.26174210880557
37,Tlearner,0.898486040116627,0.0633315929760121,0.774358398800094,1.02261368143316
37,Rlearner,0.997865462603147,0.0583579949323543,0.883485894325762,1.11224503088053
37,intercept,1.26388224255202,0.085341875283441,1.09661216699648,1.43115231810757
37,AIPW,0.963659175009002,0.0491978774485021,0.867231335209938,1.06008701480807
38,Tlearner,0.999399989054279,0.0613187431158436,0.879217460969962,1.1195825171386
38,Rlearner,1.02533155105542,0.0588683685425496,0.909951668883391,1.14071143322745
38,intercept,1.16706542133868,0.0740739025399406,1.0218805723604,1.31225027031697
38,AIPW,1.03797274728643,0.0491546530336909,0.941629627340394,1.13431586723246
39,Tlearner,1.11652679828561,0.0683760476959538,0.982512207396352,1.25054138917488
39,Rlearner,1.10718945185895,0.0592782097460871,0.991006295688609,1.22337260802929
39,intercept,1.36429484036459,0.0829494641440016,1.20171389064235,1.52687579008683
39,AIPW,1.09780176323438,0.0453017182185694,1.00901039552598,1.18659313094277
40,Tlearner,1.0650702671557,0.0616930577579523,0.944154095853965,1.18598643845744
40,Rlearner,1.07948484200542,0.0574677275815722,0.96685016567218,1.19211951833866
40,intercept,1.18509128735665,0.0743631021821678,1.0393396070796,1.3308429676337
40,AIPW,1.0481305405093,0.0504142832387441,0.949318545361362,1.14694253565724
41,Tlearner,0.959450690953352,0.0610918469907829,0.839712871102386,1.07918851080432
41,Rlearner,0.958386069607522,0.0624177167352483,0.836049592809212,1.08072254640583
41,intercept,1.02825628764483,0.0825124212646613,0.866531941966091,1.18998063332356
41,AIPW,1.02109649653434,0.0584103521712945,0.906612206278601,1.13558078679008
42,Tlearner,0.900897778209578,0.0633810873544999,0.776673129693771,1.02512242672538
42,Rlearner,0.927987267624338,0.0574402178289165,0.815406509415527,1.04056802583315
42,intercept,1.16316864984938,0.0883835103913079,0.989936969482413,1.33640033021634
42,AIPW,0.946832531043694,0.0495422851357888,0.849729652177548,1.04393540990984
43,Tlearner,0.98847337764897,0.0612406844180941,0.868443841800922,1.10850291349702
43,Rlearner,0.958637607297944,0.058859527539022,0.843275053174418,1.07400016142147
43,intercept,1.13909135805315,0.0762305171412363,0.989679544456326,1.28850317164997
43,AIPW,0.949441495972217,0.0538722203393466,0.843851944107098,1.05503104783734
44,Tlearner,1.07370263657185,0.0639734266622506,0.948317024346228,1.19908824879748
44,Rlearner,1.07268550331291,0.061355416063145,0.952431097572678,1.19293990905315
44,intercept,1.16844589462379,0.0804376276618896,1.01078814440649,1.3261036448411
44,AIPW,1.07382064074757,0.0608228057376518,0.954607941501769,1.19303333999336
47,Tlearner,1.07804297449075,0.0602953376316032,0.959866284297123,1.19621966468437
47,Rlearner,1.076922370886,0.060613055713993,0.958122964693653,1.19572177707835
47,intercept,1.2928819067837,0.0849466559149297,1.12638646119044,1.45937735237696
47,AIPW,1.07377755454028,0.0520181922225306,0.971821897784116,1.17573321129644
48,Tlearner,0.871793782657472,0.061477296786099,0.751300495089838,0.992287070225106
48,Rlearner,0.910002082736622,0.0634416780808879,0.785658678579297,1.03434548689395
48,intercept,1.09929481148212,0.0919047564812683,0.919161488778837,1.27942813418541
48,AIPW,1.02269483408857,0.111176276961079,0.804789331244854,1.24060033693228
49,Tlearner,1.09074609310365,0.0578226549200594,0.977415771969845,1.20407641423745
49,Rlearner,1.1350284768173,0.0568948061342265,1.02351670588683,1.24654024774778
49,intercept,1.32144217312645,0.0762446712939213,1.17200261739037,1.47088172886254
49,AIPW,1.1389766655813,0.0491418548001737,1.04265863017296,1.23529470098964
50,Tlearner,1.01970015621346,0.0637844246387346,0.894684981146929,1.14471533127999
50,Rlearner,1.03483460449024,0.0628657582046235,0.911619982548379,1.15804922643211
50,intercept,1.11467947059071,0.0893234408880116,0.939605526450207,1.28975341473121
50,AIPW,0.9542797123869,0.0849330144156453,0.787811004132235,1.12074842064156
51,Tlearner,1.00486698617367,0.0637048784184836,0.880007718833935,1.1297262535134
51,Rlearner,1.00739885555483,0.0561992779498547,0.897250294815954,1.1175474162937
51,intercept,1.22411506499602,0.0732908210945811,1.08046505565064,1.3677650743414
51,AIPW,0.958581302009211,0.0498075813476122,0.860958442567891,1.05620416145053
52,Tlearner,1.08191041403442,0.0574799479814773,0.969251786157485,1.19456904191135
52,Rlearner,1.07762638338699,0.057134065606695,0.965645672507517,1.18960709426646
52,intercept,1.25730247991212,0.0799754200456919,1.10055065662256,1.41405430320167
52,AIPW,1.09878002849552,0.0449311481496732,1.01071497812216,1.18684507886888
53,Tlearner,1.07112066814877,0.0615608544657962,0.950463610538293,1.19177772575924
53,Rlearner,1.11929217325157,0.0609342976342379,0.999863144465221,1.23872120203792
53,intercept,1.3322514831549,0.0813822477481351,1.17274227756855,1.49176068874124
53,AIPW,1.10285515648046,0.0499859852667018,1.00488262535772,1.2008276876032
54,Tlearner,0.933141649112903,0.0692459041738132,0.797422170855317,1.06886112737049
54,Rlearner,0.929090971963318,0.060452281235491,0.81060667795847,1.04757526596817
54,intercept,1.22782617468487,0.0841444261095875,1.06290309951008,1.39274924985967
54,AIPW,0.914369979724426,0.0534197150445362,0.809667338237135,1.01907262121172
55,Tlearner,1.0954622030329,0.0621815476153903,0.973588609203771,1.21733579686203
55,Rlearner,1.09476922698756,0.0572684080222209,0.982525209812058,1.20701324416305
55,intercept,1.3328851047013,0.0812520052362197,1.17363117443831,1.49213903496429
55,AIPW,1.11741117856103,0.0462981270975595,1.02666684944981,1.20815550767225
56,Tlearner,1.04545721024871,0.0577096667630389,0.932348341833351,1.15856607866408
56,Rlearner,1.07482310725255,0.0592508212274419,0.958693631592338,1.19095258291275
56,intercept,1.17236828247455,0.0787173029237652,1.01808236874397,1.32665419620513
56,AIPW,1.10199152906015,0.0458319189153564,1.01216096798605,1.19182209013424
57,Tlearner,0.964609744136845,0.0631723800856655,0.840794154351265,1.08842533392242
57,Rlearner,1.04526494924622,0.0598273845857378,0.928005430168951,1.1625244683235
57,intercept,1.1646064267221,0.0783074963571117,1.01112373386216,1.31808911958204
57,AIPW,1.10181372804112,0.0528990374942592,0.998131614552369,1.20549584152987
58,Tlearner,0.938752368082451,0.0573504250785248,0.82634760043048,1.05115713573442
58,Rlearner,0.980711270083547,0.0565029684920297,0.869967486819568,1.09145505334753
58,intercept,1.08790029491512,0.0721217410181959,0.946541682519461,1.22925890731079
58,AIPW,0.909854767216262,0.0753993786968873,0.762071984970363,1.05763754946216
59,Tlearner,1.03916245708299,0.0631571439671836,0.915376729540897,1.16294818462508
59,Rlearner,0.998589772259734,0.0625397529517788,0.876014108872215,1.12116543564725
59,intercept,1.14799747063993,0.0839798032260615,0.983397056316854,1.31259788496302
59,AIPW,0.987108911534635,0.0547360033657589,0.879826344937747,1.09439147813152
60,Tlearner,1.04415195382156,0.0641538617801164,0.918412695263372,1.16989121237975
60,Rlearner,1.0633987821719,0.0615781369460851,0.9427078515225,1.1840897128213
60,intercept,1.30344424242022,0.0844274213483704,1.13796649657741,1.46892198826302
60,AIPW,1.06398290981074,0.0487806329327534,0.968372869262541,1.15959295035893
61,Tlearner,0.959257629590424,0.0631544972621308,0.835477089494915,1.08303816968593
61,Rlearner,0.934014989325127,0.0596327616823626,0.817136924129037,1.05089305452122
61,intercept,1.07091449734363,0.0849588398859126,0.904395171167241,1.23743382352002
61,AIPW,0.902349102034389,0.0537071424895837,0.797083102754805,1.00761510131397
62,Tlearner,0.965945215109089,0.0575503554187178,0.853148591190923,1.07874183902726
62,Rlearner,0.963605290201282,0.0569069767421302,0.852069665317648,1.07514091508492
62,intercept,1.09847135150952,0.0722276392027744,0.956905178672086,1.24003752434696
62,AIPW,0.977383124748582,0.0471857496393452,0.884899055455465,1.0698671940417
63,Tlearner,0.949569200979227,0.0587153505838919,0.834489228495156,1.0646491734633
63,Rlearner,0.952526425720861,0.0569091017848324,0.840986635830065,1.06406621561166
63,intercept,1.20967885345709,0.0728468023297208,1.06689912089084,1.35245858602334
63,AIPW,0.966717868739884,0.0477476595775795,0.873132455967828,1.06030328151194
64,Tlearner,1.06999009110723,0.0619056727579656,0.948657202062891,1.19132298015156
64,Rlearner,1.01288231807775,0.061525003247833,0.892295527563284,1.13346910859221
64,intercept,1.20367277857709,0.091344752500305,1.02463706367649,1.38270849347769
64,AIPW,1.00367739247994,0.0516953384581854,0.902354529101901,1.10500025585799
65,Tlearner,1.1121052179236,0.0615793533545011,0.991411903157517,1.23279853268969
65,Rlearner,1.05524744676152,0.0614747738240006,0.934759104108729,1.1757357894143
65,intercept,1.18997753981782,0.0855033648156892,1.02239094477907,1.35756413485657
65,AIPW,1.10129555272934,0.0477911296493733,1.00762493861657,1.19496616684211
66,Tlearner,1.04209372126361,0.0587737067989764,0.926899372699701,1.15728806982752
66,Rlearner,1.10591501649679,0.0570758055799327,0.994048493171512,1.21778153982207
66,intercept,1.29664208424894,0.0745726082383439,1.15047977210178,1.44280439639609
66,AIPW,1.1090729311906,0.0447343219834713,1.021393660103,1.19675220227821
67,Tlearner,1.04390698327071,0.0615579208433859,0.923255675454501,1.16455829108691
67,Rlearner,1.04864144691585,0.0601347220056991,0.930779557564353,1.16650333626735
67,intercept,1.2036519684943,0.0777687550075048,1.05122520867959,1.35607872830901
67,AIPW,1.05788963343853,0.0505528809867461,0.958805986704506,1.15697328017255
68,Tlearner,0.956482517975426,0.0648360814304051,0.829406133473126,1.08355890247773
68,Rlearner,0.995595722596562,0.0624265374692015,0.873241957477387,1.11794948771574
68,intercept,1.28388117633067,0.085017763052563,1.11724636074765,1.4505159919137
68,AIPW,1.0178609110872,0.0493646055261261,0.921106284255991,1.11461553791841
69,Tlearner,0.923940144142356,0.0606706144883784,0.80502792482522,1.04285236345949
69,Rlearner,0.978301683964735,0.058389933841502,0.863859516575714,1.09274385135376
69,intercept,1.0718056398905,0.0770651517133355,0.920757942532363,1.22285333724864
69,AIPW,0.979306866075947,0.0439947067260502,0.893077240892888,1.065536491259
70,Tlearner,0.937563440817723,0.0647866267561135,0.810583985695902,1.06454289593954
70,Rlearner,0.913460106922461,0.0606142959506021,0.794658269911029,1.03226194393389
70,intercept,1.04215956975503,0.0888040613369235,0.868103609534665,1.2162155299754
70,AIPW,0.839912920735746,0.129829836219705,0.585446441745124,1.09437939972637
71,Tlearner,1.02271088324993,0.0640972682460584,0.897082545980257,1.14833922051961
71,Rlearner,1.00027662415922,0.0627621133813759,0.877265142338105,1.12328810598034
71,intercept,1.20003388629795,0.0928857154545893,1.01797788400696,1.38208988858894
71,AIPW,1.02329120601529,0.0670518322232244,0.89186961485777,1.15471279717281
72,Tlearner,1.06999358910143,0.0577163597958193,0.956871602582866,1.18311557561999
72,Rlearner,1.07969127084953,0.0551374527095995,0.971623849339432,1.18775869235962
72,intercept,1.27271285525506,0.0714969633760126,1.13257880703807,1.41284690347204
72,AIPW,1.11909009215194,0.0441039050860629,1.03264643818326,1.20553374612063
73,Tlearner,0.920929079257785,0.05820047145505,0.806858251322635,1.03499990719293
73,Rlearner,0.929295915373493,0.0566809069519118,0.81820337913668,1.04038845161031
73,intercept,1.05623518126105,0.0751531342287489,0.908935038172699,1.20353532434939
73,AIPW,0.961042486328775,0.0526707871274103,0.857807743559051,1.0642772290985
74,Tlearner,0.970335228309763,0.0612054943543002,0.850374663719366,1.09029579290016
74,Rlearner,1.0041476413429,0.0604650210574801,0.88563837774578,1.12265690494001
74,intercept,1.1267498406724,0.0841591227655783,0.961797960051862,1.29170172129293
74,AIPW,0.983586068396863,0.0459915152314424,0.893442698543235,1.07372943825049
76,Tlearner,0.958005804900674,0.065144377703011,0.830325170807498,1.08568643899385
76,Rlearner,0.927075869355707,0.0576459954836624,0.81409179435477,1.04005994435664
76,intercept,1.10782981946852,0.0792177225430356,0.952563083284173,1.26309655565287
76,AIPW,0.973200502888702,0.0455167579472254,0.883987657312141,1.06241334846526
77,Tlearner,1.10275747511978,0.0622344684884847,0.980780158285359,1.2247347919542
77,Rlearner,1.05392112015792,0.0622928524937072,0.931829372775989,1.17601286753985
77,intercept,1.25199315388384,0.0886905512264743,1.07815967347995,1.42582663428773
77,AIPW,1.0810217663321,0.0505859260059389,0.981873351360462,1.18017018130374
78,Tlearner,0.950590575071566,0.0644637018933891,0.824244041050397,1.07693710909274
78,Rlearner,0.970902124098893,0.0616062177597513,0.850156156066048,1.09164809213174
78,intercept,1.22360720165194,0.079474814165091,1.06783656588836,1.37937783741552
78,AIPW,0.970182233886427,0.0481453611433356,0.875817326045489,1.06454714172736
79,Tlearner,0.983545056730924,0.0642620309411477,0.857593790512876,1.10949632294897
79,Rlearner,0.946694603230114,0.0612438885131545,0.826658787471145,1.06673041898908
79,intercept,1.02418497787206,0.0815863292823691,0.864275772478619,1.18409418326551
79,AIPW,0.925736506856724,0.0485935756903257,0.830493098503686,1.02097991520976
80,Tlearner,0.998310285374429,0.0607327861424754,0.879276211854404,1.11734435889445
80,Rlearner,1.01084278165401,0.0603675884088898,0.892524482539043,1.12916108076897
80,intercept,1.14171966415594,0.0752124097111604,0.994303341122065,1.28913598718981
80,AIPW,1.0156399207583,0.0449288991868374,0.927579278352098,1.1037005631645
81,Tlearner,0.925982048195396,0.062997152071629,0.802509899006411,1.04945419738438
81,Rlearner,0.96862274302647,0.0602266791066992,0.850580621068888,1.08666486498405
81,intercept,1.12122393409876,0.0765123733954409,0.971259682243695,1.27118818595382
81,AIPW,1.06527236990854,0.0986480887178811,0.871922116021494,1.25862262379559
82,Tlearner,1.13730912702051,0.066742040682127,1.00649713102884,1.26812112301219
82,Rlearner,1.07241041416656,0.0566481180161988,0.961382143062832,1.18343868527028
82,intercept,1.20718257603848,0.072269836694981,1.06553369611632,1.34883145596065
82,AIPW,1.02982001293424,0.0535883527347396,0.92478684157415,1.13485318429433
83,Tlearner,0.772640123160171,0.0941416305237041,0.588125917887834,0.957154328432507
83,Rlearner,1.01432430225653,0.055488399328834,0.905569038012237,1.12307956650082
83,intercept,1.18243169441508,0.066244374564371,1.05259272026892,1.31227066856125
83,AIPW,0.984726123940547,0.0473604409982015,0.891899659584072,1.07755258829702
84,Tlearner,1.00372721312976,0.0641869966680939,0.877923011384503,1.12953141487502
84,Rlearner,1.04254432509363,0.0605168551155759,0.923933468609475,1.16115518157779
84,intercept,1.26953828469344,0.0840914113681851,1.1047191184118,1.43435745097508
84,AIPW,1.04855362639737,0.0527261875117893,0.945210298874261,1.15189695392048
85,Tlearner,1.04191421098085,0.0656037217371087,0.913333279124332,1.17049514283737
85,Rlearner,1.04907541252812,0.0590126556943002,0.933412732735232,1.16473809232101
85,intercept,1.29366429242317,0.089407675979183,1.11842524750397,1.46890333734236
85,AIPW,1.07303721379111,0.0496704988779874,0.975683035990256,1.17039139159197
86,Tlearner,1.03877855814409,0.0643910045707174,0.912574508257134,1.16498260803105
86,Rlearner,1.02975205814122,0.0605608474688971,0.911054978228955,1.14844913805348
86,intercept,1.20535247734597,0.0876274985482326,1.03360258019143,1.3771023745005
86,AIPW,0.995487487334188,0.0440453855256907,0.909158531703834,1.08181644296454
87,Tlearner,1.03867255134005,0.063477153485802,0.914259616666758,1.16308548601334
87,Rlearner,1.00582527891012,0.0607923905436701,0.886674382910431,1.1249761749098
87,intercept,1.16202822780327,0.0823526622305389,1.00061700983141,1.32343944577513
87,AIPW,0.989358173263893,0.0659269453641973,0.860141360350066,1.11857498617772
88,Tlearner,1.88645294233672,0.429788338654287,1.04408327759901,2.72882260707442
88,Rlearner,1.08469468234177,0.0590635119734898,0.968932326073281,1.20045703861026
88,intercept,1.27283533307346,0.0744869671958307,1.12684087736963,1.41882978877729
88,AIPW,1.06066500263852,0.0701386157545697,0.923193315759564,1.19813668951748
89,Tlearner,0.966424832985281,0.0590542662775799,0.850680597947787,1.08216906802278
89,Rlearner,0.950575638232374,0.0546707520229043,0.843422933259762,1.05772834320499
89,intercept,1.08326962847784,0.0791488694682779,0.928137844320014,1.23840141263566
89,AIPW,0.916077442333905,0.0550782267439375,0.808124117915788,1.02403076675202
90,Tlearner,1.04359240784246,0.0597461421032225,0.926492121104936,1.16069269457999
90,Rlearner,0.989514595098347,0.0572876963829907,0.87723277343042,1.10179641676627
90,intercept,1.08515398944782,0.0708693748788006,0.946250014685375,1.22405796421027
90,AIPW,0.987373418603416,0.0531620912316329,0.883175719789415,1.09157111741742
91,Tlearner,0.945168906462324,0.0680967997702909,0.811701631450119,1.07863618147453
91,Rlearner,1.03296138863073,0.0606305999972971,0.914127596274971,1.15179518098648
91,intercept,1.1554676069315,0.0771016970888152,1.00434828063743,1.30658693322558
91,AIPW,0.994468043770708,0.0525357086957432,0.891498054727051,1.09743803281436
92,Tlearner,1.09960642936607,0.0601671386363565,0.981681004585987,1.21753185414616
92,Rlearner,1.15442913774532,0.0568305463295584,1.04304331371765,1.26581496177299
92,intercept,1.32583018326668,0.0726285757773555,1.18347817474306,1.4681821917903
92,AIPW,0.916207247943906,0.289256146551387,0.349265200703188,1.48314929518462
93,Tlearner,1.11823221605164,0.0642014232977572,0.992399738631821,1.24406469347145
93,Rlearner,1.18557529556715,0.0602346878746062,1.06751747671291,1.30363311442139
93,intercept,1.35789120477734,0.0760290577651007,1.20887425155774,1.50690815799694
93,AIPW,1.26322090725916,0.0581600626168913,1.14922718453005,1.37721462998827
94,Tlearner,1.10545962997667,0.0610500315716749,0.98580376684115,1.22511549311218
94,Rlearner,1.0730572976481,0.059912946603049,0.955630080098453,1.19048451519775
94,intercept,1.26003628763469,0.0882743994181251,1.08701846477516,1.43305411049421
94,AIPW,1.10809577794709,0.0495686912891817,1.0109411430203,1.20525041287389
95,Tlearner,1.02751735822574,0.0630604474804658,0.903921152315045,1.15111356413643
95,Rlearner,1.06397060105168,0.0577428056714462,0.950796781569347,1.17714442053401
95,intercept,1.14099993848388,0.0774281703276334,0.989240724641716,1.29275915232604
95,AIPW,1.01957019582626,0.0475916011801495,0.926290657513166,1.11284973413935
96,Tlearner,1.0011715507646,0.0612373115919582,0.881148625534305,1.1211944759949
96,Rlearner,1.03048741393061,0.0606635295795722,0.911589080779571,1.14938574708165
96,intercept,1.1672867109812,0.081540933937794,1.00746648046312,1.32710694149928
96,AIPW,1.00606648319406,0.0503948012623112,0.907292672719935,1.10484029366819
97,Tlearner,0.943293473138984,0.0603716829412482,0.824967148888067,1.0616197973899
97,Rlearner,0.997858811785425,0.0604633075306634,0.879352906639155,1.11636471693169
97,intercept,1.08059434892244,0.0819940242247831,0.919886061441869,1.24130263640302
97,AIPW,0.986306328602833,0.0450173227726799,0.89807237596838,1.07454028123729
98,Tlearner,0.953857837430536,0.0625837530274963,0.831195935479294,1.07651973938178
98,Rlearner,0.946625291572507,0.0616180123332736,0.825856206600346,1.06739437654467
98,intercept,1.0528479902291,0.080166769891421,0.895721121241916,1.20997485921629
98,AIPW,0.959495891159454,0.0506973970341553,0.86012899297251,1.0588627893464
99,Tlearner,1.0650237943764,0.0607896795379341,0.94587821185032,1.18416937690248
99,Rlearner,1.04496488143244,0.0606834927919292,0.926027421104168,1.16390234176072
99,intercept,1.22065896512231,0.0828838329011904,1.05820665263597,1.38311127760864
99,AIPW,1.02889717981838,0.055254173838663,0.920598999094605,1.13719536054216
100,Tlearner,0.959979603444687,0.0633106710743941,0.835892968301813,1.08406623858756
100,Rlearner,0.988097179552388,0.0565950114044558,0.877172995495021,1.09902136360975
100,intercept,1.12068563486926,0.0669433632083179,0.989476642980961,1.25189462675757
100,AIPW,0.967941580230402,0.050654568944185,0.8686586250998,1.067224535361
101,Tlearner,1.00318445979052,0.0623004361569144,0.881077848701833,1.12529107087921
101,Rlearner,0.996472848886539,0.0605612718223929,0.877774937256709,1.11517076051637
101,intercept,1.18438921801514,0.0822897209454741,1.02310136496201,1.34567707106827
101,AIPW,0.946097308336823,0.0910812319939729,0.767578093628636,1.12461652304501
102,Tlearner,1.08025841210507,0.0620558572536167,0.958631166858226,1.20188565735192
102,Rlearner,1.11920076000564,0.0579342013171844,1.00565181195087,1.23274970806042
102,intercept,1.18888887575302,0.0738978972273742,1.04404899718737,1.33372875431867
102,AIPW,1.12217815133157,0.043682301875675,1.03656083965525,1.20779546300789
103,Tlearner,0.890521607435562,0.0611019159914178,0.770764052705991,1.01027916216513
103,Rlearner,0.907712864995257,0.0620918859794243,0.786015004743418,1.0294107252471
103,intercept,1.02406363463812,0.0780944029793222,0.870998604798645,1.17712866447759
103,AIPW,0.97753329915714,0.0768882232872741,0.826832381514082,1.1282342168002
104,Tlearner,0.911124362663527,0.148754479291732,0.619570940712723,1.20267778461433
104,Rlearner,0.933194835101785,0.055454199574374,0.824506601144516,1.04188306905905
104,intercept,1.10795467589491,0.0732492921074914,0.964386063364224,1.25152328842559
104,AIPW,0.903154183774052,0.0482964154992921,0.808493209395439,0.997815158152664
105,Tlearner,1.04795270318896,0.0613621164194042,0.927685164991773,1.16822024138615
105,Rlearner,1.06091309235505,0.0576972983797441,0.947828465525494,1.17399771918461
105,intercept,1.21125255576311,0.0843896171661238,1.04584890611751,1.37665620540871
105,AIPW,1.03531611838643,0.0525109356911139,0.932394684431842,1.13823755234101
106,Tlearner,0.938457807760875,0.0615401335693795,0.817841362361107,1.05907425316064
106,Rlearner,1.01187949317444,0.0594144111576507,0.895429387142788,1.12832959920609
106,intercept,1.22801290095063,0.0797251079168031,1.0717516894337,1.38427411246757
106,AIPW,0.950811294042137,0.05749541780834,0.838120275137791,1.06350231294648
107,Tlearner,1.04969783549762,0.0603570864018018,0.931400119938312,1.16799555105692
107,Rlearner,1.00211228904763,0.0550866557477272,0.894144427753325,1.11008015034193
107,intercept,1.15332251877864,0.0751506387797298,1.00602726677037,1.30061777078691
107,AIPW,0.985856969740107,0.0714537730654538,0.845807574531817,1.1259063649484
108,Tlearner,1.00181896524743,0.0686579604478047,0.867251835517756,1.1363860949771
108,Rlearner,0.986004021531627,0.0605357208708297,0.867356188846631,1.10465185421662
108,intercept,1.09501818383497,0.0789976680559548,0.940182754445295,1.24985361322464
108,AIPW,1.05198820645415,0.0758274679306342,0.903366369310103,1.20061004359819
109,Tlearner,0.889536024479626,0.0610174888108284,0.769943943983327,1.00912810497593
109,Rlearner,0.933331932966157,0.060172149936002,0.815396686219249,1.05126717971307
109,intercept,1.16518521707965,0.0822764746940406,1.00392332667933,1.32644710747997
109,AIPW,0.927019477081256,0.0633553566947544,0.802842977959537,1.05119597620297
111,Tlearner,0.917063248286268,0.062435786560245,0.794691355281758,1.03943514129078
111,Rlearner,0.89444629952213,0.0540679327082319,0.78847509869546,1.0004175003488
111,intercept,1.16286064418486,0.0726853188149316,1.0203974193076,1.30532386906213
111,AIPW,0.919096393467562,0.0433097979819425,0.834209189422955,1.00398359751217
112,Tlearner,1.05409396399088,0.0608496802697733,0.934830782191343,1.17335714579041
112,Rlearner,1.07226247681222,0.0592760519635749,0.956083549817892,1.18844140380656
112,intercept,1.22424259599882,0.0769990115332514,1.07332453339364,1.37516065860399
112,AIPW,1.07641677983467,0.0415597346913565,0.994959699839613,1.15787385982973
113,Tlearner,0.965869151419746,0.0641026492474138,0.840230267581211,1.09150803525828
113,Rlearner,1.00938482156987,0.0614902578387968,0.888866130805745,1.12990351233399
113,intercept,1.15338399426856,0.0827829460348458,0.991129420040257,1.31563856849685
113,AIPW,1.06879995721566,0.0778862335044554,0.916142939546924,1.22145697488439
114,Tlearner,1.04337682422874,0.0596218016748705,0.926520240252601,1.16023340820487
114,Rlearner,1.08047480262338,0.0535799497069411,0.975460030904313,1.18548957434246
114,intercept,1.25699257887666,0.0802996705677134,1.09960522456394,1.41437993318938
114,AIPW,1.35157032014042,0.29937782245217,0.764789788134166,1.93835085214667
115,Tlearner,0.954722144061254,0.0602454845903207,0.836643164033063,1.07280112408945
115,Rlearner,0.991407110301296,0.0612039586834542,0.871449555570448,1.11136466503214
115,intercept,1.11338978828276,0.0802213648370015,0.956155913202235,1.27062366336328
115,AIPW,1.00813214001727,0.075727011613575,0.859707197254664,1.15655708277988
117,Tlearner,0.9858454489283,0.0659009191360214,0.856682020873611,1.11500887698299
117,Rlearner,1.04971710041845,0.0606994544259796,0.930748355862297,1.1686858449746
117,intercept,1.25916066288476,0.07773617083375,1.10679776805061,1.41152355771891
117,AIPW,1.05798783909405,0.0505431109698399,0.958923341593161,1.15705233659493
118,Tlearner,0.979684611843183,0.0625602357358526,0.857068802936577,1.10230042074979
118,Rlearner,1.00653198099779,0.0590644796059128,0.8907677282046,1.12229623379098
118,intercept,1.14680676312144,0.0821871911149213,0.985719868536192,1.30789365770668
118,AIPW,1.0107606648292,0.0502647195328869,0.912241814544745,1.10927951511366
119,Tlearner,1.00869449068377,0.0588053538516942,0.893438115036316,1.12395086633122
119,Rlearner,0.969271115112544,0.0573438837928605,0.856879168144887,1.0816630620802
119,intercept,1.24755357986335,0.0773088056715028,1.0960283207472,1.39907883897949
119,AIPW,1.03584748298741,0.0553520927790399,0.927357381140496,1.14433758483433
120,Tlearner,1.0208372691256,0.0644536159217423,0.894510503245609,1.14716403500559
120,Rlearner,1.07410379418552,0.0573668300074449,0.961666873463701,1.18654071490735
120,intercept,1.28398474939242,0.0711475761430902,1.14453550015197,1.42343399863288
120,AIPW,1.06435213265771,0.0429373694968185,0.98019488844395,1.14850937687148
121,Tlearner,1.04078436449849,0.0583030765384577,0.926512434295228,1.15505629470175
121,Rlearner,1.07771356871486,0.0574482627117729,0.965117042825389,1.19031009460433
121,intercept,1.17394117417069,0.0822894175099544,1.01265391585118,1.3352284324902
121,AIPW,1.06480751331263,0.0464728329230889,0.973720760783373,1.15589426584188
122,Tlearner,0.954061877121716,0.0587196874054045,0.838973404623673,1.06915034961976
122,Rlearner,0.93720143324672,0.0606618638718175,0.818306364822887,1.05609650167055
122,intercept,1.10876190719572,0.082350001693979,0.947355903875518,1.27016791051592
122,AIPW,0.941640938666111,0.0811703945625782,0.782546965323458,1.10073491200876
123,Tlearner,0.885218757241597,0.0619082105356882,0.763880894244325,1.00655662023887
123,Rlearner,0.953349991139082,0.0594473047959433,0.836835414761058,1.06986456751711
123,intercept,1.09908913447227,0.0847441521248086,0.932990596307646,1.2651876726369
123,AIPW,0.955116363634559,0.0622751088520271,0.833057150284586,1.07717557698453
124,Tlearner,1.08204234208851,0.057610920147221,0.969127013483746,1.19495767069328
124,Rlearner,1.12790073241726,0.0543468385483633,1.02138288618885,1.23441857864566
124,intercept,1.30853389483738,0.0685142089060078,1.1742460453816,1.44282174429315
124,AIPW,1.12266858429757,0.0594019006728221,1.00624085897884,1.2390963096163
125,Tlearner,0.936310150889053,0.0637185537583823,0.811424080375644,1.06119622140246
125,Rlearner,0.943800658258434,0.0571967806997013,0.831697028055383,1.05590428846148
125,intercept,1.13972435030706,0.0790533401642306,0.984779803585164,1.29466889702895
125,AIPW,0.912883169690944,0.0599428984681127,0.795395088693443,1.03037125068844
126,Tlearner,0.965025482634755,0.0616019531459032,0.84428787309146,1.08576309217805
126,Rlearner,0.949138237285973,0.0571279498151022,0.837169513137761,1.06110696143418
126,intercept,1.09063351294874,0.0790389228407098,0.935717224180949,1.24554980171653
126,AIPW,0.970970395824437,0.0449086084985943,0.882949523167192,1.05899126848168
127,Tlearner,0.968684629052134,0.0612016788855109,0.848731542643147,1.08863771546112
127,Rlearner,0.917692551197412,0.0618797634996469,0.796410443366248,1.03897465902858
127,intercept,1.09219643675966,0.0821866721173235,0.931110559409707,1.25328231410961
127,AIPW,0.924277339158958,0.0529316355894756,0.820531333403586,1.02802334491433
128,Tlearner,0.949226479781116,0.0593829793434495,0.832837978973269,1.06561498058896
128,Rlearner,0.941012014616511,0.0586911385098531,0.825979496925547,1.05604453230747
128,intercept,1.07146025374386,0.0794774649507856,0.915684422440318,1.2272360850474
128,AIPW,0.953889706406558,0.0550604862552082,0.84597115334635,1.06180825946677
129,Tlearner,0.990051408794019,0.0616715871738033,0.869177319063942,1.1109254985241
129,Rlearner,1.04223610543016,0.0552715337812329,0.933905889848654,1.15056632101167
129,intercept,1.20617865017341,0.0735592900310565,1.06200244171254,1.35035485863428
129,AIPW,1.04193293756391,0.047008924846734,0.94979544486431,1.13407043026351
130,Tlearner,0.999680425899525,0.0660196412797742,0.870284306718914,1.12907654508014
130,Rlearner,1.01770133255679,0.0609978158222812,0.898147810409507,1.13725485470406
130,intercept,1.19054592607874,0.0811397978902374,1.03151192221388,1.34957992994361
130,AIPW,1.03941016320197,0.0629577679381391,0.916012938043213,1.16280738836072
131,Tlearner,0.946390007052066,0.0597968029549098,0.829190426869805,1.06358958723433
131,Rlearner,0.945578484865927,0.0599558473823885,0.828067183333865,1.06308978639799
131,intercept,1.09720821293865,0.0775716748192005,0.945167730293013,1.24924869558428
131,AIPW,0.957956061787336,0.0557672757568878,0.848652201303836,1.06725992227084
132,Tlearner,0.98467676070993,0.0582190120569544,0.870569593862796,1.09878392755706
132,Rlearner,0.961392791404561,0.0563928395172407,0.850864856964822,1.0719207258443
132,intercept,1.13774667504374,0.0730648127034443,0.994539642144994,1.2809537079425
132,AIPW,1.01023574940444,0.045809788384912,0.920448564170009,1.10002293463886
133,Tlearner,0.942563381454152,0.0618453992099957,0.821348626393059,1.06377813651525
133,Rlearner,0.972369537952911,0.0634622203544539,0.847985871679236,1.09675320422659
133,intercept,1.07716973772213,0.0829489321414978,0.914589830724797,1.23974964471947
133,AIPW,0.971119851999715,0.0448432932597913,0.883226997210524,1.05901270678891
134,Tlearner,1.05816152818979,0.0581431574887961,0.94420303356431,1.17212002281527
134,Rlearner,1.04882139304235,0.059726105262008,0.931760377791969,1.16588240829274
134,intercept,1.19167635370846,0.0752251124059712,1.04423513339276,1.33911757402417
134,AIPW,1.15572236065957,0.0746115293605747,1.00948376311284,1.30196095820629
135,Tlearner,0.98426286706499,0.0621264633628298,0.862497236386997,1.10602849774298
135,Rlearner,1.02606606878031,0.0637896233584436,0.901040704410385,1.15109143315023
135,intercept,1.14690137488072,0.0868403881174733,0.976694214170469,1.31710853559096
135,AIPW,0.939882378082175,0.0742001569960849,0.794450070369848,1.0853146857945
136,Tlearner,1.0175221848888,0.0643133465376102,0.891470341949835,1.14357402782776
136,Rlearner,1.02515488550978,0.0604733160434506,0.906629364038909,1.14368040698065
136,intercept,1.23913328604129,0.079060896888545,1.08417392813974,1.39409264394284
136,AIPW,1.00690520052515,0.0540854435914882,0.900897731085833,1.11291266996447
137,Tlearner,1.04157936887071,0.0593451373521997,0.925265037002811,1.1578937007386
137,Rlearner,1.10138521522888,0.058484817759838,0.986757078777213,1.21601335168055
137,intercept,1.15009898394254,0.0819040644823426,0.989567017557148,1.31063095032793
137,AIPW,1.04061105563803,0.12577324893218,0.794095487730958,1.28712662354511
138,Tlearner,1.04455277595103,0.0601450511511151,0.926670641846521,1.16243491005553
138,Rlearner,1.0890580379692,0.057990859344463,0.975398042221522,1.20271803371687
138,intercept,1.27748306010423,0.0793863256496212,1.12188586183098,1.43308025837749
138,AIPW,1.08134027161287,0.0490653263546393,0.985172231957776,1.17750831126796
139,Tlearner,1.0999641866667,0.0615740102087558,0.979281344273833,1.22064702905956
139,Rlearner,1.0886716951535,0.0625177093506721,0.966139236430241,1.21120415387676
139,intercept,1.2721082815224,0.0801728513829401,1.11496949281184,1.42924707023296
139,AIPW,1.13931044125183,0.0499038388506016,1.04149891710465,1.23712196539901
140,Tlearner,0.951749982475619,0.122222892904937,0.712197514295646,1.19130245065559
140,Rlearner,0.846855868225331,0.0603195357265516,0.728631750637112,0.965079985813549
140,intercept,1.09669962452776,0.0749456242271858,0.949806201042472,1.24359304801304
140,AIPW,0.847407622886049,0.0467933906659653,0.755692577180757,0.939122668591341
141,Tlearner,0.99190715226211,0.0628421029417641,0.868738893783494,1.11507541074073
141,Rlearner,0.979834009091865,0.0553672429764087,0.871316206934826,1.0883518112489
141,intercept,1.10789759227111,0.0723141448608412,0.966161868343857,1.24963331619835
141,AIPW,1.01424504218045,0.066844740008771,0.883229351763254,1.14526073259764
142,Tlearner,1.09809416810882,0.0580556806398111,0.984307124956834,1.21188121126081
142,Rlearner,1.06235225927552,0.0616721147935426,0.941477135429752,1.18322738312128
142,intercept,1.27073262082214,0.0765823733687711,1.12063116901935,1.42083407262493
142,AIPW,1.05103409223578,0.117752638039276,0.820238921678794,1.28182926279276
143,Tlearner,1.16841555218167,0.0638292073029224,1.0433126047062,1.29351849965714
143,Rlearner,1.1614591031508,0.0623352420270406,1.03928427381022,1.28363393249139
143,intercept,1.25559440497132,0.0799709100850811,1.09885142120456,1.41233738873808
143,AIPW,1.17119272610031,0.0468156839173521,1.0794339856223,1.26295146657832
144,Tlearner,1.00016039830763,0.0616749821051978,0.879279654634291,1.12104114198097
144,Rlearner,1.01700203754852,0.0634996696740134,0.892544971957266,1.14145910313978
144,intercept,1.09770594036006,0.0914549299335987,0.918454277690209,1.27695760302992
144,AIPW,1.0244514537566,0.0517977916615234,0.922927782100016,1.12597512541319
145,Tlearner,1.1118794817885,0.0632069605945254,0.987996115450984,1.23576284812601
145,Rlearner,1.1107315239666,0.0592422760841213,0.994618796479544,1.22684425145366
145,intercept,1.29159008106289,0.0833894089305203,1.12814683955907,1.45503332256671
145,AIPW,1.10803754925792,0.0482939424488889,1.0133814220581,1.20269367645774
146,Tlearner,0.940471962771591,0.0569803630856808,0.828792503297641,1.05215142224554
146,Rlearner,0.934124190901325,0.0558603017970035,0.82464001121366,1.04360837058899
146,intercept,1.02334738581181,0.0766429504773446,0.873127202876218,1.17356756874741
146,AIPW,0.846139602749425,0.104458475324901,0.641400991112618,1.05087821438623
147,Tlearner,1.05801509933097,0.0638145193784578,0.932940939658456,1.18308925900348
147,Rlearner,1.12381367522175,0.0609505286273597,1.00435283427344,1.24327451617005
147,intercept,1.32273273697127,0.0802420485756971,1.1654583217629,1.48000715217963
147,AIPW,1.12101128624093,0.0474419529301672,1.02802505849781,1.21399751398406
148,Tlearner,0.973106121208206,0.0606227479366046,0.854287718608611,1.0919245238078
148,Rlearner,0.967357382791083,0.0578878275630024,0.853899325624333,1.08081543995783
148,intercept,1.16970757654853,0.0772035212917629,1.01838867481668,1.32102647828039
148,AIPW,0.99171432625022,0.0515710597377633,0.890635049164204,1.09279360333624
149,Tlearner,0.933977958263017,0.0607480490350612,0.814913970023224,1.05304194650281
149,Rlearner,0.964008195849221,0.0566631299560152,0.852950501884118,1.07506588981432
149,intercept,1.13462331853937,0.0770096988536857,0.983684308786145,1.28556232829259
149,AIPW,0.940989235626197,0.0425576832912795,0.857576176375289,1.0244022948771
150,Tlearner,1.03134320910507,0.0583663522721857,0.916947260742604,1.14573915746753
150,Rlearner,1.07634442687576,0.0543506486396637,0.96981911300563,1.18286974074589
150,intercept,1.13245709696666,0.0755529643586292,0.984373286823748,1.28054090710958
150,AIPW,1.08183295226715,0.08001812024129,0.924997436594218,1.23866846794007
151,Tlearner,1.03741100753429,0.0597038935775187,0.920393526385537,1.15442848868303
151,Rlearner,1.04342979437231,0.0589895241873316,0.927812451499984,1.15904713724463
151,intercept,1.10818745680682,0.0753123002120742,0.96057534839115,1.25579956522248
151,AIPW,1.07333252667751,0.0486246613844337,0.978028190364016,1.168636862991
152,Tlearner,0.94943595438328,0.0629165107906465,0.826121859200687,1.07275004956587
152,Rlearner,0.963626936874406,0.057650591719564,0.850633853416638,1.07662002033217
152,intercept,1.05925447805256,0.0840826778628098,0.89445242944145,1.22405652666366
152,AIPW,0.896046437972322,0.0757858387194028,0.747506194082292,1.04458668186235
153,Tlearner,1.06301240051472,0.0598766033135539,0.945656414503564,1.18036838652588
153,Rlearner,1.0796117360419,0.0572304832953495,0.967442049965189,1.1917814221186
153,intercept,1.25780542298191,0.0804133338791679,1.10019528857874,1.41541555738508
153,AIPW,1.0371906498315,0.076139767605713,0.887956705324307,1.1864245943387
154,Tlearner,0.937676380865624,0.0621753670743659,0.815814900674309,1.05953786105694
154,Rlearner,1.01935473307447,0.0604557953864564,0.900863551460298,1.13784591468865
154,intercept,1.09979672660596,0.0857205151497338,0.931784516912479,1.26780893629944
154,AIPW,1.00940957310034,0.0604140289108111,0.890998076435146,1.12782106976553
155,Tlearner,0.979836558278276,0.065030113086049,0.852379878719053,1.1072932378375
155,Rlearner,0.987360300980419,0.0587576581345786,0.872197407220728,1.10252319474011
155,intercept,1.11837880912157,0.082813451552361,0.956064444078945,1.2806931741642
155,AIPW,0.937431599115268,0.0610758323030862,0.817722967801219,1.05714023042932
156,Tlearner,0.919294998950997,0.060940454578713,0.799853902775221,1.03873609512677
156,Rlearner,0.946283235388159,0.0564291809771166,0.835684072995917,1.0568823977804
156,intercept,0.988897027352462,0.0736489490532672,0.844545087208059,1.13324896749687
156,AIPW,0.894389582970295,0.0438337997431295,0.808475335473761,0.980303830466829
158,Tlearner,1.08566563996881,0.0730909210476561,0.942410067118546,1.22892121281908
158,Rlearner,1.10426295042011,0.0605803321704784,0.985527681194502,1.22299821964572
158,intercept,1.24316285375472,0.0780659885901996,1.09015351611793,1.39617219139152
158,AIPW,1.01472278488014,0.0581095663462211,0.900828034841545,1.12861753491873
159,Tlearner,0.879484999093761,0.0626632912329322,0.756667205124469,1.00230279306305
159,Rlearner,0.87256933858969,0.058329230702378,0.758246147167101,0.986892530012279
159,intercept,1.01002159963125,0.0803163184255825,0.852601615517111,1.16744158374539
159,AIPW,0.862911439291242,0.0580626029223927,0.749108737563352,0.976714141019131
160,Tlearner,1.04714336923312,0.0609078043858938,0.927766266259362,1.16652047220689
160,Rlearner,1.02705663795317,0.0610846648115305,0.907332894914867,1.14678038099147
160,intercept,1.22949625307275,0.0792654937363751,1.07413588534945,1.38485662079604
160,AIPW,0.996882343079196,0.0504803321458889,0.897940892073254,1.09582379408514
161,Tlearner,0.897067815487828,0.0611990945874288,0.777119794210008,1.01701583676565
161,Rlearner,0.927511349272143,0.063645487817677,0.802768485371014,1.05225421317327
161,intercept,1.08920136781384,0.0846153548729514,0.923355272262854,1.25504746336482
161,AIPW,0.927948931273697,0.0449421670430644,0.839862283869291,1.0160355786781
162,Tlearner,0.953861203865829,0.0642892423095938,0.827856604345656,1.079865803386
162,Rlearner,0.966055449732489,0.0577658010003333,0.852836560233728,1.07927433923125
162,intercept,1.13842557604243,0.0798472998182034,0.981924868398754,1.29492628368611
162,AIPW,1.02869311761864,0.130515975007429,0.772881806604084,1.2845044286332
163,Tlearner,0.990497668266766,0.065135398065956,0.862834633938813,1.11816070259472
163,Rlearner,1.00781073961469,0.0589816751236338,0.892208780624521,1.12341269860485
163,intercept,1.26085132339945,0.0844749645316996,1.09528039291732,1.42642225388158
163,AIPW,1.03117313840728,0.0461483550337315,0.940722362541165,1.12162391427339
165,Tlearner,0.982777244355374,0.0606903820576841,0.863826281314338,1.10172820739641
165,Rlearner,0.956841493190416,0.0576639068473178,0.8438223125618,1.06986067381903
165,intercept,1.08674716223358,0.0786915294771907,0.932511764458286,1.24098256000887
165,AIPW,0.941224739035138,0.0539641363145904,0.835455031858541,1.04699444621174
166,Tlearner,0.944603017365299,0.0587344523475619,0.829485606112394,1.0597204286182
166,Rlearner,0.962463491016352,0.057330707439719,0.8500973692263,1.0748296128064
166,intercept,1.08994253026228,0.0781358184316852,0.936796326136175,1.24308873438838
166,AIPW,0.9572207529793,0.0455137998789855,0.868013705216488,1.04642780074211
167,Tlearner,1.02203346393877,0.0589903571694196,0.906414488451558,1.13765243942599
167,Rlearner,1.03440699370376,0.0536719122472493,0.929211978717753,1.13960200868976
167,intercept,1.22067819090734,0.0712817884254154,1.08096588559352,1.36039049622115
167,AIPW,0.990808899455729,0.0523400627599322,0.888222376446262,1.0933954224652
168,Tlearner,0.923106152305689,0.0649291752907485,0.795847307189934,1.05036499742144
168,Rlearner,0.915019192933392,0.0595483247970663,0.798306620991448,1.03173176487533
168,intercept,0.994812864465842,0.0779306728022862,0.842068745773361,1.14755698315832
168,AIPW,0.838705447973053,0.0764081999107413,0.688945376148,0.988465519798106
169,Tlearner,1.01681989317098,0.0621291589524308,0.89504897923445,1.13859080710751
169,Rlearner,1.05883664337055,0.0619072775803331,0.937500608932169,1.18017267780892
169,intercept,1.29174865251301,0.0906336602623543,1.1141066783988,1.46939062662722
169,AIPW,1.09277833060525,0.0669192433467793,0.961616613645563,1.22394004756494
170,Tlearner,1.1521586176646,0.0578924863334648,1.03869142947553,1.26562580585367
170,Rlearner,1.13224882900884,0.0533020278184822,1.02777877418166,1.23671888383602
170,intercept,1.31390228258395,0.0666070141894064,1.18335253477271,1.44445203039519
170,AIPW,1.13271554754989,0.0501848160393679,1.03435330811273,1.23107778698705
171,Tlearner,0.922243811747416,0.064751764862975,0.795332684680578,1.04915493881425
171,Rlearner,0.927083575363333,0.0602069603200332,0.809080101517436,1.04508704920923
171,intercept,1.15334332768678,0.0747074438901296,1.00691673766213,1.29976991771143
171,AIPW,1.07583846255741,0.17477196418461,0.733285412755575,1.41839151235925
172,Tlearner,1.03659660350042,0.0611861834141192,0.916673887657285,1.15651931934356
172,Rlearner,1.03283037267159,0.058999115198611,0.917194231762579,1.14846651358059
172,intercept,1.16674161389312,0.0807185690421336,1.00853321857054,1.3249500092157
172,AIPW,1.05011735350021,0.0606256261900368,0.93129112616774,1.16894358083268
174,Tlearner,0.982955492086186,0.0640692773101191,0.857382016042843,1.10852896812953
174,Rlearner,0.93852866542304,0.0570331902081084,0.826745666691725,1.05031166415435
174,intercept,1.15420976235199,0.0720563883612312,1.01297924116398,1.29544028354
174,AIPW,0.962589295621032,0.0434210834536094,0.877483972051957,1.04769461919011
175,Tlearner,0.905177527852178,0.0604795204536118,0.786639845960845,1.02371520974351
175,Rlearner,0.856363068981368,0.059182744305972,0.74036702163542,0.972359116327316
175,intercept,1.15452088847873,0.0726505511074571,1.01212580830811,1.29691596864935
175,AIPW,0.906904273508318,0.0475115690913252,0.813781598089321,1.00002694892732
176,Tlearner,0.989563576701934,0.0647197946154865,0.862715110168751,1.11641204323512
176,Rlearner,0.938191497426344,0.0610754042828638,0.818485904690708,1.05789709016198
176,intercept,1.12922036690334,0.086855617794696,0.958983356025732,1.29945737778094
176,AIPW,0.944563184380542,0.0607583717832416,0.825476775685389,1.0636495930757
177,Tlearner,0.905661396655405,0.0632231204918647,0.781746357501114,1.0295764358097
177,Rlearner,0.964898937514008,0.061704500833497,0.843960338196333,1.08583753683168
177,intercept,1.13476803265716,0.0760601151875896,0.985690206889483,1.28384585842483
177,AIPW,0.903593843033187,0.0654923511286236,0.775228834821085,1.03195885124529
178,Tlearner,0.979620307890332,0.065441920843446,0.851356499958057,1.10788411582261
178,Rlearner,1.02467579115974,0.061988393620103,0.903180772204847,1.14617081011464
178,intercept,1.14998865856812,0.0775046944773458,0.998079457392526,1.30189785974372
178,AIPW,1.00293506625755,0.0451366792426459,0.91446717494196,1.09140295757313
180,Tlearner,0.989096476291445,0.0587784212205417,0.873892887631059,1.10430006495183
180,Rlearner,1.05601437988976,0.0595709694175387,0.939257425307248,1.17277133447227
180,intercept,1.17793002940273,0.0771077544831487,1.02679883061576,1.3290612281897
180,AIPW,1.03725794195294,0.0501189472621367,0.939024805319149,1.13549107858673
181,Tlearner,0.983219959449591,0.0672140100766558,0.851482920442833,1.11495699845635
181,Rlearner,1.06397290807632,0.0623546763975295,0.941759988069516,1.18618582808313
181,intercept,1.19549056263039,0.0858606940817899,1.02720360223008,1.36377752303069
181,AIPW,1.06231506749246,0.0581730992670994,0.94829579292895,1.17633434205598
182,Tlearner,1.1345650032275,0.0589940701841619,1.01893875036511,1.25019125608988
182,Rlearner,1.17869804224034,0.0575159639137333,1.06596882443331,1.29142726004736
182,intercept,1.347216468962,0.0741260561670068,1.20192939887467,1.49250353904933
182,AIPW,1.17842829799847,0.0702546291986701,1.04072922476908,1.31612737122786
183,Tlearner,1.00409915596056,0.0645083035289277,0.877665204340085,1.13053310758104
183,Rlearner,0.985567034714244,0.0578799832246322,0.872124352168183,1.09900971726031
183,intercept,1.14290326121651,0.0856979588060925,0.974935261956568,1.31087126047645
183,AIPW,0.984113046734047,0.0510539505955507,0.884047303566768,1.08417878990133
184,Tlearner,1.0354292987286,0.0592935263764394,0.9192161225144,1.15164247494279
184,Rlearner,1.0265651851921,0.0563653004477864,0.916091226336662,1.13703914404754
184,intercept,1.21916796986376,0.08234501123357,1.05777174784597,1.38056419188156
184,AIPW,1.02420983165241,0.0486370104861369,0.92888129109958,1.11953837220524
185,Tlearner,0.681901510365948,0.153012024354365,0.382003453429826,0.98179956730207
185,Rlearner,1.01576658709764,0.0582243633515783,0.901648931905773,1.12988424228951
185,intercept,1.16651817183353,0.0750625704372687,1.01939553377649,1.31364080989058
185,AIPW,1.00748042979373,0.0464710284734486,0.916397213985774,1.09856364560169
186,Tlearner,0.943795941496629,0.0616478849183491,0.822968307333595,1.06462357565966
186,Rlearner,0.916853884737387,0.0593513494760182,0.800527377330542,1.03318039214423
186,intercept,1.06695018316639,0.0810211237259039,0.90814878066362,1.22575158566916
186,AIPW,0.91975753515828,0.0596270332393927,0.80288855000907,1.03662652030749
187,Tlearner,1.02882627710093,0.0634038604462464,0.904556994145488,1.15309556005638
187,Rlearner,1.01660563537598,0.0583987320178628,0.902146223878162,1.1310650468738
187,intercept,1.16500064626162,0.0822625845069477,1.003765980628,1.32623531189524
187,AIPW,0.808244008094497,0.197446233876492,0.421249389696573,1.19523862649242
188,Tlearner,0.895745837328622,0.0617017358365111,0.774812657305455,1.01667901735179
188,Rlearner,0.9134852348599,0.0597799878487772,0.796318611680055,1.03065185803975
188,intercept,1.08193044127326,0.0790151891222739,0.927060670593606,1.23680021195292
188,AIPW,0.879413102145795,0.0625498352771453,0.756815425002591,1.002010779289
189,Tlearner,0.954677727879471,0.0543947630696605,0.848065951315347,1.0612895044436
189,Rlearner,0.949262513610291,0.0552164263689781,0.841040306572086,1.0574847206485
189,intercept,1.06194987720577,0.0743329501486423,0.916257294914435,1.20764245949711
189,AIPW,1.05221630176753,0.07985831192083,0.895694010402705,1.20873859313236
190,Tlearner,1.00497245417501,0.0623115020591619,0.882844154316459,1.12710075403356
190,Rlearner,0.942649038703889,0.0579798355230802,0.829010649249095,1.05628742815868
190,intercept,1.12122340810255,0.0839735050263631,0.956635338250883,1.28581147795423
190,AIPW,0.995904095769789,0.0581923769254414,0.881847036995924,1.10996115454365
191,Tlearner,1.13489493144982,0.0640632581140077,1.00933325281407,1.26045661008556
191,Rlearner,1.0943516168969,0.0617609016442368,0.973302474021475,1.21540075977232
191,intercept,1.39242573483399,0.082157022593346,1.23139797055104,1.55345349911695
191,AIPW,1.07495924617013,0.0602051017556687,0.956957246729017,1.19296124561124
192,Tlearner,1.12728037490383,0.0575479727997145,1.0144884208331,1.24007232897457
192,Rlearner,1.07543274261163,0.0564026118532463,0.964885654745273,1.18597983047798
192,intercept,1.27577042693151,0.0814846172788555,1.11606057706495,1.43548027679806
192,AIPW,1.13079790945501,0.0510568788768803,1.03072642685633,1.2308693920537
193,Tlearner,0.975051794804577,0.0622605003474107,0.853023456464209,1.09708013314495
193,Rlearner,1.10319480303245,0.0573980823047117,0.990696628933545,1.21569297713135
193,intercept,1.33154953729569,0.0750678196505357,1.18441661078064,1.47868246381074
193,AIPW,1.02344456527698,0.0525349775340664,0.920476009310214,1.12641312124375
195,Tlearner,1.05340106743795,0.0635009139358412,0.928941563138326,1.17786057173758
195,Rlearner,1.04727550527003,0.0675871370767035,0.914807150781517,1.17974385975854
195,intercept,1.20738050557069,0.0913574837657739,1.02831983738978,1.38644117375161
195,AIPW,1.08866452307897,0.0602905013795895,0.970495140374976,1.20683390578297
196,Tlearner,1.01414390160818,0.0644580293578567,0.887808485552351,1.140479317664
196,Rlearner,1.02120214140789,0.0610932077060819,0.901461654603949,1.14094262821184
196,intercept,1.143608169624,0.0828937500880034,0.981136419451518,1.30607991979649
196,AIPW,1.02248841658754,0.0517576346542743,0.921043452665159,1.12393338050991
197,Tlearner,0.95259320615638,0.0600782411688559,0.834842017210911,1.07034439510185
197,Rlearner,0.949774304068613,0.0584004663922364,0.835311493259488,1.06423711487774
197,intercept,1.22737012293189,0.0790374757571767,1.07245667044783,1.38228357541596
197,AIPW,0.93911420282551,0.0564421932528637,0.828487504049897,1.04974090160112
198,Tlearner,1.02017308461854,0.0664456004459835,0.889942100813274,1.15040406842381
198,Rlearner,1.04006653166389,0.0615714330257089,0.919388740456976,1.16074432287079
198,intercept,1.1901619447455,0.0808907068247985,1.03161615936889,1.3487077301221
198,AIPW,1.01382116128123,0.0461213621388837,0.923423291489021,1.10421903107344
199,Tlearner,0.88719336846162,0.0680976542383554,0.753724418722782,1.02066231820046
199,Rlearner,0.965999934328488,0.0593017419449951,0.849770655895809,1.08222921276117
199,intercept,1.18859150390007,0.0793866165263967,1.03299373550833,1.34418927229181
199,AIPW,0.977013317118773,0.047223286826248,0.884455674939327,1.06957095929822
200,Tlearner,1.01753100674683,0.0600592842319125,0.899816972715026,1.13524504077863
200,Rlearner,1.0472737561117,0.0603055413273745,0.929077067041856,1.16547044518155
200,intercept,1.21742920567657,0.0826885727823456,1.05535960302317,1.37949880832996
200,AIPW,1.07116801134253,0.047454283004773,0.978157616653176,1.16417840603189
202,Tlearner,0.994911756457375,0.0649843130099091,0.867544843397875,1.12227866951687
202,Rlearner,1.04989797588098,0.0626945112021353,0.927018991896454,1.17277695986551
202,intercept,1.33344186072566,0.0881031424248079,1.16075970157303,1.50612401987828
202,AIPW,1.03987264456953,0.0526461144687586,0.936686260210765,1.1430590289283
203,Tlearner,0.86100392861297,0.0673724012947808,0.72895644852322,0.99305140870272
203,Rlearner,0.910064627199887,0.0630341156872286,0.786520030655588,1.03360922374419
203,intercept,1.12555438880554,0.0772432054689706,0.974157706086355,1.27695107152472
203,AIPW,0.918958005445678,0.0652655262179492,0.791037574058497,1.04687843683286
204,Tlearner,0.921751949995022,0.058960068997547,0.806192338233833,1.03731156175621
204,Rlearner,0.95605214305465,0.0557455331453255,0.846792905790829,1.06531138031847
204,intercept,1.15248718112355,0.0756376882790356,1.00423731209664,1.30073705015046
204,AIPW,0.976474203058648,0.0435688916863295,0.891079175353442,1.06186923076385
205,Tlearner,0.999000905868422,0.0660591807324074,0.869527290784681,1.12847452095216
205,Rlearner,1.02822074259583,0.0596622332192649,0.911284914248844,1.14515657094282
205,intercept,1.23644292952153,0.0816091287279429,1.07648903721476,1.3963968218283
205,AIPW,1.04156149793571,0.0607267587460034,0.922537050793546,1.16058594507788
206,Tlearner,0.864306466533463,0.0631304845795689,0.740572990430947,0.988039942635979
206,Rlearner,0.843256618474339,0.0618919084847834,0.721950706909714,0.964562530038963
206,intercept,0.986681482240645,0.0780128614593995,0.833776273780222,1.13958669070107
206,AIPW,0.79079781911046,0.0542114950625917,0.684543288787781,0.89705234943314
207,Tlearner,1.02463278793341,0.0615549556519895,0.903987291785553,1.14527828408127
207,Rlearner,0.950556231684338,0.0647572993761388,0.823634257171028,1.07747820619765
207,intercept,1.19703133018326,0.0848754957575053,1.03067535849855,1.36338730186797
207,AIPW,0.981917754537467,0.0639808786155438,0.856515232451001,1.10732027662393
208,Tlearner,1.03067865096886,0.0600436031824161,0.912995351229307,1.14836195070841
208,Rlearner,1.02552097502299,0.0567017469755594,0.914387593090395,1.13665435695559
208,intercept,1.19213148817314,0.0728437764348996,1.04935768636074,1.33490528998555
208,AIPW,1.00964963249699,0.0502105300006116,0.911236993695787,1.10806227129818
209,Tlearner,1.02255713673035,0.0643967495566401,0.89634182687789,1.14877244658281
209,Rlearner,1.05102677465409,0.0599181928554926,0.933589274638604,1.16846427466959
209,intercept,1.13174769332755,0.0765765207858799,0.981657712587222,1.28183767406787
209,AIPW,0.958194450749336,0.130461453865842,0.702490001172286,1.21389890032639
210,Tlearner,1.07722246778564,0.0596780352986286,0.960255667932222,1.19418926763907
210,Rlearner,1.09930255850633,0.0557163291628428,0.990100559996376,1.20850455701628
210,intercept,1.22325341494457,0.0695521768447206,1.08693114832892,1.35957568156022
210,AIPW,1.05952459308234,0.0449200392246976,0.971481316201938,1.14756786996275
211,Tlearner,0.996480415977344,0.0594553530333186,0.879950065343926,1.11301076661076
211,Rlearner,1.06796514425473,0.0586904861616189,0.952933905142807,1.18299638336665
211,intercept,1.19300627429441,0.0783252409208256,1.03948880208959,1.34652374649923
211,AIPW,1.08374909902078,0.053922236405069,0.978061515666842,1.18943668237471
212,Tlearner,1.11157583325324,0.0647779825191349,0.984613320524573,1.23853834598191
212,Rlearner,1.09852067015002,0.0577315794554678,0.985368853646691,1.21167248665335
212,intercept,1.32716805209598,0.0742423389607025,1.181653067733,1.47268303645895
212,AIPW,1.08648937701201,0.0440092452700798,1.00023125628265,1.17274749774137
213,Tlearner,0.897769310098323,0.0695172008643329,0.761518100098193,1.03402052009845
213,Rlearner,0.94948356076516,0.0673655016436312,0.81744960374317,1.08151751778715
213,intercept,1.01337785693227,0.0937241785138446,0.829678467045139,1.19707724681941
213,AIPW,0.940716986272693,0.0528873605470108,0.837057759600551,1.04437621294483
215,Tlearner,0.91715224712733,0.0616643430013411,0.796292355714377,1.03801213854028
215,Rlearner,0.962982898351811,0.0594383546097291,0.846485864016422,1.0794799326872
215,intercept,1.07817639382972,0.0844037535672859,0.912745036837836,1.2436077508216
215,AIPW,1.01250771765026,0.0490758179288256,0.916319114509766,1.10869632079076
217,Tlearner,1.01407078869315,0.0632221899629081,0.890157573342104,1.1379840040442
217,Rlearner,1.00891179025635,0.0609722438292116,0.889408388294499,1.1284151922182
217,intercept,1.22329853888,0.0778377116251773,1.07073662409465,1.37586045366535
217,AIPW,1.02419339320409,0.0572935921472102,0.911897952595558,1.13648883381262
218,Tlearner,1.01390090197221,0.0606066469284649,0.895114056768687,1.13268774717574
218,Rlearner,1.03120638357389,0.0578418506669213,0.917838439467583,1.1445743276802
218,intercept,1.15565052975299,0.0745200136895593,1.00959130292145,1.30170975658452
218,AIPW,1.01401211859322,0.0430718959179855,0.929591202593966,1.09843303459247
219,Tlearner,1.01283716221777,0.062617990360927,0.890108156326074,1.13556616810946
219,Rlearner,0.957003623676401,0.0634359108594614,0.832671523065363,1.08133572428744
219,intercept,1.22953430296517,0.0859864023521017,1.06100095435505,1.39806765157529
219,AIPW,0.994491489670165,0.0692502524324319,0.858760994902598,1.13022198443773
220,Tlearner,1.00080467935502,0.0592308531289735,0.884714340448653,1.11689501826139
220,Rlearner,1.09165637588477,0.0602427197159791,0.973582814910714,1.20972993685883
220,intercept,1.20554261974937,0.0833687428708726,1.04213988372246,1.36894535577628
220,AIPW,1.05699601016245,0.0569247389933615,0.945423521735457,1.16856849858943
221,Tlearner,1.0167726485894,0.0595317461380743,0.900092570221995,1.13345272695681
221,Rlearner,1.04236650763746,0.0564413774885541,0.931743440522063,1.15298957475285
221,intercept,1.25626249133407,0.0852883348009905,1.08909735512413,1.42342762754401
221,AIPW,1.0417068418008,0.0514669203594381,0.940831677896302,1.1425820057053
222,Tlearner,1.02610652689762,0.0605391397131763,0.907451993404752,1.14476106039048
222,Rlearner,1.06021691526306,0.0598839016693725,0.942846624737354,1.17758720578877
222,intercept,1.12804792317876,0.0802092686075615,0.970837756707936,1.28525808964958
222,AIPW,1.0932245657234,0.0566940278251315,0.982104271186143,1.20434486026066
223,Tlearner,1.08811282384843,0.0603843874050503,0.969761599306014,1.20646404839084
223,Rlearner,1.10493681231321,0.0588794437726468,0.989535223089071,1.22033840153735
223,intercept,1.27645420595406,0.0746611338556478,1.13011838359699,1.42279002831112
223,AIPW,1.09319137582566,0.0502428338334449,0.994715421512109,1.19166733013921
224,Tlearner,1.03145247561358,0.0634488237759789,0.907095066151228,1.15580988507592
224,Rlearner,1.0735936359975,0.0666820083829924,0.942899301150035,1.20428797084496
224,intercept,1.45355301657343,0.0927158150093161,1.27183001915517,1.63527601399169
224,AIPW,1.12565830413766,0.0555530416255853,1.01677434255152,1.23454226572381
225,Tlearner,1.03470479494359,0.0602388504683059,0.91663881755562,1.15277077233157
225,Rlearner,1.06992937536846,0.0537261954964301,0.964627967169097,1.17523078356782
225,intercept,1.22632783793847,0.0721327309865676,1.0849476852048,1.36770799067214
225,AIPW,1.08431467322919,0.0502087145124235,0.985905592784837,1.18272375367354
226,Tlearner,0.862194935648993,0.0621626088816865,0.740358461055838,0.984031410242148
226,Rlearner,0.85380102306088,0.0603137507809907,0.735588243757614,0.972013802364147
226,intercept,0.984801429634409,0.0818718166119087,0.824332669075068,1.14527019019375
226,AIPW,0.84153931660876,0.0496393472988946,0.744246195902927,0.938832437314593
227,Tlearner,0.872045127483571,0.0623031493111304,0.749933198710334,0.994157056256809
227,Rlearner,0.926846098215215,0.0600710530477668,0.809108997728198,1.04458319870223
227,intercept,1.12970371979419,0.0789307846456418,0.974999381888729,1.28440805769965
227,AIPW,0.962346143751439,0.0615245240942209,0.841758076526766,1.08293421097611
229,Tlearner,0.999635630043174,0.0670013107586372,0.868315474039269,1.13095578604708
229,Rlearner,1.05026625871987,0.0624609578722538,0.927845030850379,1.17268748658936
229,intercept,1.37528740312129,0.086872413156775,1.20501747333401,1.54555733290857
229,AIPW,1.00485797860806,0.0724558947045725,0.862844424987096,1.14687153222902
231,Tlearner,1.04132222751323,0.0644125445014278,0.915075960137847,1.16756849488861
231,Rlearner,1.06449412205285,0.0594497274014731,0.947974797455237,1.18101344665046
231,intercept,1.25485489072038,0.083954642391378,1.09030379163328,1.41940598980748
231,AIPW,1.030994530637,0.0589339938494703,0.915483902692036,1.14650515858196
232,Tlearner,0.943137832044621,0.0615803245141916,0.822442613840516,1.06383305024873
232,Rlearner,0.961698987909516,0.0583016565930547,0.847429840748107,1.07596813507093
232,intercept,1.08320363808176,0.0804669211960407,0.925488472537522,1.240918803626
232,AIPW,0.986221134536594,0.0474574285058472,0.893204574665133,1.07923769440805
233,Tlearner,1.09605342700763,0.0638758028205202,0.970859153995833,1.22124770001944
233,Rlearner,1.04381784382397,0.0630161843250462,0.920308392103738,1.16732729554419
233,intercept,1.21427497270163,0.0841870361234142,1.04926838189974,1.37928156350352
233,AIPW,0.946923874689034,0.150234539515224,0.652464177239195,1.24138357213887
234,Tlearner,0.956457954731239,0.0610876853840802,0.836728291479528,1.07618761798295
234,Rlearner,0.963669665339612,0.0590576047686417,0.847918886979873,1.07942044369935
234,intercept,1.21187497377789,0.0828586865524241,1.04947194813514,1.37427799942064
234,AIPW,0.951879259046916,0.0476279992027661,0.858528380609494,1.04523013748434
235,Tlearner,0.929884263230308,0.0575692767341982,0.81705055421526,1.04271797224536
235,Rlearner,0.887162666519467,0.0589196469019571,0.771682280609814,1.00264305242912
235,intercept,1.07396765444775,0.0794033284226978,0.918337130739265,1.22959817815624
235,AIPW,0.921700703828618,0.0485703285140764,0.826502859941028,1.01689854771621
236,Tlearner,0.952624133886047,0.0615900878278722,0.831909779938759,1.07333848783334
236,Rlearner,1.02079807291953,0.0607242364963867,0.901780756397922,1.13981538944114
236,intercept,1.1838624949061,0.0843163536089398,1.01860244183258,1.34912254797962
236,AIPW,1.04165762980999,0.0464514785241511,0.950612731902652,1.13270252771732
237,Tlearner,0.884338898745859,0.0596342122291927,0.767457990530223,1.00121980696149
237,Rlearner,0.952551642524477,0.0576489269149535,0.839561822023787,1.06554146302517
237,intercept,1.12964452803227,0.0717773917305099,0.988960840240466,1.27032821582406
237,AIPW,0.855248901443982,0.141554017331738,0.577803027473775,1.13269477541419
238,Tlearner,0.970213486043702,0.0608076600983316,0.851032662266819,1.08939430982059
238,Rlearner,0.962474634460544,0.0598165455558681,0.845236359491443,1.07971290942964
238,intercept,1.30149618016365,0.0828884502424283,1.13903481768849,1.46395754263881
238,AIPW,0.96172716168145,0.0607809643309822,0.842596471592725,1.08085785177018
239,Tlearner,0.996776161743433,0.0672837555678085,0.864902424085932,1.12864989940093
239,Rlearner,1.02994198694923,0.0650229535086803,0.902499339903795,1.15738463399467
239,intercept,1.26529791742206,0.085348614051121,1.09801463388186,1.43258120096226
239,AIPW,1.03440788707808,0.0490128761527739,0.938342649818642,1.13047312433752
240,Tlearner,1.06144449816065,0.0595296441198033,0.944768539673347,1.17812045664795
240,Rlearner,1.08047922815812,0.055025220683421,0.972631777377248,1.18832667893899
240,intercept,1.23245337178589,0.0737189588866886,1.08796421236799,1.3769425312038
240,AIPW,1.14768894198619,0.0699640538596445,1.01055939642128,1.28481848755109
241,Tlearner,1.06663873915524,0.0586554952560911,0.951676080957943,1.18160139735254
241,Rlearner,1.07699140095147,0.0545748339663233,0.970026691915224,1.18395610998772
241,intercept,1.23856382088439,0.0742425849039498,1.09304835447265,1.38407928729613
241,AIPW,1.05863236761992,0.049886411243891,0.960855001581896,1.15640973365795
243,Tlearner,1.01607005000653,0.0619411391342664,0.894667648141979,1.13747245187107
243,Rlearner,1.00398726276511,0.0645402800873665,0.877490638241741,1.13048388728847
243,intercept,1.11102431036294,0.0900205478365995,0.934584036603201,1.28746458412267
243,AIPW,1.02687744262127,0.0622141332257601,0.904937741498775,1.14881714374376
244,Tlearner,1.02884047571292,0.0645375005737039,0.902349298936225,1.15533165248961
244,Rlearner,1.08705065494841,0.0591726726365817,0.971074347711731,1.20302696218509
244,intercept,1.18577361088572,0.0745497473204788,1.03965610613759,1.33189111563386
244,AIPW,1.03322168813567,0.0475086499063649,0.940104734319193,1.12633864195214
245,Tlearner,0.983099693268709,0.0626635602782401,0.860281371980304,1.10591801455711
245,Rlearner,0.9955522621677,0.0640499139482865,0.870016737616169,1.12108778671923
245,intercept,1.09228607476365,0.0905947565471109,0.914720351931312,1.26985179759599
245,AIPW,1.00817792028415,0.0448668478708212,0.920238898457339,1.09611694211096
246,Tlearner,1.11220294795691,0.0595035068396539,0.995578217597353,1.22882767831646
246,Rlearner,1.1107136721706,0.0575140170359836,0.997988270173845,1.22343907416735
246,intercept,1.34092127928918,0.0791821614452902,1.18572424285641,1.49611831572195
246,AIPW,1.11843899861389,0.0427937482738316,1.03456325199718,1.2023147452306
247,Tlearner,0.968295983397729,0.0662428478120436,0.838462387452756,1.0981295793427
247,Rlearner,0.983172223558735,0.0641483000624687,0.857443865766828,1.10890058135064
247,intercept,1.13534866441249,0.0835098057498757,0.971669445142737,1.29902788368225
247,AIPW,1.01349492593811,0.0492333099423274,0.916997638451152,1.10999221342508
248,Tlearner,0.994033026880048,0.0657699978746499,0.865126199782458,1.12293985397764
248,Rlearner,0.982674957118528,0.0633401634585646,0.858530517964862,1.1068193962722
248,intercept,1.14180447395202,0.082671967849956,0.979767416966108,1.30384153093794
248,AIPW,1.03963316828604,0.0573767637649788,0.927174711306679,1.1520916252654
249,Tlearner,0.99483434773513,0.0696798089166201,0.858264431808922,1.13140426366134
249,Rlearner,1.09166613005288,0.0626106270674878,0.968951555951132,1.21438070415462
249,intercept,1.26745673147871,0.0757537592881972,1.11897936327384,1.41593409968357
249,AIPW,1.0283503160425,0.0487877006479928,0.932726422772431,1.12397420931256
250,Tlearner,0.988272431177069,0.0595321135508863,0.871591632693783,1.10495322966036
250,Rlearner,0.974514361263332,0.0590572527345003,0.858764272877832,1.09026444964883
250,intercept,1.11203455913477,0.0793811515431643,0.956447502110167,1.26762161615937
250,AIPW,0.996603255317706,0.0423635644710506,0.913570668954447,1.07963584168097
251,Tlearner,1.02832269225367,0.0673981222422498,0.896224800033232,1.16042058447411
251,Rlearner,0.9981242138053,0.0626008543409123,0.875428793895674,1.12081963371493
251,intercept,1.34752443398709,0.0832224280391289,1.1844084750304,1.51064039294378
251,AIPW,0.989385327002779,0.0450112106113504,0.901163354204532,1.07760729980103
252,Tlearner,1.11354454185001,0.0572637444645936,1.0013096650795,1.22577941862052
252,Rlearner,1.11346621656549,0.0569663921313557,1.00181413965885,1.22511829347213
252,intercept,1.3293797177014,0.0761613060223317,1.18010355789763,1.47865587750517
252,AIPW,1.14147984102457,0.0444559219125831,1.05434623407591,1.22861344797323
253,Tlearner,1.12669615566876,0.0592318234154597,1.01060391503582,1.2427883963017
253,Rlearner,1.07974004400469,0.0573765119251954,0.967284147072772,1.1921959409366
253,intercept,1.37758869572468,0.0787176198105805,1.22330216089594,1.53187523055342
253,AIPW,1.15011716847505,0.0701709371804908,1.01258213160129,1.28765220534881
254,Tlearner,0.964035283894949,0.0620349755746775,0.842448965986759,1.08562160180314
254,Rlearner,0.953421622071653,0.0587549005810588,0.838264133017546,1.06857911112576
254,intercept,1.00952982952436,0.0818173666488786,0.849167790892557,1.16989186815616
254,AIPW,0.977343006259508,0.0544855671549605,0.870551294635785,1.08413471788323
256,Tlearner,0.960276240269813,0.0598723307065738,0.842928628414457,1.07762385212517
256,Rlearner,0.910016694014209,0.0614722278531966,0.789533341372504,1.03050004665591
256,intercept,1.07595370089813,0.0833712653269825,0.912546020857244,1.23936138093902
256,AIPW,0.958928793412082,0.0546873930751557,0.851741502984777,1.06611608383939
257,Tlearner,1.06644556608699,0.0593442545840433,0.950132964412885,1.18275816776109
257,Rlearner,1.01626552126487,0.0565694367551912,0.905391462598979,1.12713957993076
257,intercept,1.16084498285339,0.0756037880222155,1.01266155832985,1.30902840737694
257,AIPW,1.06027400454034,0.0631532390572146,0.936493655988202,1.18405435309248
258,Tlearner,0.983305322096506,0.0652577312997927,0.85540251903612,1.11120812515689
258,Rlearner,0.97986526120341,0.0658442345942093,0.850812932809153,1.10891758959767
258,intercept,1.10375996491573,0.0855980094576404,0.935987866378758,1.27153206345271
258,AIPW,0.957357445971144,0.0544753532765857,0.850585753549036,1.06412913839325
259,Tlearner,0.88948823883727,0.0648263076289686,0.762431010633778,1.01654546704076
259,Rlearner,0.976774810681485,0.0609303774868775,0.857353465242775,1.09619615612019
259,intercept,1.1903947436775,0.0781690019574339,1.03718349984093,1.34360598751407
259,AIPW,0.916200832596327,0.0748214826739757,0.769550726555334,1.06285093863732
260,Tlearner,0.994780713620131,0.0621531947303528,0.872962690424535,1.11659873681573
260,Rlearner,0.968047321599467,0.0562558657095653,0.857787850889598,1.07830679230934
260,intercept,1.13134792041318,0.0737349036997362,0.986827509161701,1.27586833166467
260,AIPW,0.956696959915102,0.0623596421038041,0.834472061391646,1.07892185843856
261,Tlearner,1.13148689132462,0.0610169611688212,1.01189584498765,1.25107793766158
261,Rlearner,1.14505618349495,0.0612743058662121,1.02496075081949,1.26515161617042
261,intercept,1.19005478973843,0.0783858416565934,1.03641854009151,1.34369103938536
261,AIPW,1.15809836616192,0.0567530564762942,1.04686237546839,1.26933435685546
262,Tlearner,0.959661672486431,0.0610986514634336,0.839910516114135,1.07941282885873
262,Rlearner,0.936966492929223,0.0602994090433531,0.818781822915202,1.05515116294324
262,intercept,1.07637276516762,0.075335572512997,0.928715043042143,1.22403048729309
262,AIPW,0.99804876450739,0.0538668058538894,0.892469825033767,1.10362770398101
263,Tlearner,1.00889617354982,0.0646741417827717,0.882137184924547,1.13565516217509
263,Rlearner,1.08310984775987,0.0580802584918929,0.969274632902982,1.19694506261675
263,intercept,1.1471510941284,0.0757819961044687,0.998618381763639,1.29568380649316
263,AIPW,1.06579776775932,0.0509822220646551,0.965872612512598,1.16572292300605
264,Tlearner,1.09859094161899,0.0590609978942084,0.98283351285535,1.21434837038264
264,Rlearner,1.11274926634092,0.0582580551508971,0.998565576435813,1.22693295624603
264,intercept,1.24766984550264,0.0766164780182032,1.09750154858696,1.39783814241832
264,AIPW,1.07836504129637,0.0698533786539968,0.941452419134537,1.2152776634582
265,Tlearner,1.04830117988545,0.0598050570087059,0.931085422055025,1.16551693771588
265,Rlearner,1.0661121650228,0.0609945130246053,0.94656511624001,1.18565921380558
265,intercept,1.18088948590307,0.0847046826107524,1.01486830798599,1.34691066382014
265,AIPW,1.24594931476704,0.147416500042969,0.957012974682824,1.53488565485126
266,Tlearner,1.1046273205143,0.0602135607510813,0.986610910061266,1.22264373096733
266,Rlearner,1.07607981887675,0.0593283525650188,0.959798384587217,1.19236125316628
266,intercept,1.19892924407065,0.0732951077761402,1.05527083282941,1.34258765531188
266,AIPW,1.17611239609146,0.0826710294384989,1.01407717839201,1.33814761379092
267,Tlearner,1.05080735111516,0.06487179718988,0.923660965010611,1.17795373721971
267,Rlearner,1.05499745026092,0.0568844866748554,0.943505905099152,1.16648899542268
267,intercept,1.25142481194639,0.0799204469748248,1.09478073587573,1.40806888801704
267,AIPW,1.07976573498241,0.0435714802010664,0.994365633788321,1.1651658361765
268,Tlearner,0.983234620612359,0.0590846670855625,0.867430801086118,1.0990384401386
268,Rlearner,0.997785990448471,0.0565181569562301,0.887012438341678,1.10855954255526
268,intercept,1.17192021906896,0.0741992772224905,1.02648963571288,1.31735080242504
268,AIPW,1.04033878000455,0.0465998492679819,0.949003075439309,1.1316744845698
269,Tlearner,0.891974788893479,0.0596582809224673,0.775046706905871,1.00890287088109
269,Rlearner,0.945324850782983,0.0605666435310221,0.826616410797704,1.06403329076826
269,intercept,1.06166572507473,0.0804921533457624,0.903901104517032,1.21943034563242
269,AIPW,0.95664020553419,0.0624641249138127,0.834210520703117,1.07906989036526
270,Tlearner,0.85542086206662,0.0658282400835181,0.726399882337269,0.984441841795971
270,Rlearner,0.907489571827424,0.0644252914349912,0.781218320921345,1.0337608227335
270,intercept,1.13835490794241,0.093183186624096,0.955715862159186,1.32099395372564
270,AIPW,0.875660644116468,0.0442397569360717,0.788950720521767,0.962370567711168
271,Tlearner,0.966628759715404,0.0660828567956877,0.837108740400338,1.09614877903047
271,Rlearner,1.03127930394426,0.0606756080660734,0.912357297394692,1.15020131049384
271,intercept,1.29540708223813,0.0849979791602991,1.12881104308394,1.46200312139232
271,AIPW,1.0041042655368,0.0731658771388285,0.860699146344699,1.14750938472891
272,Tlearner,0.886020783534786,0.0640924368296236,0.760401915667315,1.01163965140226
272,Rlearner,0.890996118715579,0.0585867971780272,0.776168106277093,1.00582413115407
272,intercept,1.03856392645613,0.0799420304250128,0.881877546823101,1.19525030608915
272,AIPW,0.86733028653276,0.0527421529714551,0.763955666708708,0.970704906356812
273,Tlearner,1.1956923349675,0.0723833197832558,1.05382363511087,1.33756103482412
273,Rlearner,1.15891382027824,0.0586022701094957,1.04405548145134,1.27377215910513
273,intercept,1.33121647579617,0.0848892404220819,1.16483356456889,1.49759938702345
273,AIPW,1.18525816609167,0.0464555704580082,1.09420524799398,1.27631108418937
274,Tlearner,0.995172345225548,0.0609273723743365,0.875756889699188,1.11458780075191
274,Rlearner,1.0517554569087,0.0579299561090803,0.938214829308917,1.16529608450848
274,intercept,1.22575032795859,0.085412950193215,1.05834094557989,1.39315971033729
274,AIPW,1.06967910567007,0.0559825879889883,0.959953233211657,1.17940497812849
275,Tlearner,1.01844659847819,0.0634864782167912,0.894015387667991,1.14287780928839
275,Rlearner,1.03537587915014,0.0612641491185185,0.915300353334355,1.15545140496593
275,intercept,1.166595278437,0.082039225857172,1.00579839575694,1.32739216111705
275,AIPW,1.01041811954541,0.0437247122680011,0.924717683500124,1.09611855559069
276,Tlearner,0.967082984876261,0.0637838261805143,0.84206898276629,1.09209698698623
276,Rlearner,0.992963532246093,0.0628741636041769,0.869732436023827,1.11619462846836
276,intercept,1.14411149087814,0.0784294972010983,0.990389676363987,1.29783330539229
276,AIPW,1.01192058225327,0.046325256639552,0.921123079239745,1.10271808526679
277,Tlearner,1.0310499069748,0.0600325071129704,0.913388355131737,1.14871145881787
277,Rlearner,1.07268787948313,0.0572257820115995,0.960527407753256,1.18484835121301
277,intercept,1.20664362693138,0.0704336751653566,1.06859362360728,1.34469363025548
277,AIPW,1.06193792872909,0.0447101297743002,0.974306074371463,1.14956978308672
278,Tlearner,1.06886024796949,0.0576280623205281,0.955911321322427,1.18180917461656
278,Rlearner,1.10727305527147,0.0514872612775622,1.00635987750485,1.2081862330381
278,intercept,1.31251042561024,0.0765984887944415,1.16237738757313,1.46264346364734
278,AIPW,1.08858798012384,0.0477016882985227,0.995092671058731,1.18208328918894
279,Tlearner,1.03836808561295,0.0651609843441371,0.910654903101263,1.16608126812464
279,Rlearner,0.972391086434216,0.0611295338021963,0.852579401790188,1.09220277107824
279,intercept,1.13773556970104,0.0853662665734352,0.970417687217103,1.30505345218497
279,AIPW,1.00264915152467,0.0562045136643226,0.892488304742599,1.11280999830674
280,Tlearner,1.11091915703144,0.0558634673818525,1.00142877291148,1.2204095411514
280,Rlearner,1.14623092443066,0.0515902593519276,1.0451158741478,1.24734597471352
280,intercept,1.20002126276883,0.0694292338803011,1.06393996436344,1.33610256117422
280,AIPW,1.13019916583429,0.0450563171677041,1.04188878418559,1.21850954748299
281,Tlearner,0.959146017077051,0.0640612649917217,0.8335882448892,1.0847037892649
281,Rlearner,0.986569062685771,0.0614668542260355,0.866096242159767,1.10704188321177
281,intercept,1.11921465639661,0.0789925663124846,0.964389226424145,1.27404008636908
281,AIPW,0.941704425443429,0.0659385983530993,0.812464772671354,1.0709440782155
282,Tlearner,1.16551979443093,0.0594647221494923,1.04897108066724,1.28206850819462
282,Rlearner,1.19267231128495,0.0555934747885539,1.08371110292395,1.30163351964595
282,intercept,1.38941598067086,0.0795032002433395,1.23358970819392,1.54524225314781
282,AIPW,1.18930675611083,0.0557561839617392,1.08002463554582,1.29858887667583
283,Tlearner,0.998411219384677,0.062794960525345,0.875335358344386,1.12148708042497
283,Rlearner,1.00033072496887,0.0644758295659976,0.87396042114617,1.12670102879157
283,intercept,1.14226546835855,0.0893666286647682,0.967106876175608,1.3174240605415
283,AIPW,1.01674345911526,0.0449866145428696,0.928569694611232,1.10491722361928
284,Tlearner,1.12062562225845,0.0593679541657232,1.00426657025781,1.23698467425909
284,Rlearner,1.12238354318349,0.0577614675570073,1.00917314707758,1.23559393928941
284,intercept,1.19417160963626,0.0884701865857686,1.02077004392815,1.36757317534436
284,AIPW,1.14969229132501,0.0496532511667257,1.05237191903822,1.24701266361179
285,Tlearner,1.01555760612293,0.061203641829955,0.895600672413526,1.13551453983233
285,Rlearner,1.08152744808143,0.0596241382527778,0.964666284496745,1.19838861166611
285,intercept,1.21377037008425,0.0751927880470395,1.06639250551205,1.36114823465644
285,AIPW,1.00344615784558,0.0692757220868952,0.867665742555263,1.13922657313589
286,Tlearner,1.0460195370569,0.0589961272037279,0.930389252510246,1.16164982160355
286,Rlearner,1.02744819364189,0.0588792652994599,0.912046954218768,1.14284943306501
286,intercept,1.13151362401078,0.0756034569527134,0.983330848383464,1.2796963996381
286,AIPW,1.05496950316206,0.0423683925712331,0.971927453722447,1.13801155260168
287,Tlearner,0.972323624088913,0.0635941904457165,0.847681301189328,1.0969659469885
287,Rlearner,0.977098515081551,0.058255829126708,0.862919188103684,1.09127784205942
287,intercept,1.1283101306306,0.078046773218818,0.975338455121713,1.28128180613948
287,AIPW,0.978616783052854,0.0777339139692238,0.826258311673175,1.13097525443253
288,Tlearner,1.09888326581326,0.0634769505884983,0.974470728811371,1.22329580281514
288,Rlearner,1.15244947970078,0.063148167708285,1.02868134530284,1.27621761409871
288,intercept,1.298743264358,0.082719744751395,1.13661256464526,1.46087396407073
288,AIPW,1.16100365683582,0.0462468246329767,1.07035988055519,1.25164743311646
289,Tlearner,0.856078854503872,0.0616692657386548,0.735209314703079,0.976948394304665
289,Rlearner,0.832383056595593,0.0626691568218265,0.709553766283321,0.955212346907866
289,intercept,1.02318465935722,0.085181279556769,0.856229351425951,1.19013996728849
289,AIPW,0.856811629496635,0.0460717039456382,0.766511089763185,0.947112169230086
290,Tlearner,0.994213129916756,0.0611205570123278,0.874419039457566,1.11400722037595
290,Rlearner,1.03979604273076,0.0563549296918293,0.929342410183489,1.15024967527803
290,intercept,1.25021780688459,0.0758438106345026,1.10156393804097,1.39887167572822
290,AIPW,1.0439149074145,0.0469930001305155,0.951808627158685,1.13602118767031
291,Tlearner,0.957838356890251,0.058480824298877,0.843218047478237,1.07245866630226
291,Rlearner,0.951362272823322,0.0564969837628093,0.840630219413071,1.06209432623357
291,intercept,1.09263301098691,0.0761223067633779,0.943433289730688,1.24183273224313
291,AIPW,0.97476138799839,0.0474216491009173,0.881814955760592,1.06770782023619
292,Tlearner,0.953950278323991,0.064275186601495,0.82797322748547,1.07992732916251
292,Rlearner,0.997204292247137,0.0624283744469863,0.874846926717663,1.11956165777661
292,intercept,1.04158977584674,0.0795203736760365,0.885729843441706,1.19744970825177
292,AIPW,0.980838075534664,0.0460276442933541,0.89062389271969,1.07105225834964
293,Tlearner,1.05973362512796,0.0657848604194185,0.930797667977908,1.18866958227802
293,Rlearner,1.05489547961962,0.065064143334218,0.927372101999603,1.18241885723964
293,intercept,1.24089285364694,0.0892057580411385,1.06604956788631,1.41573613940757
293,AIPW,1.0640828100485,0.0609090551591259,0.94470106193661,1.18346455816038
294,Tlearner,0.960305368851542,0.0610992516454145,0.84055303614418,1.0800577015589
294,Rlearner,0.974471772686807,0.0553288571924216,0.8660292052839,1.08291434008971
294,intercept,1.14658089485304,0.0755305684774716,0.998540980637198,1.29462080906889
294,AIPW,0.966006443839223,0.0449855708518469,0.877834724969604,1.05417816270884
295,Tlearner,1.12757585165095,0.057698087360396,1.01448967844773,1.24066202485417
295,Rlearner,1.15707677767959,0.0588205933724089,1.04179053312039,1.27236302223878
295,intercept,1.29836059548724,0.0784358528499716,1.1446263239013,1.45209486707319
295,AIPW,1.15841921847394,0.0585631603859161,1.04363542411754,1.27320301283033
296,Tlearner,1.08702289334213,0.0576614163193217,0.974008594058693,1.20003719262557
296,Rlearner,1.11239297681362,0.0581913439097429,0.998340038538536,1.2264459150887
296,intercept,1.24092097974776,0.0765178594017666,1.09094597532029,1.39089598417522
296,AIPW,1.09429877602773,0.0468080700410306,1.00255495874731,1.18604259330815
297,Tlearner,1.01660501920502,0.0600423099896926,0.898924254076632,1.13428578433341
297,Rlearner,1.01184696495649,0.0580843380346107,0.898003754342804,1.12569017557018
297,intercept,1.06229700974365,0.078719911353316,0.908005983491147,1.21658803599615
297,AIPW,1.00340484033121,0.0457944576188623,0.913647703398237,1.09316197726418
298,Tlearner,1.04034889377942,0.0599908778301952,0.922768933831291,1.15792885372754
298,Rlearner,0.99901531415008,0.0610708052886468,0.879318735277474,1.11871189302269
298,intercept,1.21997239989974,0.08078133108033,1.0616409909823,1.37830380881719
298,AIPW,0.955350560828005,0.0824861828684096,0.793677642405922,1.11702347925009
299,Tlearner,0.984230323079883,0.0624577000360428,0.861815480452033,1.10664516570773
299,Rlearner,0.920369300853392,0.0666625522346575,0.789713099355943,1.05102550235084
299,intercept,1.15831121827898,0.0852365189098822,0.991247641215607,1.32537479534235
299,AIPW,0.841740677857057,0.142596593929494,0.562251353755248,1.12123000195887
301,Tlearner,0.938608784919079,0.0615126847874582,0.818046138143296,1.05917143169486
301,Rlearner,0.928976136224046,0.0590497057494395,0.813240839657457,1.04471143279064
301,intercept,1.16803290681008,0.0790094306923297,1.01317442265311,1.32289139096705
301,AIPW,0.771274002277992,0.150883484728244,0.475542372210634,1.06700563234535
302,Tlearner,1.08104541189797,0.0596802150941469,0.964074339723836,1.1980164840721
302,Rlearner,1.06681966292621,0.0593125737329923,0.950569154579165,1.18307017127325
302,intercept,1.13814104456763,0.0805116796089929,0.980338152534008,1.29594393660126
302,AIPW,1.09638640790634,0.0513812037671007,0.995679248522824,1.19709356728986
304,Tlearner,1.02056811413896,0.0605748160764499,0.901843656258979,1.13929257201894
304,Rlearner,1.09328891572696,0.0567348998203888,0.982090555412511,1.20448727604141
304,intercept,1.24926843854261,0.0783472023183616,1.09570792199862,1.4028289550866
304,AIPW,1.01376216795871,0.0531990658405874,0.909491998911159,1.11803233700626
305,Tlearner,0.992821422519545,0.0652034474752984,0.865025013800111,1.12061783123898
305,Rlearner,1.00385463143388,0.0670709719376313,0.872397942028029,1.13531132083974
305,intercept,1.26735725450134,0.0923776720149382,1.08629701735207,1.44841749165062
305,AIPW,0.978708590704234,0.0616970176704057,0.857782436070238,1.09963474533823
306,Tlearner,1.01981104085371,0.0625333357444923,0.897247954961356,1.14237412674607
306,Rlearner,1.0272682174455,0.0587660540136027,0.912088868065308,1.1424475668257
306,intercept,1.25931029248712,0.0725865752691797,1.11704060495953,1.40157998001471
306,AIPW,1.05609806969358,0.0597691177834732,0.938950598837977,1.17324554054919
307,Tlearner,0.968934757266563,0.0616182472030258,0.848165211958146,1.08970430257498
307,Rlearner,1.03689022011754,0.0627924328697799,0.913819313191123,1.15996112704396
307,intercept,1.1540914544346,0.0862605724786607,0.985020732376425,1.32316217649278
307,AIPW,1.01733613730289,0.0777682205758761,0.864910424974174,1.16976184963161
308,Tlearner,1.0613659937562,0.0635570363737058,0.936796491499635,1.18593549601277
308,Rlearner,1.03483198721738,0.061883730278819,0.913542104641901,1.15612186979285
308,intercept,1.22098618802677,0.0883953526505658,1.04773129683166,1.39424107922188
308,AIPW,1.0593903284896,0.0511734275513393,0.959090410488978,1.15969024649023
309,Tlearner,0.996503709797888,0.060356589482671,0.878206968182184,1.11480045141359
309,Rlearner,0.955501160642164,0.0598214750732083,0.838253223996615,1.07274909728771
309,intercept,1.11010496253744,0.0830174012693312,0.947390856049547,1.27281906902533
309,AIPW,0.987258034732438,0.0560333148685675,0.877432737590045,1.09708333187483
310,Tlearner,1.03028787677798,0.0611974548910726,0.91034306924596,1.15023268430999
310,Rlearner,1.0706160593476,0.0555516074111554,0.961736909538429,1.17949520915677
310,intercept,1.17641908032283,0.0693674057671873,1.04045896501914,1.31237919562652
310,AIPW,1.03634444501328,0.0446340102224285,0.94886178497732,1.12382710504924
311,Tlearner,1.06076657218486,0.0610908864127781,0.94103063503219,1.18050250933753
311,Rlearner,1.0848166153858,0.0560840014977813,0.974893992341262,1.19473923843035
311,intercept,1.26630899377683,0.0718029942653033,1.12557512501683,1.40704286253682
311,AIPW,1.06788191058087,0.0498595005368401,0.970157289528668,1.16560653163308
312,Tlearner,0.979673104088701,0.0612847236738236,0.859557252885518,1.09978895529188
312,Rlearner,0.974137667128779,0.0603922286416571,0.855771074045023,1.09250426021254
312,intercept,1.11754272620324,0.0786046792578076,0.963477554857933,1.27160789754854
312,AIPW,0.961843319536754,0.0516387697604035,0.860631330806363,1.06305530826715
313,Tlearner,0.95117415707099,0.0598094718025421,0.833949746403644,1.06839856773834
313,Rlearner,1.00467522865109,0.0594676970231559,0.888120684242168,1.12122977306002
313,intercept,1.13494406118326,0.0814774344032241,0.975248289752945,1.29463983261358
313,AIPW,0.97689158444718,0.0488328255393104,0.881179246390131,1.07260392250423
314,Tlearner,1.02270864810122,0.0568012126159031,0.911380317095853,1.1340369791066
314,Rlearner,1.08479311242571,0.056343185720395,0.974362497639489,1.19522372721194
314,intercept,1.22751789974531,0.0740026589663948,1.08247268817117,1.37256311131944
314,AIPW,1.08737534368555,0.0484582672979827,0.992397139781503,1.1823535475896
315,Tlearner,0.94650550486482,0.0626781816520464,0.82365852621035,1.06935248351929
315,Rlearner,0.969770962682285,0.0625500035887444,0.847175208415495,1.09236671694907
315,intercept,1.10825403303327,0.0835837032508112,0.94442997466168,1.27207809140486
315,AIPW,0.97619554005585,0.0486214488753845,0.880897500260096,1.0714935798516
316,Tlearner,0.996871543463961,0.0612551175079825,0.876813719279547,1.11692936764838
316,Rlearner,0.969067307213068,0.0587496398227246,0.853920129055828,1.08421448537031
316,intercept,1.17422996128627,0.0746801596068524,1.02785684845684,1.3206030741157
316,AIPW,0.976217087517337,0.047465350132021,0.883185001258576,1.0692491737761
317,Tlearner,1.05902069447038,0.0630298059327011,0.935484544889737,1.18255684405102
317,Rlearner,0.994975565100626,0.0636747511000815,0.870175346219914,1.11977578398134
317,intercept,1.19384263471565,0.081733101098319,1.03364575656295,1.35403951286836
317,AIPW,1.06774264894865,0.0467419077202164,0.976128509817028,1.15935678808028
318,Tlearner,0.967194448963252,0.0613993822826172,0.846853871016316,1.08753502691019
318,Rlearner,0.992691283503033,0.0618113979833498,0.871543169621596,1.11383939738447
318,intercept,1.28388181371072,0.0751882736535986,1.13651279734967,1.43125083007178
318,AIPW,1.01644108364077,0.0455999390784758,0.927065203046962,1.10581696423459
319,Tlearner,1.0968358268873,0.0635880373173297,0.972205563897747,1.22146608987686
319,Rlearner,1.12754110040813,0.0608362955636963,1.00830415215045,1.24677804866581
319,intercept,1.30109453965166,0.0780955222865785,1.14802731596997,1.45416176333335
319,AIPW,1.15773149926486,0.0509595913139797,1.05785070028946,1.25761229824026
320,Tlearner,1.19147962304758,0.061806934791026,1.07034025686235,1.3126189892328
320,Rlearner,1.1661255855077,0.0617858717603691,1.04502750210397,1.28722366891144
320,intercept,1.4478964418265,0.0839148115304376,1.28342341122685,1.61236947242616
320,AIPW,1.15179272242526,0.0682202192846189,1.01808109262741,1.28550435222312
321,Tlearner,1.00258454268755,0.0596381492919993,0.885695917970611,1.11947316740449
321,Rlearner,1.04015570236231,0.0624474070526205,0.917761033611259,1.16255037111336
321,intercept,1.21475826028683,0.0832234740619104,1.05164025112549,1.37787626944818
321,AIPW,1.08223478365839,0.0611827920026021,0.962316511333289,1.20215305598349
322,Tlearner,1.04520911570583,0.0577076675344329,0.932104165706532,1.15831406570513
322,Rlearner,0.994948083174002,0.0575428359349494,0.882166197173204,1.1077299691748
322,intercept,1.21372936361564,0.0819859238362802,1.05303695289653,1.37442177433475
322,AIPW,1.0294290843251,0.0457999023194883,0.939661275778902,1.1191968928713
323,Tlearner,1.04235672310376,0.0629683537381522,0.918941017611199,1.16577242859631
323,Rlearner,1.02489834524794,0.0576330058556556,0.911939729450065,1.13785696104581
323,intercept,1.24047772104764,0.0787686501063033,1.08609116683929,1.394864275256
323,AIPW,1.06803407869364,0.0500832409847355,0.969870926363559,1.16619723102372
324,Tlearner,0.947525153492251,0.0587422844848469,0.832392391532345,1.06265791545216
324,Rlearner,0.994216924030979,0.0565268092160784,0.883426413806499,1.10500743425546
324,intercept,1.10481232399928,0.0757406952686409,0.95636056127274,1.25326408672581
324,AIPW,0.992209803667608,0.0507378434353873,0.892763630534249,1.09165597680097
325,Tlearner,0.991803764692016,0.0625847919974505,0.869139826397082,1.11446770298695
325,Rlearner,1.03404932565747,0.0602251956646714,0.916010111192837,1.1520885401221
325,intercept,1.20939436130187,0.0781122615220138,1.05629432871872,1.36249439388501
325,AIPW,0.786764672476907,0.263284422467143,0.270727204441307,1.30280214051251
326,Tlearner,1.07205477296575,0.0633229851133003,0.947944002750119,1.19616554318139
326,Rlearner,1.04720322225259,0.0599072189270532,0.92978723074161,1.16461921376357
326,intercept,1.11002405744225,0.0841508284240134,0.945088433731181,1.27495968115331
326,AIPW,0.99459940914134,0.0603117957445486,0.876388289482025,1.11281052880066
327,Tlearner,1.06247535245715,0.0659787886684085,0.933159302923488,1.19179140199081
327,Rlearner,1.04882404467273,0.0605951450675169,0.930059742702413,1.16758834664304
327,intercept,1.18493174170859,0.0787862715090445,1.03051064955086,1.33935283386631
327,AIPW,1.02544952399966,0.0557032709121385,0.916271113011864,1.13462793498745
328,Tlearner,0.915408106578989,0.0599489211467205,0.797910380219385,1.03290583293859
328,Rlearner,0.915425351373777,0.0575849145548296,0.802560992793494,1.02828970995406
328,intercept,1.05216482591116,0.0769154888485931,0.901410467767914,1.2029191840544
328,AIPW,0.956741696662411,0.044826363073259,0.868882025038824,1.044601368286
330,Tlearner,1.08148724374368,0.0612229726630981,0.961492422297528,1.20148206518983
330,Rlearner,1.11969696474027,0.0605439367190036,1.00103302928875,1.23836090019178
330,intercept,1.23363804053805,0.0853390538480381,1.06637349499589,1.4009025860802
330,AIPW,1.10069633784253,0.0582652046661388,0.986496536696899,1.21489613898816
331,Tlearner,1.09961443849091,0.0629008177280319,0.976331101145849,1.22289777583597
331,Rlearner,1.13626762531695,0.066963361374845,1.00502184873852,1.26751340189539
331,intercept,1.31772520498987,0.0915325999582588,1.13832130907168,1.49712910090805
331,AIPW,1.14688105271991,0.0529284926560056,1.04314120711414,1.25062089832568
332,Tlearner,0.889246994576816,0.0586722429629917,0.774251511477169,1.00424247767646
332,Rlearner,0.875845114695081,0.0580850130394805,0.76200058109616,0.989689648294002
332,intercept,1.03812156296266,0.0802958341961157,0.880741727938276,1.19550139798705
332,AIPW,0.878091941365096,0.0542007120441533,0.771858545758556,0.984325336971637
333,Tlearner,0.981858002742323,0.0614984887628774,0.861323179663442,1.1023928258212
333,Rlearner,0.971960800237991,0.0604408178167689,0.853498974120977,1.09042262635501
333,intercept,1.05750142458989,0.0753865945916748,0.909743699190208,1.20525914998957
333,AIPW,0.918206542979875,0.0604176980754693,0.799787854751956,1.0366252312078
334,Tlearner,1.06244497457981,0.0746555550066462,0.916122775520937,1.20876717363869
334,Rlearner,1.02060428906817,0.0599346560742922,0.903134521736759,1.13807405639957
334,intercept,1.15890032820075,0.0762167154722032,1.00951556587524,1.30828509052627
334,AIPW,0.99940846306927,0.0465526484817327,0.908165272045074,1.09065165409347
335,Tlearner,0.91617167909982,0.0668873897640057,0.785074804142476,1.04726855405716
335,Rlearner,1.0194593912606,0.0580430693232109,0.905697065834944,1.13322171668625
335,intercept,1.2234269416595,0.0772328011741898,1.07205065135809,1.37480323196092
335,AIPW,0.938937251417752,0.0786247996336224,0.784832644135852,1.09304185869965
336,Tlearner,1.03532491318044,0.0700872642585101,0.897956399458822,1.17269342690206
336,Rlearner,1.0398829051144,0.0557400724498133,0.930634370617113,1.14913143961169
336,intercept,1.20248311453727,0.0719799898258907,1.06140233447853,1.34356389459602
336,AIPW,1.00992021560936,0.0415228344195082,0.928535460147128,1.0913049710716
337,Tlearner,1.05023266924886,0.0604309276916464,0.93179022742089,1.16867511107683
337,Rlearner,1.06896235636125,0.0604785011631758,0.950426672242462,1.18749804048004
337,intercept,1.17368900862473,0.0793937811301688,1.0180771976096,1.32930081963986
337,AIPW,1.02248978618904,0.0592780403186893,0.906304827164408,1.13867474521367
338,Tlearner,1.04980851336635,0.0601706067562141,0.931876291196247,1.16774073553645
338,Rlearner,1.11490222001329,0.062458707804819,0.992485402194929,1.23731903783164
338,intercept,1.31985871833946,0.0829524305139798,1.15727195453205,1.48244548214686
338,AIPW,1.08167003529413,0.0502206916189444,0.983237479720995,1.18010259086726
339,Tlearner,1.04754729579166,0.0648110443506087,0.920519983064036,1.17457460851928
339,Rlearner,1.12369091562211,0.0580157418470596,1.0099821510655,1.23739968017872
339,intercept,1.19589500347512,0.0697072859259708,1.05926872306021,1.33252128389002
339,AIPW,1.09482043415283,0.0436027636268019,1.0093590174443,1.18028185086136
340,Tlearner,1.021297979388,0.0596747700568674,0.904337579290829,1.13825837948517
340,Rlearner,1.04228376263581,0.0587165314750266,0.927201475647642,1.15736604962397
340,intercept,1.16869880849758,0.0790444055299654,1.01377177365885,1.32362584333631
340,AIPW,1.08076318251182,0.052611300918658,0.977645032711246,1.18388133231239
341,Tlearner,0.917940431645974,0.0610902695784983,0.798205703466275,1.03767515982567
341,Rlearner,0.977414524966868,0.0569001937886691,0.865892194427727,1.08893685550601
341,intercept,1.13869798490248,0.0748704318849406,0.991951938408,1.28544403139697
341,AIPW,0.93807850805969,0.042373034710316,0.85502736002747,1.02112965609191
342,Tlearner,1.03730522264246,0.0579662797344655,0.92369340204513,1.15091704323978
342,Rlearner,1.02238696979737,0.0577147442203007,0.909268149748644,1.13550578984611
342,intercept,1.14956265175134,0.0793652474009159,0.994006766845547,1.30511853665714
342,AIPW,1.01232557263168,0.0460074811610009,0.922150909556116,1.10250023570724
343,Tlearner,0.965216423687102,0.0591677947394378,0.849249676953145,1.08118317042106
343,Rlearner,0.932100592318231,0.0584745463332884,0.817492587492667,1.04670859714379
343,intercept,1.05711199444305,0.0766412775985909,0.906895090349813,1.20732889853629
343,AIPW,0.924850749756504,0.047701942795621,0.831354941877087,1.01834655763592
344,Tlearner,1.05339355680816,0.0622583252889044,0.93136948150413,1.17541763211219
344,Rlearner,1.04280189488298,0.0586105887372178,0.927927251845349,1.15767653792062
344,intercept,1.12427310176378,0.0880005338770189,0.951792055364823,1.29675414816274
344,AIPW,1.04145277126011,0.0453423813128496,0.952581703886928,1.1303238386333
345,Tlearner,0.96263995700146,0.0591700880772074,0.84666871540807,1.07861119859485
345,Rlearner,1.00053053824854,0.0597425793991192,0.883437234282746,1.11762384221434
345,intercept,1.12168238695404,0.0796125367243426,0.965641814974333,1.27772295893376
345,AIPW,0.988796582096685,0.0505413221841954,0.889735590615663,1.08785757357771
346,Tlearner,1.11783785030172,0.0598352465326422,1.00056292209167,1.23511277851177
346,Rlearner,1.14833206038668,0.0608170711773664,1.02913279123383,1.26753132953953
346,intercept,1.20565012336493,0.0766270865752504,1.05546103367744,1.35583921305242
346,AIPW,1.15964530060837,0.0459054191586442,1.06967067905743,1.24961992215932
348,Tlearner,1.01402577763657,0.0599690538294299,0.896488591943942,1.1315629633292
348,Rlearner,1.04765939698104,0.0572162437833478,0.935517619835018,1.15980117412707
348,intercept,1.13360727047657,0.0744865875924094,0.987613558795446,1.27960098215769
348,AIPW,1.13315432641284,0.0616103440935514,1.01239805198948,1.2539106008362
349,Tlearner,1.006369809171,0.0547327214983893,0.899095646258298,1.11364397208371
349,Rlearner,1.00578850978846,0.0533016418919936,0.901319211363306,1.11025780821362
349,intercept,1.10153295822262,0.0683400249444826,0.967586509331433,1.2354794071138
349,AIPW,1.03793170040542,0.0421603918409611,0.955297332397139,1.12056606841371
350,Tlearner,0.904919442054192,0.0595179442300863,0.788266414929359,1.02157246917902
350,Rlearner,0.926687691085044,0.057609716494584,0.813774721596096,1.03960066057399
350,intercept,1.14597934542142,0.0831639697983458,0.982977964616663,1.30898072622618
350,AIPW,0.906487756052633,0.0565576228174118,0.795634815330506,1.01734069677476
351,Tlearner,0.951298370438897,0.0656201669801147,0.822685206498367,1.07991153437943
351,Rlearner,1.0469242878903,0.0591354294322566,0.931020975992766,1.16282759978783
351,intercept,1.17450634620966,0.0736579072074295,1.0301368480831,1.31887584433622
351,AIPW,1.0980802967021,0.0513058979519117,0.997520736716355,1.19863985668785
352,Tlearner,0.929119076990698,0.0604508282298595,0.810637630824556,1.04760052315684
352,Rlearner,0.901704894724391,0.0550813380053612,0.793747456013606,1.00966233343518
352,intercept,1.14413325142252,0.0818336225065077,0.983739351309764,1.30452715153527
352,AIPW,0.940034290626238,0.0584107322078415,0.825549255498868,1.05451932575361
353,Tlearner,0.942217604752381,0.0601333511689904,0.82435840219146,1.0600768073133
353,Rlearner,0.986865438928864,0.0590159143921688,0.871196372205514,1.10253450565221
353,intercept,1.08950887085845,0.074013292237213,0.944442818073509,1.23457492364338
353,AIPW,0.923690560479513,0.0524250805871521,0.820937402528695,1.02644371843033
354,Tlearner,0.95183916101357,0.0683694482091189,0.817837504880821,1.08584081714632
354,Rlearner,0.979242645746621,0.0628704159800814,0.85601889473261,1.10246639676063
354,intercept,1.19961594745288,0.0847759399447214,1.03345510516123,1.36577678974454
354,AIPW,0.914624045948773,0.0729067387588832,0.771726837981362,1.05752125391618
355,Tlearner,0.906001939550375,0.0614762525564787,0.785510698635188,1.02649318046556
355,Rlearner,0.958810027062639,0.0586701725738059,0.84381860185123,1.07380145227405
355,intercept,1.11245521801322,0.0832300852447719,0.949324250933465,1.27558618509297
355,AIPW,0.991433069782941,0.0517335279440668,0.89003535501257,1.09283078455331
356,Tlearner,0.922649680549978,0.0593472802578333,0.806331148664219,1.03896821243574
356,Rlearner,0.924602262746562,0.0560399147152689,0.814766048207938,1.03443847728518
356,intercept,1.190613868201,0.0821342299028879,1.02963077759134,1.35159695881066
356,AIPW,1.0179356134798,0.0731542636214894,0.874553256781684,1.16131797017792
357,Tlearner,1.08691096605987,0.0627551154791234,0.963913199875132,1.2099087322446
357,Rlearner,1.10236601229889,0.0579949115794485,0.988698074316583,1.21603395028119
357,intercept,1.2132704531112,0.0830582415459887,1.05047629968106,1.37606460654134
357,AIPW,1.09235342590971,0.0413546482039054,1.01129831543005,1.17340853638936
358,Tlearner,1.06552951781081,0.0640368272792642,0.940019642659238,1.19103939296238
358,Rlearner,1.09136514950086,0.0572719068844995,0.979114274681312,1.20361602432041
358,intercept,1.30402150691889,0.0762066414317466,1.15465648971266,1.45338652412511
358,AIPW,1.05746906058981,0.047696590655538,0.963983742904956,1.15095437827466
359,Tlearner,1.05108460015249,0.0602983892988238,0.932901928801019,1.16926727150396
359,Rlearner,1.09342663177521,0.0597828392217915,0.976254420006952,1.21059884354347
359,intercept,1.18505924793286,0.0691283548538474,1.04956767241932,1.3205508234464
359,AIPW,1.09137499712004,0.0592360941674267,0.975272252551883,1.2074777416882
360,Tlearner,0.937882158088059,0.0639367852188353,0.812568361771869,1.06319595440425
360,Rlearner,0.952644870079119,0.0543343952264804,0.846151412313452,1.05913832784479
360,intercept,1.08294629444346,0.0778672315838248,0.930326520539166,1.23556606834776
360,AIPW,0.936263182031505,0.0518118544358534,0.834711947337232,1.03781441672578
361,Tlearner,1.03050737859851,0.0603596495475464,0.912204639365856,1.14881011783116
361,Rlearner,1.03533119505805,0.0600003623146511,0.917732645861976,1.15292974425412
361,intercept,1.16280454780795,0.0805265024184802,1.00497260306772,1.32063649254817
361,AIPW,1.034317372423,0.0476149955156611,0.940991981212306,1.1276427636337
362,Tlearner,1.00572629660464,0.0623297773611206,0.883562177812444,1.12789041539684
362,Rlearner,0.944085785948421,0.0601517739425441,0.82619047541484,1.061981096482
362,intercept,1.0644625360252,0.0745450182006842,0.918354300351856,1.21057077169854
362,AIPW,0.97850233705231,0.0546036778504912,0.871479128465347,1.08552554563927
363,Tlearner,0.873801530446757,0.0629904345851683,0.750342547289301,0.997260513604213
363,Rlearner,0.964143578014326,0.0607822238689509,0.845012608330931,1.08327454769772
363,intercept,1.23433178450194,0.0815502755711549,1.07449324438247,1.3941703246214
363,AIPW,0.913987390023689,0.0445898143352166,0.826591353926665,1.00138342612071
364,Tlearner,0.961999027961559,0.05813502654242,0.848056469698136,1.07594158622498
364,Rlearner,1.00855461275561,0.0545740158547288,0.901591507188622,1.11551771832259
364,intercept,1.16424379792605,0.0833737172975456,1.00083131202286,1.32765628382924
364,AIPW,1.07038917363436,0.0539021668861623,0.964740926537479,1.17603742073124
365,Tlearner,1.04772162421351,0.0571430524076748,0.935723299527781,1.15971994889924
365,Rlearner,1.08696790140886,0.054741670535744,0.979676198705244,1.19425960411247
365,intercept,1.21066100326767,0.0678531813352372,1.0776687678506,1.34365323868473
365,AIPW,1.14345137249382,0.0917454927996359,0.963630206606529,1.3232725383811
366,Tlearner,0.834384765445354,0.0628103282376105,0.711278784242499,0.95749074664821
366,Rlearner,0.836103507195509,0.0544344573823239,0.729413931208174,0.942793083182844
366,intercept,0.963419356452669,0.0726504227487429,0.821024527865132,1.1058141850402
366,AIPW,0.916330614868741,0.0762802364797268,0.766821351368476,1.06583987836901
367,Tlearner,1.08446542439617,0.0587370419954376,0.969342937526691,1.19958791126564
367,Rlearner,1.13590095987047,0.0538342114728049,1.03038784424766,1.24141407549328
367,intercept,1.30012541097803,0.0829122351390366,1.13761743010552,1.46263339185054
367,AIPW,1.05873322148901,0.047477061291967,0.965678181356757,1.15178826162127
368,Tlearner,1.0644189668606,0.0602018724744484,0.946425465008809,1.18241246871239
368,Rlearner,1.07324079802014,0.057919842051088,0.95971999360976,1.18676160243052
368,intercept,1.1669951736807,0.0793124244303237,1.01154282179727,1.32244752556413
368,AIPW,1.09945396684648,0.0470309626053428,1.00727328014001,1.19163465355295
369,Tlearner,1.01759877443852,0.0617439439767018,0.896582867980721,1.13861468089631
369,Rlearner,1.12266667776134,0.0592757927791147,1.00648825875922,1.23884509676347
369,intercept,1.21715325541896,0.0841571893842137,1.0522051642259,1.38210134661202
369,AIPW,1.21674264475452,0.126676696162295,0.968456320276423,1.46502896923262
370,Tlearner,0.908708742953042,0.0626726366106419,0.785872632380018,1.03154485352607
370,Rlearner,0.890856663238305,0.0622685232734152,0.768812600251917,1.01290072622469
370,intercept,1.0859258267313,0.0825977002164966,0.924034334306967,1.24781731915563
370,AIPW,0.799392862509481,0.107321596838805,0.589042532705423,1.00974319231354
371,Tlearner,1.01610025081914,0.0584685467523196,0.9015040049562,1.13069649668209
371,Rlearner,1.07188140123713,0.0551473411617328,0.963794598716988,1.17996820375727
371,intercept,1.14386498150567,0.0716118366164355,1.00350578173746,1.28422418127388
371,AIPW,1.05888683583214,0.0544650702585256,0.952135298125432,1.16563837353885
372,Tlearner,1.06257852358581,0.0619761728038484,0.941107456990641,1.18404959018099
372,Rlearner,1.06776159223458,0.0601379897961928,0.949893298131405,1.18562988633776
372,intercept,1.19910193554935,0.0857582571565347,1.03101575152254,1.36718811957616
372,AIPW,1.10414893038835,0.058842807368286,0.988817027946505,1.21948083283019
373,Tlearner,0.945879666799417,0.0695858144928518,0.809493976558542,1.08226535704029
373,Rlearner,0.97415770076102,0.0591492572502074,0.858227286838319,1.09008811468372
373,intercept,1.24200010915775,0.0826841060180129,1.07993926136245,1.40406095695306
373,AIPW,0.968504803008995,0.0564767142128319,0.857810443151844,1.07919916286615
374,Tlearner,0.919905267922093,0.0634400505119921,0.795565053741186,1.044245482103
374,Rlearner,1.00978082594035,0.0609929977405821,0.890236747059681,1.12932490482103
374,intercept,1.14997723912224,0.080094816321669,0.992991399131769,1.30696307911271
374,AIPW,0.991948668485696,0.0531050866050137,0.887862698739869,1.09603463823152
375,Tlearner,0.987916494704643,0.0640375330439375,0.862405236279732,1.11342775312955
375,Rlearner,1.01602653880828,0.0621777045720663,0.894160477205663,1.13789260041091
375,intercept,1.13684647934534,0.0857380054589727,0.968799988645751,1.30489297004492
375,AIPW,1.10339829964535,0.0780430965110262,0.95043383048374,1.25636276880696
376,Tlearner,0.970604598351538,0.0603912296417036,0.852239963271711,1.08896923343136
376,Rlearner,1.00275800425854,0.0581311367594819,0.888823069829584,1.1166929386875
376,intercept,1.15427991334045,0.0758260307303316,1.005660893109,1.3028989335719
376,AIPW,1.00684764456484,0.0467518677035621,0.915213983865856,1.09848130526382
377,Tlearner,0.961248964182695,0.0656925173904238,0.832493996043693,1.0900039323217
377,Rlearner,1.08454930023535,0.06304334846905,0.9609866077712,1.20811199269949
377,intercept,1.2829494475394,0.0848630578230847,1.11661785420615,1.44928104087264
377,AIPW,1.06347644067195,0.0475801178085885,0.970219409767113,1.15673347157678
378,Tlearner,0.933280495463202,0.0622775837796583,0.811218674210896,1.05534231671551
378,Rlearner,0.899124996834391,0.0588036298899318,0.783872000089902,1.01437799357888
378,intercept,1.06082556670342,0.0759844670663674,0.911896011253338,1.2097551221535
378,AIPW,0.932921542552419,0.0486946630426062,0.837480002988911,1.02836308211593
379,Tlearner,0.992515193963123,0.0617933475583895,0.871402458264514,1.11362792966173
379,Rlearner,1.0361228840747,0.0582768038267529,0.921902447440159,1.15034332070924
379,intercept,1.2125619439434,0.0753377926245422,1.06489987039929,1.3602240174875
379,AIPW,1.01889675008601,0.0658230276254098,0.889883615940207,1.14790988423181
380,Tlearner,1.03508230278164,0.0635372980062644,0.910551487014371,1.1596131185489
380,Rlearner,1.01312374001589,0.0564751899613736,0.902434401671535,1.12381307836024
380,intercept,1.12940423077969,0.0731847939612744,0.985962034615588,1.27284642694378
380,AIPW,1.0089949900923,0.0468197629766243,0.917228254658117,1.10076172552648
381,Tlearner,0.904250520849165,0.0582332199073849,0.79011550712689,1.01838553457144
381,Rlearner,0.910764525707139,0.0556451850551558,0.801701967085967,1.01982708432831
381,intercept,0.957086178823944,0.0741111713623478,0.811828282953742,1.10234407469415
381,AIPW,0.892521860063109,0.0441736668644723,0.805941473008744,0.979102247117475
382,Tlearner,1.00830139732549,0.0606920797149623,0.889347106937329,1.12725568771365
382,Rlearner,0.9978164297984,0.0609799770061922,0.878297871088182,1.11733498850862
382,intercept,1.07335115986577,0.0852478028775694,0.906265466225738,1.24043685350581
382,AIPW,1.01519490490616,0.0488272003622487,0.919493592196155,1.11089621761617
383,Tlearner,0.931845305399304,0.0599554352316932,0.814334811667761,1.04935579913085
383,Rlearner,0.946676230224113,0.058510446804341,0.831997861768258,1.06135459867997
383,intercept,1.11274936061186,0.0792388309175613,0.95744125201344,1.26805746921028
383,AIPW,0.903945896896805,0.0613103377295022,0.783777634946981,1.02411415884663
384,Tlearner,0.88976726177311,0.0715311186740481,0.749568845398115,1.02996567814811
384,Rlearner,0.845871387944638,0.0663067597460529,0.715912526910824,0.975830248978452
384,intercept,1.10212957480038,0.101163214952895,0.903849673492704,1.30040947610805
384,AIPW,0.895341040236413,0.0694181491101624,0.759281467980495,1.03140061249233
386,Tlearner,0.976233384179698,0.0622144511156296,0.854295300675136,1.09817146768426
386,Rlearner,1.00910495295532,0.0616910835771515,0.888192650976857,1.13001725493379
386,intercept,1.11031166545353,0.0855254970551004,0.942681691225528,1.27794163968152
386,AIPW,0.961948745099855,0.0487724478173689,0.866354747377812,1.0575427428219
387,Tlearner,1.00285844859896,0.0677805916349255,0.870010930143692,1.13570596705423
387,Rlearner,1.00755824727565,0.062080265972921,0.885883161818055,1.12923333273324
387,intercept,1.29306940816534,0.0857888429005614,1.12492327608024,1.46121554025044
387,AIPW,1.02281103198492,0.0418884133767903,0.940709741766408,1.10491232220343
388,Tlearner,0.969649648461824,0.0642473753813924,0.843727106613069,1.09557219031058
388,Rlearner,0.997971968347343,0.0580159635873279,0.884262769187793,1.11168116750689
388,intercept,1.24101745675856,0.0761391301048636,1.09178476175303,1.3902501517641
388,AIPW,1.02668661460959,0.0455956511809155,0.937319138294994,1.11605409092418
389,Tlearner,1.13107772358039,0.061639456274386,1.01026660925596,1.25188883790481
389,Rlearner,1.17635799318701,0.059464372272245,1.05980996517013,1.2929060212039
389,intercept,1.29805857841469,0.0807869807901411,1.13971609606601,1.45640106076336
389,AIPW,1.12387590227903,0.0537825344334332,1.0184621347895,1.22928966976856
390,Tlearner,1.05784044177241,0.0641159555828111,0.932175477995735,1.18350540554909
390,Rlearner,1.07098199162758,0.057748509979961,0.957796991906005,1.18416699134916
390,intercept,1.2885948687684,0.0771818031393189,1.13731853461534,1.43987120292147
390,AIPW,1.05139593876259,0.0435670692295591,0.966004483072651,1.13678739445252
391,Tlearner,1.03775117944294,0.0599406771783621,0.92026961096441,1.15523274792147
391,Rlearner,1.06847857308126,0.0574374528559537,0.955903234119874,1.18105391204265
391,intercept,1.3172594867834,0.0757984927892213,1.16869444091653,1.46582453265027
391,AIPW,1.06804901496859,0.0479315005850922,0.97410327382181,1.16199475611537
392,Tlearner,1.16012039822211,0.0594190459387525,1.04366120818643,1.2765795882578
392,Rlearner,1.12735454045543,0.0586093954898392,1.01248223613969,1.24222684477118
392,intercept,1.331259569789,0.0790966478132613,1.176230140075,1.48628899950299
392,AIPW,1.12999728470143,0.0537926193102875,1.02456375085327,1.23543081854959
393,Tlearner,0.96409090721131,0.0588484436624377,0.848750077086697,1.07943173733592
393,Rlearner,1.02971032819912,0.0621323077451616,0.907933242742243,1.15148741365599
393,intercept,1.13566248949677,0.0877687392715769,0.963635760524476,1.30768921846906
393,AIPW,0.951909133951601,0.0850434096969791,0.785224050945522,1.11859421695768
394,Tlearner,1.02126372151954,0.0570451558198037,0.909457270620253,1.13307017241883
394,Rlearner,1.04619665187479,0.056142222413445,0.936159917932401,1.15623338581718
394,intercept,1.17389263105433,0.0759246294043784,1.02508035742175,1.32270490468691
394,AIPW,1.03464058979965,0.0596026672727149,0.917819361945129,1.15146181765417
395,Tlearner,1.03563885018942,0.0620316697678023,0.914059011543641,1.15721868883519
395,Rlearner,1.04530058948199,0.0611997855149087,0.925351214011193,1.16524996495279
395,intercept,1.19058771515993,0.0860398962856985,1.02194951843996,1.3592259118799
395,AIPW,1.10382256207565,0.0677131944683839,0.971104700917621,1.23654042323369
396,Tlearner,0.934071676857621,0.0593471898515486,0.817753322164925,1.05039003155032
396,Rlearner,0.939494201208776,0.0643515309232204,0.813367518249249,1.0656208841683
396,intercept,1.09094296239196,0.0789250099062715,0.936249942975669,1.24563598180825
396,AIPW,0.960102446999777,0.0697762518959999,0.823340993283617,1.09686390071594
397,Tlearner,1.04464962895507,0.0595572152934116,0.927919631960487,1.16137962594966
397,Rlearner,1.07457315528263,0.0580618888884034,0.960773944186996,1.18837236637827
397,intercept,1.27639581838935,0.0866594047697312,1.10654338504068,1.44624825173803
397,AIPW,1.10273410955608,0.052473580166785,0.999885892429186,1.20558232668298
399,Tlearner,0.987263333129359,0.0611127621465333,0.867484520326391,1.10704214593233
399,Rlearner,0.994314069456193,0.062019664210329,0.872757761270681,1.11587037764171
399,intercept,1.19503999644165,0.0858583304972206,1.0267576686671,1.3633223242162
399,AIPW,1.01862673649476,0.0597555847415161,0.901505790401385,1.13574768258813
400,Tlearner,1.00809748953218,0.0611190273317711,0.888306397191792,1.12788858187257
400,Rlearner,1.08528153982956,0.0550397922659796,0.977405529271671,1.19315755038744
400,intercept,1.20356186579584,0.0748731848143691,1.05681042355968,1.35031330803201
400,AIPW,1.05576785309133,0.0466337319066985,0.964365738554201,1.14716996762846
401,Tlearner,1.06368892561206,0.0603006093953835,0.945501902951295,1.18187594827283
401,Rlearner,1.11469804109179,0.0589274632283581,0.999202335463902,1.23019374671968
401,intercept,1.20715829835043,0.0785817879418432,1.05313799398442,1.36117860271644
401,AIPW,1.09688255591882,0.047974424773636,1.00285268336249,1.19091242847514
402,Tlearner,1.06796678336844,0.0653995707406605,0.939785980112362,1.19614758662451
402,Rlearner,1.12056364775689,0.0628042849166375,0.997469511245491,1.24365778426829
402,intercept,1.29655424580691,0.0896528662645801,1.12083462792834,1.47227386368549
402,AIPW,1.12462651044578,0.0488355691544293,1.0289087949031,1.22034422598846
403,Tlearner,1.06103501064933,0.0616328245508437,0.940236894264199,1.18183312703446
403,Rlearner,1.06823880125501,0.0622062838590033,0.946316725279286,1.19016087723073
403,intercept,1.21496416820751,0.0787529172077146,1.06060845048039,1.36931988593463
403,AIPW,1.10313822012862,0.0536451320623337,0.997993761286443,1.20828267897079
404,Tlearner,0.957688997694054,0.0625036991061435,0.835183998545484,1.08019399684262
404,Rlearner,1.009459107224,0.0632910574441233,0.88541091409006,1.13350730035793
404,intercept,1.10205036009962,0.0792985759249534,0.946625151286715,1.25747556891253
404,AIPW,1.0569926484824,0.0764588918071716,0.907133220540342,1.20685207642445
405,Tlearner,0.879303107091188,0.0648754017792405,0.752149656121311,1.00645655806107
405,Rlearner,0.908001694229896,0.0593531861260911,0.791671587055055,1.02433180140474
405,intercept,1.20538165958986,0.0785564919307356,1.05141093540561,1.3593523837741
405,AIPW,0.948053433682069,0.0431436267571,0.863491925238153,1.03261494212599
406,Tlearner,0.881190497386803,0.0642093952067136,0.755342395312546,1.00703859946106
406,Rlearner,0.944410380755406,0.0613470543377105,0.824172363695872,1.06464839781494
406,intercept,1.16627850579489,0.0827290080963057,1.00412964992613,1.32842736166365
406,AIPW,0.889891569370438,0.0564545951933984,0.779240562791377,1.0005425759495
410,Tlearner,0.907527912516802,0.0590484237975109,0.791795128529823,1.02326069650378
410,Rlearner,0.990891574539572,0.057519875383813,0.878154690392067,1.10362845868708
410,intercept,1.08246842823805,0.0747640901073784,0.935930811627585,1.22900604484851
410,AIPW,0.985649927326366,0.0503250503885758,0.887012828564757,1.08428702608797
411,Tlearner,1.13692613384509,0.058145122587556,1.02296378769682,1.25088847999337
411,Rlearner,1.1495043539113,0.0578198450454354,1.03617954003056,1.26282916779204
411,intercept,1.14769469075923,0.0743314042142853,1.00200513849923,1.29338424301923
411,AIPW,1.18713085314754,0.0528037098269006,1.08363558188682,1.29062612440827
412,Tlearner,1.03917400310992,0.0606281809693312,0.920344951961859,1.15800305425799
412,Rlearner,1.06145124743858,0.0586650838175023,0.946469796006253,1.17643269887091
412,intercept,1.22864380503872,0.075591492680914,1.08048447938413,1.37680313069331
412,AIPW,1.03709351572212,0.045383544011989,0.948141769458625,1.12604526198562
413,Tlearner,0.972824678437075,0.0605037425666531,0.854239522076552,1.0914098347976
413,Rlearner,1.08511855199373,0.0530589181649631,0.981124983331742,1.18911212065571
413,intercept,1.28230664698114,0.0708866035469628,1.14336890402909,1.42124438993319
413,AIPW,1.16558411413556,0.107849397421886,0.95419929518866,1.37696893308246
414,Tlearner,1.04961693739708,0.0618740452622301,0.92834603710531,1.17088783768885
414,Rlearner,1.03770959275233,0.0602612391021656,0.919599734448327,1.15581945105633
414,intercept,1.24585530724388,0.0783688202666612,1.09225241952122,1.39945819496654
414,AIPW,1.0928952444253,0.0486002507794119,0.997638752897653,1.18815173595295
415,Tlearner,0.990435452280141,0.0605689294200206,0.871722532034752,1.10914837252553
415,Rlearner,1.00087494379299,0.0539572573838905,0.895120662616002,1.10662922496997
415,intercept,1.12548299523061,0.074731630088604,0.979009000256948,1.27195699020428
415,AIPW,0.93756045586506,0.0455976402076565,0.848189081058053,1.02693183067207
416,Tlearner,1.02993552311653,0.0594699090874972,0.913376643141165,1.1464944030919
416,Rlearner,0.964683861239623,0.0583333609999494,0.850352574582549,1.0790151478967
416,intercept,1.17094423562967,0.0746063369413742,1.02471581522458,1.31717265603477
416,AIPW,0.951542679937122,0.054017670099268,0.845668046542556,1.05741731333169
418,Tlearner,0.987900868440451,0.0632564129240978,0.863920577318025,1.11188115956288
418,Rlearner,0.850741834393806,0.0619841876984267,0.729255058893919,0.972228609893693
418,intercept,1.17330063182421,0.0810945700072728,1.01435527460995,1.33224598903846
418,AIPW,1.02819487299893,0.0441729750543627,0.941615841892381,1.11477390410548
419,Tlearner,1.06801784701102,0.0612211805150753,0.948026538110444,1.18800915591159
419,Rlearner,1.07597430597685,0.0565826217914236,0.965074405114814,1.1868742068389
419,intercept,1.14226107259019,0.0774342546726832,0.990489933431726,1.29403221174864
419,AIPW,1.1004201887867,0.0483123682640453,1.00572794698917,1.19511243058423
420,Tlearner,1.12574209850398,0.0615894640030588,1.00502896723086,1.2464552297771
420,Rlearner,1.12178845189643,0.0646179818720143,0.995139534673624,1.24843736911924
420,intercept,1.25994213373909,0.084026857008229,1.09524949400296,1.42463477347522
420,AIPW,1.20010638145243,0.0817674399362111,1.03984219917745,1.3603705637274
421,Tlearner,1.01727021573814,0.0621708092930997,0.895417668633954,1.13912276284232
421,Rlearner,1.02844579275574,0.0591835699050727,0.912448127265293,1.1444434582462
421,intercept,1.22674568224587,0.0758886309975858,1.0780039654906,1.37548739900114
421,AIPW,0.930918924588139,0.116241709887353,0.703085173208928,1.15875267596735
422,Tlearner,1.00265665925977,0.060983370574743,0.883131449277416,1.12218186924213
422,Rlearner,0.985232323109069,0.0597497240498915,0.868125015885075,1.10233963033306
422,intercept,1.25586342301965,0.077577073421173,1.10381235911415,1.40791448692515
422,AIPW,1.03625410514374,0.0483997839339108,0.94139052863327,1.1311176816542
423,Tlearner,0.914103989517001,0.0619569352563021,0.792670627822169,1.03553735121183
423,Rlearner,0.898803853057744,0.0586608788011211,0.783830643306077,1.01377706280941
423,intercept,1.13420698143841,0.0885825836048909,0.960585117572819,1.30782884530399
423,AIPW,0.923322031198972,0.0461713492479542,0.832826186672982,1.01381787572496
424,Tlearner,1.06061478083158,0.0622632756239197,0.938581003049206,1.18264855861395
424,Rlearner,1.09301463449319,0.0578486872646447,0.979633290901569,1.20639597808482
424,intercept,1.1716567482293,0.0717598151555619,1.0310075105244,1.3123059859342
424,AIPW,1.08379912616781,0.0429127459687112,0.999690144069134,1.16790810826648
425,Tlearner,0.841490254527853,0.0590151976357351,0.725822592621299,0.957157916434408
425,Rlearner,0.848237651229442,0.0574288556442736,0.735679162493316,0.960796139965568
425,intercept,1.17287872076095,0.082006673348166,1.01214564099855,1.33361180052336
425,AIPW,0.856305129012383,0.0491144627594676,0.760040782003826,0.952569476020939
426,Tlearner,1.14208087669987,0.0597688253547703,1.02493613160626,1.25922562179349
426,Rlearner,1.14597876085317,0.0542838341793682,1.03958440091887,1.25237312078748
426,intercept,1.32854085471118,0.0750963702629481,1.1813519689958,1.47572974042656
426,AIPW,1.142782281034,0.0491849987645628,1.04637968345546,1.23918487861255
427,Tlearner,1.02421100536759,0.0612171842325269,0.904227529036885,1.1441944816983
427,Rlearner,1.0711554676282,0.0598594604060414,0.95383308109836,1.18847785415805
427,intercept,1.15137918529774,0.0880434622886467,0.978813999211995,1.32394437138349
427,AIPW,1.03929844373601,0.0853934847820745,0.871927213563147,1.20666967390888
428,Tlearner,0.911219968395176,0.0597560688910724,0.79410022551098,1.02833971127937
428,Rlearner,0.852552887032199,0.058067590470684,0.738742501040637,0.966363273023761
428,intercept,0.922019417855465,0.0742501315767508,0.776489159965034,1.0675496757459
428,AIPW,0.856775190064319,0.0420657018429993,0.774326414452041,0.939223965676598
429,Tlearner,0.960083896483469,0.0609150032078586,0.840692684077925,1.07947510888901
429,Rlearner,0.91601741646406,0.0594418514545013,0.799513528438858,1.03252130448926
429,intercept,1.09136473994854,0.0787859488449749,0.93694428021239,1.24578519968469
429,AIPW,0.988182516772386,0.0587017178191151,0.87312714984692,1.10323788369785
430,Tlearner,0.982871073132916,0.0629227348960271,0.859544778927941,1.10619736733789
430,Rlearner,0.973020965249238,0.0576863644512007,0.859957768525833,1.08608416197264
430,intercept,1.13942294387452,0.0791578497428485,0.984273558378538,1.2945723293705
430,AIPW,0.964398025828785,0.0447570217336445,0.876674263230842,1.05212178842673
431,Tlearner,1.02906422758231,0.0611536460017861,0.909205283895494,1.14892317126912
431,Rlearner,0.967010820631617,0.0593085226113117,0.850768252337167,1.08325338892607
431,intercept,1.19951645208752,0.0753587321324764,1.05181333710787,1.34721956706718
431,AIPW,1.04121185803715,0.053221636440106,0.936897450614545,1.14552626545976
432,Tlearner,1.01007804120075,0.0624584432649153,0.887661741871082,1.13249434053043
432,Rlearner,0.996842867856501,0.0591527932461612,0.880905523509081,1.11278021220392
432,intercept,1.27864961605601,0.0858643321246587,1.11035552509168,1.44694370702035
432,AIPW,1.03918842138073,0.0553164540586784,0.93076817142572,1.14760867133574
433,Tlearner,0.874861581313898,0.0615282934704731,0.75426834208156,0.995454820546236
433,Rlearner,0.918059034176088,0.059840503502001,0.800773802495423,1.03534426585675
433,intercept,1.0684039203435,0.0787832424913352,0.913988765060487,1.22281907562652
433,AIPW,0.92705422340785,0.0510671757302908,0.82696255897648,1.02714588783922
434,Tlearner,0.979290767703508,0.0573928780734719,0.866802793710404,1.09177874169661
434,Rlearner,1.01723164504366,0.053794356982719,0.911796642786038,1.12266664730128
434,intercept,1.18796294412222,0.0765907850735813,1.037845005378,1.33808088286643
434,AIPW,0.982017980319934,0.0500687970078049,0.883883138184636,1.08015282245523
435,Tlearner,0.986390099986499,0.0620324373859657,0.864808756836771,1.10797144313623
435,Rlearner,1.02242670634344,0.0602358961362328,0.904366519339927,1.14048689334695
435,intercept,1.11998988808987,0.0781125474850516,0.966889295019167,1.27309048116057
435,AIPW,1.03111646106243,0.0509306274163992,0.931292431326285,1.13094049079857
437,Tlearner,1.01403292335292,0.0594865903910613,0.897441348623357,1.13062449808249
437,Rlearner,1.06044968445941,0.0575246356426343,0.947703470376062,1.17319589854277
437,intercept,1.08413068934857,0.0792247346736488,0.928850209388219,1.23941116930892
437,AIPW,1.01406892539545,0.0449904828536568,0.925887579002282,1.10225027178862
438,Tlearner,1.0390140353148,0.0594138445657802,0.922565039782812,1.15546303084679
438,Rlearner,1.06916472255189,0.058613738436247,0.954283906217597,1.18404553888619
438,intercept,1.25886934693852,0.0746942901570953,1.11246853823061,1.40527015564643
438,AIPW,1.21578947529597,0.141630507941875,0.938193679729894,1.49338527086204
439,Tlearner,1.03149745411084,0.064160341354675,0.905745495819876,1.15724941240179
439,Rlearner,1.02056658239649,0.0586823368036758,0.905551315732636,1.13558184906034
439,intercept,1.16750767318461,0.0776349940540849,1.0153430848386,1.31967226153062
439,AIPW,1.13325869012015,0.120150210911084,0.89776427673443,1.36875310350588
440,Tlearner,1.07893216385787,0.0599511617145619,0.961430046065991,1.19643428164975
440,Rlearner,1.07105092757707,0.0580720661000663,0.957231769513106,1.18487008564102
440,intercept,1.14864362748396,0.0765039716269144,0.99869584309521,1.29859141187271
440,AIPW,1.09387092266329,0.0489115922575534,0.998004201838486,1.1897376434881
441,Tlearner,1.09583356367643,0.0617968852291197,0.974713894270596,1.21695323308226
441,Rlearner,1.06956008932348,0.060190548849529,0.951588781368703,1.18753139727825
441,intercept,1.25417786418151,0.0816956536589653,1.09405438300994,1.41430134535309
441,AIPW,1.03340284632446,0.057558454446985,0.92058827560837,1.14621741704055
443,Tlearner,0.995532975966178,0.0617788999461512,0.874448557067218,1.11661739486514
443,Rlearner,1.01692287239612,0.0576628189165565,0.903905824072618,1.12993992071963
443,intercept,1.10369876705424,0.0785594580150491,0.949722229344741,1.25767530476373
443,AIPW,0.979521830807534,0.0532653057951737,0.875121831448993,1.08392183016607
444,Tlearner,1.04087208776769,0.062126546519924,0.919106294104786,1.16263788143059
444,Rlearner,0.991994511608283,0.0570816214204222,0.880116589445106,1.10387243377146
444,intercept,1.19475238200344,0.0737253105365031,1.05025077335189,1.33925399065498
444,AIPW,1.00023117603094,0.0483743856253871,0.905417380205178,1.0950449718567
445,Tlearner,0.977173838291331,0.0643071924125886,0.85113405721577,1.10321361936689
445,Rlearner,0.972800341502068,0.0585132940948545,0.858116392459353,1.08748429054478
445,intercept,1.19030419941915,0.0783125777984844,1.03681154693412,1.34379685190418
445,AIPW,1.01144458381265,0.0499215142201324,0.913598415941195,1.10929075168411
446,Tlearner,0.885249838779101,0.0590405112256799,0.769532563147936,1.00096711441027
446,Rlearner,0.919128880594801,0.0548546241052131,0.8116157929631,1.0266419682265
446,intercept,1.21080730003697,0.0682510481515213,1.07703524565998,1.34457935441395
446,AIPW,0.874227444321105,0.113259862150407,0.652238114506307,1.0962167741359
447,Tlearner,0.992211596969203,0.0587384557515034,0.877086339188757,1.10733685474965
447,Rlearner,1.04080418123661,0.054846597399141,0.933306825659726,1.1483015368135
447,intercept,1.18383812512964,0.0711170026897487,1.04444879985773,1.32322745040154
447,AIPW,1.05159532409082,0.0480344146348096,0.957447871406592,1.14574277677505
448,Tlearner,0.968719261041784,0.0589670468547725,0.853145972931744,1.08429254915182
448,Rlearner,0.984132940864783,0.0573918741618464,0.871646934502309,1.09661894722726
448,intercept,1.12375505542408,0.0798872497330388,0.967176045947324,1.28033406490084
448,AIPW,1.03189390459493,0.0486682155331325,0.936504202149994,1.12728360703987
449,Tlearner,1.01674075808789,0.0622386329023924,0.894755279152192,1.13872623702359
449,Rlearner,1.04655263677684,0.0625755541087557,0.923906804411041,1.16919846914264
449,intercept,1.2672924113249,0.0841986891366432,1.10226298061707,1.43232184203272
449,AIPW,1.01251622274494,0.0570080418136873,0.900780460790114,1.12425198469977
450,Tlearner,1.06416707534727,0.058576402770303,0.949359435573561,1.17897471512097
450,Rlearner,1.02457293575023,0.0579781163624892,0.910937915788274,1.13820795571218
450,intercept,1.13454299156711,0.086351522891018,0.965294006700712,1.3037919764335
450,AIPW,0.996146085253964,0.0558383696499542,0.886702880740053,1.10558928976787
451,Tlearner,0.985517226388468,0.0627891606363146,0.862452732921791,1.10858171985514
451,Rlearner,0.954736793758284,0.0605644345602497,0.836032683276162,1.07344090424041
451,intercept,1.17594055965376,0.0860062061454706,1.00736839560864,1.34451272369889
451,AIPW,0.968563591399364,0.0456299363062839,0.879128916239047,1.05799826655968
452,Tlearner,0.821205429950387,0.0610170455751811,0.701614218179993,0.940796641720781
452,Rlearner,0.923255939687367,0.0553795957349126,0.814713926568551,1.03179795280618
452,intercept,1.04871460490724,0.0799075079895137,0.892095889247795,1.20533332056669
452,AIPW,0.858556996953768,0.0405515059564557,0.779076045279115,0.938037948628422
453,Tlearner,1.01526102800963,0.0583965107934208,0.900805970031725,1.12971608598754
453,Rlearner,1.04840078448057,0.0567417951445282,0.937188909579142,1.15961265938199
453,intercept,1.1448309631891,0.0752274584526551,0.997385144621896,1.2922767817563
453,AIPW,1.03038727044343,0.046139757978665,0.939953344805246,1.12082119608161
454,Tlearner,1.08036350644059,0.0608697731899319,0.961060943241197,1.19966606963997
454,Rlearner,1.08268840054239,0.0551542004324622,0.974588154098661,1.19078864698612
454,intercept,1.18818180480756,0.0741868403440127,1.04277559773329,1.33358801188182
454,AIPW,1.0573954584727,0.0469107264761651,0.96545043457942,1.14934048236599
455,Tlearner,1.05140826220928,0.0613767655431107,0.931112012257227,1.17170451216134
455,Rlearner,1.04635873387898,0.0586104187273547,0.931484424054553,1.16123304370341
455,intercept,1.09562850041378,0.078661166133632,0.941452614791858,1.2498043860357
455,AIPW,1.03356081779119,0.0565166241596163,0.922788234438337,1.14433340114403
456,Tlearner,0.951715928598681,0.0604215910032796,0.833291786343644,1.07014007085372
456,Rlearner,0.965815836231206,0.0589216727204944,0.850331479790181,1.08130019267223
456,intercept,1.11270839242484,0.0798223502578258,0.956256585919498,1.26916019893018
456,AIPW,0.982464714215998,0.047243404370725,0.889867641649377,1.07506178678262
457,Tlearner,0.886805832974545,0.0650432847213451,0.759323337484524,1.01428832846457
457,Rlearner,0.953797528964065,0.0604566206360144,0.835304729890476,1.07229032803765
457,intercept,1.04742521157795,0.0799449701412028,0.890733070101195,1.20411735305471
457,AIPW,1.04289849658864,0.116195085444368,0.815156129117677,1.2706408640596
458,Tlearner,0.931092847523963,0.0566372175251134,0.82008594099018,1.04209975405775
458,Rlearner,0.934725793376436,0.0540918538687762,0.828707707936631,1.04074387881624
458,intercept,1.05607562751432,0.0807931994185193,0.897720956654025,1.21443029837462
458,AIPW,0.916288208889128,0.0473204279462578,0.823540170114463,1.00903624766379
460,Tlearner,1.08050112292557,0.0588366606547325,0.965183387071693,1.19581885877945
460,Rlearner,1.04428879897394,0.0584344476999396,0.929759386025571,1.15881821192231
460,intercept,1.29934463944381,0.0811585974724192,1.14027378839787,1.45841549048975
460,AIPW,1.11793512532959,0.0431989359634607,1.03326521084121,1.20260503981798
461,Tlearner,1.00439790938269,0.0609073478762807,0.885021701151329,1.12377411761405
461,Rlearner,1.01858476680421,0.0605934943831267,0.899823700115853,1.13734583349257
461,intercept,1.23663901303197,0.0806862752424256,1.07849391355681,1.39478411250712
461,AIPW,1.04152084632456,0.0490272808651081,0.945427375828948,1.13761431682017
463,Tlearner,0.98828376145485,0.0605172534826518,0.869672124185572,1.10689539872413
463,Rlearner,1.02390129907985,0.0597022998070267,0.906886941663861,1.14091565649583
463,intercept,1.21583398582308,0.0782805460989368,1.06240411546917,1.369263856177
463,AIPW,1.04912840334548,0.0617891569193696,0.928021655783512,1.17023515090744
464,Tlearner,0.937232870930186,0.0611166974323778,0.817446345108694,1.05701939675168
464,Rlearner,0.977653990900244,0.0635167530363885,0.853163442533997,1.10214453926649
464,intercept,1.21445732759473,0.0834314318645432,1.05093172114023,1.37798293404924
464,AIPW,0.949861161734988,0.0576586493509029,0.836850209007218,1.06287211446276
465,Tlearner,1.03281257752518,0.0593945687264935,0.916401361943962,1.14922379310639
465,Rlearner,1.01157660571797,0.0622266091978973,0.889614692810038,1.13353851862589
465,intercept,1.1494810346445,0.0857079171238374,0.98149351708178,1.31746855220722
465,AIPW,1.09857419932736,0.0874864778038461,0.927100702831823,1.2700476958229
466,Tlearner,0.955336206728328,0.0619221926437564,0.833970939302815,1.07670147415384
466,Rlearner,1.01824617222949,0.0610320029879135,0.898625644468844,1.13786669999015
466,intercept,1.17818847045732,0.0818550022957707,1.01775266595761,1.33862427495703
466,AIPW,1.00934475738407,0.0569559686904769,0.89771105875074,1.12097845601741
467,Tlearner,0.989787314868576,0.0606615447558974,0.870892871900453,1.1086817578367
467,Rlearner,1.04624094025881,0.0597488706329149,0.929135305701357,1.16334657481627
467,intercept,1.17014598815988,0.0774503805056785,1.01834324236875,1.32194873395101
467,AIPW,1.05198378197517,0.049731821051132,0.954509412714954,1.14945815123539
468,Tlearner,1.00196884993149,0.0593253008490943,0.885693396895261,1.11824430296772
468,Rlearner,0.967522157356246,0.0598257323896082,0.850265876523883,1.08477843818861
468,intercept,1.24826352058314,0.0751560142931628,1.10095773256854,1.39556930859774
468,AIPW,0.98452841006714,0.0508508711959005,0.884860702523175,1.0841961176111
469,Tlearner,0.986819573084298,0.0624811392594681,0.864358790422709,1.10928035574589
469,Rlearner,1.00499292495762,0.0575560021044719,0.89218523373874,1.11780061617649
469,intercept,1.19726538603013,0.0769647072938521,1.04641455973418,1.34811621232608
469,AIPW,0.952160660901112,0.0453324043437926,0.863309148387279,1.04101217341495
470,Tlearner,1.08631556576688,0.0648412516216556,0.959229047875937,1.21340208365783
470,Rlearner,1.07786652761831,0.0634650788967963,0.953477258704599,1.20225579653203
470,intercept,1.16500213489729,0.0828693830318559,1.00257814415485,1.32742612563973
470,AIPW,1.07157415234848,0.0556159120700374,0.962566964691207,1.18058134000575
471,Tlearner,0.910657179760065,0.0629696778778635,0.787238879001364,1.03407548051877
471,Rlearner,0.894068051063944,0.0622464424372848,0.77206726572112,1.01606883640677
471,intercept,1.12519033643539,0.0931127535540837,0.942689339469389,1.3076913334014
471,AIPW,0.948553976990116,0.0681304360526331,0.815018322326956,1.08208963165328
472,Tlearner,0.96239357208227,0.0642981251273891,0.836371562559138,1.0884155816054
472,Rlearner,0.832042987986798,0.0622633459650172,0.710009072338407,0.954076903635189
472,intercept,1.08974284500357,0.0778595384730448,0.937138149596404,1.24234754041074
472,AIPW,0.953071079720428,0.0439534889829863,0.866922241313775,1.03921991812708
474,Tlearner,1.00650483030313,0.0553998807077746,0.897923059368074,1.11508660123818
474,Rlearner,1.03259786174419,0.0547316705096313,0.925325758731595,1.13986996475678
474,intercept,1.19443618297283,0.0738667123999032,1.04965742666902,1.33921493927664
474,AIPW,0.998710192422603,0.0600148880204193,0.881081011902581,1.11633937294262
475,Tlearner,0.983929317446972,0.0585301185030314,0.869212393170169,1.09864624172378
475,Rlearner,0.98111516409591,0.0630721028795527,0.857496114022782,1.10473421416904
475,intercept,1.18996503870749,0.0816656414222741,1.02990038151983,1.35002969589514
475,AIPW,1.01419383176427,0.0447915747503478,0.926402345253591,1.10198531827495
477,Tlearner,1.08709886473781,0.0601735349582725,0.969160903397136,1.20503682607849
477,Rlearner,1.10358528952009,0.0545179180229591,0.996732133682987,1.2104384453572
477,intercept,1.1934144925982,0.07608065046389,1.04429641768897,1.34253256750742
477,AIPW,1.13074326054341,0.0579542330724338,1.01715296372144,1.24433355736538
478,Tlearner,0.979018701864043,0.0586598703746581,0.864047468591925,1.09398993513616
478,Rlearner,1.04787357264793,0.0608095173102057,0.928689108802666,1.1670580364932
478,intercept,1.17954929628089,0.0810095922338958,1.02077049550246,1.33832809705933
478,AIPW,1.05120868304341,0.0499306126567561,0.953344682236167,1.14907268385065
479,Tlearner,1.04983331912924,0.0611699164863963,0.929942485878576,1.1697241523799
479,Rlearner,1.05883543044553,0.059141508197189,0.942920204387659,1.1747506565034
479,intercept,1.16462506818165,0.0794465605126164,1.00890980957692,1.32034032678637
479,AIPW,1.04143729895681,0.0522325896660102,0.939061423211427,1.14381317470219
480,Tlearner,0.795888521348309,0.057742923718669,0.682714470497674,0.909062572198944
480,Rlearner,0.86293223763045,0.0524378519151775,0.760155936450058,0.965708538810843
480,intercept,1.00892772623894,0.0726571140493462,0.866519782702226,1.15133566977566
480,AIPW,0.772600887742642,0.0626235388896303,0.649858751518967,0.895343023966318
481,Tlearner,0.997355292131643,0.0577160684721585,0.884233876596965,1.11047670766632
481,Rlearner,1.0026175010464,0.0582653258913045,0.888419560751957,1.11681544134085
481,intercept,1.17839712875268,0.0725921122898397,1.03611658866459,1.32067766884076
481,AIPW,0.991806965858926,0.0476113648229828,0.89848869080588,1.08512524091197
482,Tlearner,1.03193964984429,0.0620984116430513,0.910228999526763,1.15365030016181
482,Rlearner,1.00156270906165,0.0624534274903882,0.879156240469406,1.1239691776539
482,intercept,1.24534443779727,0.0811582967615274,1.08627417614467,1.40441469944986
482,AIPW,1.04084544416234,0.0419539102316361,0.958615780108331,1.12307510821634
483,Tlearner,1.02432432057957,0.066494143083858,0.893998194952353,1.15465044620678
483,Rlearner,1.06564188373224,0.0608758886129487,0.946327334523988,1.18495643294049
483,intercept,1.2837747761167,0.0850419906584432,1.11709247442616,1.45045707780725
483,AIPW,1.05627817182506,0.0684424753237219,0.922130920190567,1.19042542345956
484,Tlearner,0.943081856080359,0.0619434710966801,0.821674883653468,1.06448882850725
484,Rlearner,0.923400875925708,0.0591254558797799,0.807517111831827,1.03928464001959
484,intercept,1.17640015486808,0.0833122389754167,1.01310816647627,1.3396921432599
484,AIPW,0.908452201476434,0.0603153808082739,0.790234055092217,1.02667034786065
485,Tlearner,0.970564647429906,0.0608991410169096,0.851204524347337,1.08992477051247
485,Rlearner,0.994768462002594,0.0627134879858262,0.87185228420549,1.1176846397997
485,intercept,1.04852015049045,0.0799033764720759,0.89190953260518,1.20513076837572
485,AIPW,0.990097421887176,0.0529071511044828,0.886399405722389,1.09379543805196
486,Tlearner,1.02323795294101,0.0596480889593216,0.906329846834095,1.14014605904792
486,Rlearner,1.00274643440682,0.0586691159225065,0.887757080193903,1.11773578861974
486,intercept,1.14442302162021,0.0790883985027244,0.989409760554871,1.29943628268555
486,AIPW,0.964495286662162,0.0835464681554516,0.800744209077476,1.12824636424685
487,Tlearner,0.939595228976776,0.0599882448241844,0.822020429625603,1.05717002832795
487,Rlearner,0.972330582345915,0.0566736018246163,0.861252363895503,1.08340880079633
487,intercept,1.13642902467148,0.0783716428280646,0.982820604728475,1.29003744461449
487,AIPW,0.977536593179788,0.048486441982804,0.882503166893492,1.07257001946608
488,Tlearner,0.903868128004379,0.108731011428289,0.69075926160232,1.11697699440644
488,Rlearner,0.992261063608379,0.05967011438286,0.875309788464588,1.10921233875217
488,intercept,1.14574729287045,0.0820484591658297,0.984932312905426,1.30656227283548
488,AIPW,0.961860846646283,0.0520242082054992,0.859893398563504,1.06382829472906
489,Tlearner,0.881845770151823,0.0632928040925112,0.757794153649951,1.00589738665369
489,Rlearner,0.885177555746289,0.0558953410943053,0.775624700297869,0.99473041119471
489,intercept,1.15385286284896,0.0802443577918062,0.99657392157702,1.3111318041209
489,AIPW,0.882876266614248,0.0419144319084415,0.800723980073703,0.965028553154794
490,Tlearner,1.03952716164627,0.0601384193702097,0.921658025593498,1.15739629769905
490,Rlearner,1.02871640551462,0.0575169779585953,0.915985200216185,1.14144761081305
490,intercept,1.17252962201929,0.0730542744413588,1.02934324411423,1.31571599992436
490,AIPW,1.00508103770046,0.0776736933312738,0.85284059877116,1.15732147662975
491,Tlearner,0.951201629922901,0.0641282876053147,0.825512495826258,1.07689076401954
491,Rlearner,0.983970547729585,0.0612204103809624,0.863980748264137,1.10396034719503
491,intercept,1.10722372177452,0.0809694756893559,0.948523549423386,1.26592389412566
491,AIPW,1.02479050536669,0.0571171485016375,0.912840894303483,1.1367401164299
492,Tlearner,0.896821234671166,0.0606966061107162,0.777858072710349,1.01578439663198
492,Rlearner,0.92497889762258,0.0590007356803987,0.809339580627631,1.04061821461753
492,intercept,1.12916494643487,0.0796706261407061,0.973010519199081,1.28531937367065
492,AIPW,0.929100143302613,0.0567657321768975,0.817839308235894,1.04036097836933
493,Tlearner,0.980188331112827,0.0628668903168767,0.856971490271718,1.10340517195393
493,Rlearner,1.03654976034399,0.0590412717544999,0.920830994103732,1.15226852658425
493,intercept,1.21151115527674,0.0857468453673003,1.04344733835683,1.37957497219665
493,AIPW,0.986467222743095,0.0790309218947814,0.831566615829324,1.14136782965687
494,Tlearner,0.838577048326841,0.0680626711761621,0.705176664129971,0.971977432523711
494,Rlearner,0.822355860917536,0.0652761450133075,0.69441696764184,0.950294754193233
494,intercept,1.0680716994686,0.0792619602820223,0.912718257315831,1.22342514162136
494,AIPW,0.876771066251266,0.0504542397703446,0.77788075630139,0.975661376201141
495,Tlearner,1.03024059748534,0.0638826698300211,0.905032865382233,1.15544832958844
495,Rlearner,1.06705296965655,0.061577562908816,0.946363164099518,1.18774277521358
495,intercept,1.20676321129832,0.0814661147082053,1.04708962647024,1.3664367961264
495,AIPW,1.08017327846805,0.0501234043198808,0.98193140600108,1.17841515093501
496,Tlearner,1.10533539947844,0.0606305861582464,0.986501634246723,1.22416916471015
496,Rlearner,1.1134067292482,0.0545898427763531,1.00641260348485,1.22040085501156
496,intercept,1.36022692185633,0.0763204128546835,1.21063891266115,1.50981493105151
496,AIPW,1.0980934953103,0.0496080288646955,1.0008617587355,1.1953252318851
497,Tlearner,0.989722582010069,0.0573452162117182,0.877328023549439,1.1021171404707
497,Rlearner,1.01520824469837,0.0601087792573637,0.897397202199265,1.13301928719747
497,intercept,1.08931156396176,0.0760716686112402,0.940211093483724,1.23841203443979
497,AIPW,1.00964156320027,0.0441110953172891,0.923183816378387,1.09609931002216
498,Tlearner,0.932390580288441,0.0598611191090746,0.815064942760392,1.04971621781649
498,Rlearner,0.966308360105646,0.0607328147105801,0.847274230593165,1.08534248961813
498,intercept,1.10964367117808,0.0773962565811911,0.957947008278945,1.26134033407721
498,AIPW,0.97638668958031,0.050710404959873,0.876994295858959,1.07577908330166
499,Tlearner,0.958268570528049,0.115073051106011,0.73272953476913,1.18380760628697
499,Rlearner,1.05200972954037,0.0581003719984986,0.938135092934937,1.16588436614581
499,intercept,1.20946657610699,0.0807123206437469,1.05127042764524,1.36766272456873
499,AIPW,1.12434656738222,0.0642319621785481,0.99845192151227,1.25024121325218
500,Tlearner,0.915719978335164,0.0613142355462826,0.795546284924845,1.03589367174548
500,Rlearner,0.959581931073773,0.0586529703587664,0.844624221584295,1.07453964056325
500,intercept,1.06766656953428,0.0764841055245567,0.917757722706149,1.21757541636241
500,AIPW,0.967545305685392,0.0579739181242142,0.853916426161932,1.08117418520885
501,Tlearner,1.01847273837966,0.0625926268538761,0.895793444048305,1.14115203271101
501,Rlearner,1.08396186241633,0.0579437928241544,0.970394115353342,1.19752960947933
501,intercept,1.12645738824207,0.0730605565271288,0.983258697448897,1.26965607903524
501,AIPW,1.06168025340826,0.0448327701966959,0.973808023822739,1.14955248299379
502,Tlearner,0.949700423998335,0.0631961999374109,0.825838148161217,1.07356269983545
502,Rlearner,0.94993938120175,0.0636871250974603,0.825114909731831,1.07476385267167
502,intercept,1.11508630355099,0.0878025223302441,0.94299335978371,1.28717924731827
502,AIPW,0.971142447442273,0.0521703767889112,0.868888508936007,1.07339638594854
503,Tlearner,1.11587212563561,0.0609432459329927,0.996425558505976,1.23531869276524
503,Rlearner,1.18796093510567,0.0586345989855881,1.07303923284597,1.30288263736537
503,intercept,1.33977797220965,0.0761118036639389,1.19059883702833,1.48895710739097
503,AIPW,1.15394903705157,0.0576699003153288,1.04091603243353,1.26698204166962
504,Tlearner,0.980030513818816,0.0603406671759682,0.8617649793508,1.09829604828683
504,Rlearner,1.017394916392,0.055945975609982,0.907742819116475,1.12704701366752
504,intercept,1.24506397988127,0.0765265966953909,1.09507185035831,1.39505610940424
504,AIPW,1.06553673765276,0.0705915371279175,0.92717732488204,1.20389615042348
505,Tlearner,0.940088979192501,0.0578199260745768,0.826764006497562,1.05341395188744
505,Rlearner,1.00002431374231,0.0588668541880054,0.884647399650647,1.11540122783397
505,intercept,1.19789379037687,0.0844938306808131,1.03228588224248,1.36350169851126
505,AIPW,1.00956913876451,0.0459785473966655,0.919451185867045,1.09968709166197
506,Tlearner,0.996790648386829,0.060020506130031,0.879152618038103,1.11442867873556
506,Rlearner,1.06407137134058,0.0594032725183717,0.947643096640755,1.18049964604041
506,intercept,1.1918112034092,0.0794410821972652,1.03610668230256,1.34751572451584
506,AIPW,1.04222285172579,0.0510872226784351,0.942091895276058,1.14235380817552
507,Tlearner,1.00317567285909,0.0627935327679457,0.880102610171883,1.1262487355463
507,Rlearner,0.993433972092634,0.0592946620962354,0.877218569908541,1.10964937427673
507,intercept,1.06556128587258,0.0792386137745719,0.910253602874417,1.22086896887074
507,AIPW,0.975180611756066,0.0650992865382606,0.847586010141075,1.10277521337106
508,Tlearner,0.908139527076744,0.0647186760470098,0.78129325289749,1.034985801256
508,Rlearner,0.93633406428586,0.0614027958643744,0.815986795841622,1.0566813327301
508,intercept,1.12141748335223,0.0765587542999068,0.971362324924409,1.27147264178004
508,AIPW,0.884452486059502,0.0497499085682408,0.78694266526575,0.981962306853254
509,Tlearner,0.990689006481776,0.0610190090325025,0.871093946405747,1.1102840665578
509,Rlearner,1.00210989227464,0.0595786804254041,0.88533782439443,1.11888196015486
509,intercept,1.07801600865567,0.0769982929892556,0.927099354396729,1.22893266291461
509,AIPW,0.926789288918405,0.0544179214153655,0.820130162944289,1.03344841489252
510,Tlearner,0.981019803707171,0.0607681440066784,0.861916430046738,1.1001231773676
510,Rlearner,1.02219737669467,0.058650700785419,0.907244115487211,1.13715063790212
510,intercept,1.11865400073547,0.0777550266182317,0.966254148563738,1.27105385290721
510,AIPW,0.978743306102378,0.0548861063290326,0.871166537697474,1.08632007450728
512,Tlearner,0.996513838142036,0.0614177961808117,0.876137169617823,1.11689050666625
512,Rlearner,1.0115870510626,0.0546558937857445,0.904463467699698,1.11871063442551
512,intercept,1.16924293224432,0.0697035549911769,1.03262396446161,1.30586190002702
512,AIPW,1.02487422382677,0.0589292638545318,0.909372866671883,1.14037558098165
513,Tlearner,1.06929445929469,0.0636102117682599,0.944620735179936,1.19396818340945
513,Rlearner,1.04361411969093,0.0703341058585513,0.905761805323344,1.18146643405852
513,intercept,1.16418098336071,0.092197708723665,0.983473474262326,1.34488849245909
513,AIPW,1.14106467640853,0.0555559509960401,1.0321750124563,1.24995434036077
514,Tlearner,0.984484290124365,0.0600321482201909,0.866823441698221,1.10214513855051
514,Rlearner,1.02213456267891,0.0562043340752362,0.911976092116394,1.13229303324143
514,intercept,1.22438288045661,0.0781778161863851,1.0711543607313,1.37761140018193
514,AIPW,0.957769884894751,0.0741473665389299,0.812441046478448,1.10309872331105
515,Tlearner,0.979465515250876,0.060471111530832,0.860944314545341,1.09798671595641
515,Rlearner,0.982117243945794,0.0598871935868298,0.86474050138043,1.09949398651116
515,intercept,1.24604332793882,0.0812622205298453,1.08676937570032,1.40531728017732
515,AIPW,0.987032042307866,0.053183013153116,0.882793336527759,1.09127074808797
516,Tlearner,1.05352770756125,0.0668484273360603,0.922507197559425,1.18454821756307
516,Rlearner,1.06839088620368,0.0650847579422323,0.940827104694393,1.19595466771296
516,intercept,1.19282156355541,0.0858285718273797,1.02459756277375,1.36104556433708
516,AIPW,1.01971196621722,0.0544719083534339,0.912947025844494,1.12647690658996
517,Tlearner,0.986658214134789,0.0681680980224142,0.853051197116261,1.12026523115332
517,Rlearner,0.94222598173232,0.0604292287063571,0.823786869854327,1.06066509361031
517,intercept,1.05701682192696,0.0888346622969249,0.882900883824985,1.23113276002893
517,AIPW,0.942680274158111,0.0530389657207501,0.838723901345441,1.04663664697078
518,Tlearner,0.915836420013209,0.0602840592822042,0.797681834978211,1.03399100504821
518,Rlearner,0.972017887980777,0.0606155954740038,0.85321350395028,1.09082227201127
518,intercept,1.16375256105089,0.0783711934705023,1.01014502184871,1.31736010025308
518,AIPW,0.962857433876924,0.0485023155069885,0.867792895483227,1.05792197227062
519,Tlearner,0.998669415830625,0.0624641977251946,0.876241837966054,1.12109699369519
519,Rlearner,0.996970174016294,0.0620811231064737,0.875293408607808,1.11864693942478
519,intercept,1.14580385118033,0.0915012521373622,0.966461396991103,1.32514630536956
519,AIPW,1.0037417174461,0.0489187022255257,0.907861061084069,1.09962237380813
520,Tlearner,0.953016645720563,0.0630473002942729,0.829446207821307,1.07658708361982
520,Rlearner,0.96738585579126,0.0618871252588641,0.846089319177168,1.08868239240535
520,intercept,1.19199016523153,0.0864812457999747,1.02248692346358,1.36149340699948
520,AIPW,1.01257760794875,0.0488271331038143,0.916876427065275,1.10827878883223
521,Tlearner,0.960066201381005,0.0677361054600821,0.827305874226237,1.09282652853577
521,Rlearner,0.970648801550914,0.0610886603189299,0.850917227462011,1.09038037563982
521,intercept,1.19409575751723,0.0825321097985671,1.03233282231204,1.35585869272242
521,AIPW,1.00705404570409,0.0489989761843676,0.911016052382734,1.10309203902546
522,Tlearner,1.06075088363981,0.0639690583575327,0.935373833134107,1.18612793414552
522,Rlearner,1.12162404504778,0.0615210006726234,1.00104509943658,1.24220299065899
522,intercept,1.37373473628861,0.0829076666136988,1.21123570972576,1.53623376285146
522,AIPW,1.09990016637793,0.0634803872516774,0.975478607364641,1.22432172539122
523,Tlearner,1.05515905179848,0.0600167436237407,0.937528395826573,1.17278970777038
523,Rlearner,1.09807826704276,0.0618951080373977,0.976766084470244,1.21939044961527
523,intercept,1.1819389977354,0.0832332715634268,1.01880178547108,1.34507620999972
523,AIPW,1.09580221301423,0.055923394110177,0.986192360558286,1.20541206547018
524,Tlearner,0.952628588829586,0.0657404345872625,0.823779704710541,1.08147747294863
524,Rlearner,0.925769806770743,0.0647289288642565,0.798903437438945,1.05263617610254
524,intercept,0.987859677425669,0.0789408163114576,0.833135677455212,1.14258367739613
524,AIPW,0.986513127734773,0.0531706277497117,0.882298697345338,1.09072755812421
525,Tlearner,1.02245466076422,0.0595026791298853,0.905831552686005,1.13907776884244
525,Rlearner,1.05176013079667,0.0577940443435711,0.938485885362363,1.16503437623098
525,intercept,1.2763437877868,0.0739413119671292,1.13141881633123,1.42126875924238
525,AIPW,0.965150487301702,0.0678254388688085,0.832212627118837,1.09808834748457
527,Tlearner,1.03688369977424,0.0632392141606204,0.912937117608809,1.16083028193967
527,Rlearner,1.03116704063844,0.0619419799590366,0.909762990787622,1.15257109048925
527,intercept,1.13087208506947,0.0796739963189878,0.974711052284255,1.28703311785469
527,AIPW,1.04081806203596,0.0511213739538202,0.940620169086475,1.14101595498545
528,Tlearner,1.0617127048734,0.0598795886369689,0.944350867735863,1.17907454201093
528,Rlearner,1.08208595181954,0.0557538758562194,0.972810363142832,1.19136154049625
528,intercept,1.17187089185961,0.0787334423195659,1.01755334491326,1.32618843880596
528,AIPW,1.16434265681291,0.0981819142763154,0.971906104831328,1.35677920879448
529,Tlearner,1.09915374475657,0.0600171490864151,0.981522294092426,1.21678519542072
529,Rlearner,1.10992802964797,0.064319684732,0.98386376407628,1.23599229521966
529,intercept,1.18420401703576,0.0826507725703246,1.02220850279792,1.3461995312736
529,AIPW,1.09523064629028,0.0459220397793108,1.00522344832284,1.18523784425773
531,Tlearner,1.02669172318638,0.0610552658263648,0.907025601100187,1.14635784527258
531,Rlearner,1.03893595004261,0.0566562796146216,0.92789168249992,1.1499802175853
531,intercept,1.21576147789532,0.089451081276707,1.04043735859297,1.39108559719766
531,AIPW,1.00806310317238,0.0482646089585242,0.913464469613677,1.10266173673109
532,Tlearner,1.02991181761286,0.0601563792350702,0.912007480871787,1.14781615435393
532,Rlearner,1.04567180473038,0.0559928710633223,0.935927794055271,1.15541581540548
532,intercept,1.1209036478012,0.077361357923979,0.969275386270206,1.2725319093322
532,AIPW,1.08155258947962,0.0502378966728733,0.983086312000784,1.18001886695845
533,Tlearner,1.07138985724246,0.0585773947908747,0.956580273144164,1.18619944134076
533,Rlearner,1.0882287048412,0.0532294347110994,0.983900929890023,1.19255647979238
533,intercept,1.15138783246732,0.0753212811317232,1.00375812144914,1.2990175434855
533,AIPW,1.17952956923543,0.0820437812980856,1.01872375789118,1.34033538057968
534,Tlearner,1.01635358065206,0.0612517462412264,0.896302364029072,1.13640479727505
534,Rlearner,1.09413762313422,0.0583086229397661,0.979854822184156,1.20842042408429
534,intercept,1.14123232257256,0.0803175404769233,0.983809943237794,1.29865470190733
534,AIPW,1.09206241761343,0.0535682484191776,0.987068650711842,1.19705618451502
535,Tlearner,1.03192838872913,0.0598998918433073,0.914526758038399,1.14933001941985
535,Rlearner,1.04131301636589,0.053071978453497,0.937293850008749,1.14533218272303
535,intercept,1.35123828045104,0.0752760947504695,1.20369713474012,1.49877942616196
535,AIPW,0.986503361434013,0.095750977762729,0.798831445019064,1.17417527784896
536,Tlearner,1.04816072952854,0.060890622381449,0.928817302664673,1.16750415639241
536,Rlearner,1.04479037950661,0.0587824450194493,0.929578904345281,1.16000185466793
536,intercept,1.14249214291126,0.077311272178739,0.99096204944093,1.29402223638159
536,AIPW,1.14437899294281,0.102550104214854,0.943380788681692,1.34537719720392
537,Tlearner,1.10489944788583,0.0635639918302038,0.980316313185029,1.22948258258662
537,Rlearner,1.06829152550092,0.0629899378347291,0.944833515956437,1.19174953504541
537,intercept,1.23275144416577,0.0766700117972456,1.08247822104316,1.38302466728837
537,AIPW,0.972687320262309,0.0630457163729516,0.849117716171324,1.09625692435329
538,Tlearner,0.928921233497953,0.0620708589145257,0.807264585536016,1.05057788145989
538,Rlearner,0.990653557811624,0.0584035875815819,0.876184629583793,1.10512248603946
538,intercept,1.0925035398014,0.079078730349281,0.937509228316814,1.247497851286
538,AIPW,0.992329849677423,0.0659767977800532,0.863015326028519,1.12164437332633
539,Tlearner,1.11104243246693,0.0628663839607003,0.987826584065686,1.23425828086816
539,Rlearner,1.11126179402166,0.0616404286930572,0.990448773791654,1.23207481425166
539,intercept,1.27932672676267,0.0857158388598735,1.11132368259732,1.44732977092802
539,AIPW,1.08241654648038,0.0487188194503075,0.986927660357779,1.17790543260298
540,Tlearner,0.995916237085592,0.0599123452963889,0.878490198075342,1.11334227609584
540,Rlearner,1.04235378492747,0.0624916184472241,0.919872463435291,1.16483510641965
540,intercept,1.22986951917215,0.0819540718381556,1.06923953836937,1.39049949997494
540,AIPW,1.10630281981951,0.0610003712600645,0.98674209214978,1.22586354748923
541,Tlearner,0.896038074322625,0.0628915350034293,0.772772930783463,1.01930321786179
541,Rlearner,0.952747726488179,0.0581734878864064,0.838729785375745,1.06676566760061
541,intercept,1.07704379807244,0.0779448544719149,0.924271883307485,1.22981571283739
541,AIPW,0.966411868750619,0.0504351501489496,0.867558974458677,1.06526476304256
542,Tlearner,1.12040354144321,0.0634129604358497,0.996116422835885,1.24469066005054
542,Rlearner,1.16426218974941,0.0600341212051147,1.04659747434388,1.28192690515495
542,intercept,1.24464376644069,0.0876522497322803,1.07284535696543,1.41644217591596
542,AIPW,1.17192764701421,0.0496219117712865,1.07466869994248,1.26918659408593
543,Tlearner,1.04827866131396,0.0595278591534647,0.931606201296399,1.16495112133153
543,Rlearner,0.989708069000796,0.0581744449768661,0.875688252025531,1.10372788597606
543,intercept,1.048167718984,0.0766536804887589,0.897926505226032,1.19840893274197
543,AIPW,1.00686876971017,0.0436756202282753,0.921264554062745,1.09247298535758
544,Tlearner,0.98483041632957,0.0626066193976005,0.862123697116467,1.10753713554267
544,Rlearner,0.993387903115737,0.061854621067097,0.872155073546855,1.11462073268462
544,intercept,1.13938141663977,0.0897388118997735,0.963493345316211,1.31526948796332
544,AIPW,1.01379383731257,0.0628880141066589,0.890533329663514,1.13705434496162
545,Tlearner,0.892825013696339,0.0606907826904388,0.773873265429532,1.01177676196315
545,Rlearner,0.900253031009194,0.0584164885800697,0.785758817288962,1.01474724472943
545,intercept,1.08586466492968,0.0830364754913455,0.923113172966644,1.24861615689272
545,AIPW,0.905397693842517,0.0523884199623444,0.802716390716322,1.00807899696871
546,Tlearner,1.1374783449976,0.0602392122960456,1.01941165844029,1.25554503155491
546,Rlearner,1.12314061920348,0.0568570292943917,1.01170288951854,1.23457834888843
546,intercept,1.28629263377737,0.0748360714886943,1.13961393365953,1.43297133389521
546,AIPW,1.12201448047031,0.0654339304214824,0.993763976844201,1.25026498409641
547,Tlearner,1.0025070908382,0.0617680835441264,0.88144387169765,1.12357030997875
547,Rlearner,0.995569018634537,0.061189108102502,0.875640570507505,1.11549746676157
547,intercept,1.14659222812327,0.0820225361070071,0.985828057353538,1.30735639889301
547,AIPW,1.01334278576131,0.0599788364400382,0.89578426633884,1.13090130518379
548,Tlearner,1.02723100626388,0.0641183619699807,0.90156132605501,1.15290068647274
548,Rlearner,1.02318522301018,0.0605298165925783,0.904548962497914,1.14182148352245
548,intercept,1.27766759800774,0.083571197231276,1.11386805143444,1.44146714458104
548,AIPW,1.07611088101438,0.0526301719657618,0.972955743961484,1.17926601806727
549,Tlearner,1.08478661771721,0.0611126575165755,0.965008009985194,1.20456522544923
549,Rlearner,1.11107541765489,0.0571739564758289,0.999016522108601,1.22313431320117
549,intercept,1.20130419500366,0.0729881263657828,1.05824746732672,1.34436092268059
549,AIPW,1.12260492058107,0.0552801389372037,1.01425584826415,1.23095399289799
550,Tlearner,0.961418538456712,0.0592170146756149,0.845355322420527,1.0774817544929
550,Rlearner,0.966693283039026,0.0607957391157735,0.847535823958617,1.08585074211943
550,intercept,1.10985729944351,0.0832360411347912,0.946714658819317,1.2729999400677
550,AIPW,0.99851986127453,0.0515501340174437,0.89748159860034,1.09955812394872
551,Tlearner,0.987323178009615,0.0583673294687105,0.872925314377159,1.10172104164207
551,Rlearner,0.961612300736926,0.0572206495248876,0.849461888496158,1.0737627129777
551,intercept,1.15579365928966,0.0793255870860887,1.00031550860093,1.31127180997839
551,AIPW,1.00632167873588,0.0678046060850809,0.873424650809123,1.13921870666264
552,Tlearner,1.01708372897726,0.0609430064012035,0.897637631321307,1.13652982663321
552,Rlearner,1.04975170146648,0.0573213604789772,0.937403899382846,1.16209950355011
552,intercept,1.15015377956703,0.0768562808800949,0.99951546904204,1.30079209009201
552,AIPW,1.01844562740201,0.051792260196076,0.916932797417699,1.11995845738632
553,Tlearner,1.03132870325563,0.0582777695725615,0.917106373794083,1.14555103271717
553,Rlearner,1.0207184874392,0.0565803034191711,0.909823130503281,1.13161384437513
553,intercept,1.19678147598106,0.0791650923935171,1.04161789488977,1.35194505707235
553,AIPW,1.0963990794665,0.0561644042789185,0.986316847079817,1.20648131185318
554,Tlearner,0.992244226570795,0.0626424407985134,0.869467298702026,1.11502115443956
554,Rlearner,1.00149010280641,0.0576498397746782,0.888498493133535,1.11448171247928
554,intercept,1.19183009285016,0.0868291221018038,1.02164501353062,1.36201517216969
554,AIPW,1.00566262080611,0.0466637515162125,0.914201667834335,1.09712357377789
555,Tlearner,0.94856633717382,0.0622024561619968,0.826651763346374,1.07048091100127
555,Rlearner,1.01194946645026,0.0574621515875433,0.899325718864494,1.12457321403603
555,intercept,1.11254677166595,0.0792394634461011,0.957237423311588,1.2678561200203
555,AIPW,0.940564089077828,0.0433096176972909,0.855677238391138,1.02545093976452
556,Tlearner,1.0467100658498,0.0640944633100201,0.921087226153739,1.17233290554587
556,Rlearner,0.961349137927729,0.0608455091012767,0.842094131468222,1.08060414438723
556,intercept,1.1821633407205,0.0796130643806435,1.02612173453444,1.33820494690656
556,AIPW,1.10856943843515,0.0579453827428859,0.994996488259097,1.22214238861121
557,Tlearner,0.957405858786238,0.0638308862289007,0.832299620676318,1.08251209689616
557,Rlearner,1.01201525229946,0.0602381808259244,0.893950587386442,1.13007991721249
557,intercept,1.10143599892504,0.0838076083191775,0.937173086619452,1.26569891123063
557,AIPW,1.00168014010863,0.0508779713201938,0.901959316321054,1.10140096389621
558,Tlearner,0.940334612437081,0.0599529656830546,0.822828958931929,1.05784026594223
558,Rlearner,0.899589313305285,0.0503009171761796,0.801001327250641,0.998177299359929
558,intercept,1.06533827286664,0.075691125604454,0.916983666681913,1.21369287905137
558,AIPW,0.928423065195957,0.0527437399854378,0.825045334824499,1.03180079556742
559,Tlearner,1.11559208234275,0.0641976426774624,0.989767014802547,1.24141714988294
559,Rlearner,1.09178008788036,0.0635496220638656,0.967225117404054,1.21633505835667
559,intercept,1.26356066727026,0.0843529514780498,1.09822888237328,1.42889245216724
559,AIPW,1.10017985820336,0.0525654397789713,0.997151596236577,1.20320812017014
560,Tlearner,1.02526360147788,0.0572024818689296,0.913148797188472,1.13737840576729
560,Rlearner,1.03993245700655,0.0579378370330032,0.926376383079718,1.15348853093339
560,intercept,1.14219119277457,0.0734650099964205,0.99819977318159,1.28618261236756
560,AIPW,1.09461530508467,0.0484057032461582,0.999740126722197,1.18949048344714
561,Tlearner,1.03070482285051,0.0604209451622483,0.912281946420637,1.14912769928039
561,Rlearner,1.04713403326321,0.057356896936947,0.934716581001813,1.1595514855246
561,intercept,1.15733378690607,0.0740817986411878,1.01213346156934,1.3025341122428
561,AIPW,1.03431073230729,0.0534689822701445,0.929511527057802,1.13910993755677
562,Tlearner,0.95782752769996,0.0626742268727603,0.834988300270458,1.08066675512946
562,Rlearner,0.924612931142151,0.0596236760777501,0.807752673403879,1.04147318888042
562,intercept,1.06731458451302,0.0828394322515703,0.904949297299941,1.2296798717261
562,AIPW,0.974843638787789,0.0507207486102524,0.875430971511694,1.07425630606388
564,Tlearner,1.05313641806484,0.0649864552516795,0.925765306288623,1.18050752984105
564,Rlearner,1.06044212634967,0.0624208120287882,0.9380995828875,1.18278466981184
564,intercept,1.21181405102692,0.0841510238487201,1.04687804428343,1.37675005777041
564,AIPW,1.07254427331025,0.0516625136008052,0.971285746652673,1.17380279996783
566,Tlearner,1.04640432267428,0.0628264036409836,0.923266834259773,1.16954181108878
566,Rlearner,1.05987214602716,0.0594980615888942,0.94325808816298,1.17648620389134
566,intercept,1.14319135912436,0.0740719187119224,0.998010398448996,1.28837231979973
566,AIPW,1.04158787557297,0.0595833527138062,0.924804504253908,1.15837124689203
567,Tlearner,1.0453261063249,0.0614383573202465,0.92490913870791,1.16574307394188
567,Rlearner,1.08565487892508,0.0623865236106041,0.963379539527641,1.20793021832252
567,intercept,1.20938174120671,0.0862302517552622,1.0403704477664,1.37839303464703
567,AIPW,1.05822251708393,0.0504913848217195,0.959259402833361,1.1571856313345
568,Tlearner,1.04640977260377,0.0599720183587465,0.928866776540451,1.16395276866709
568,Rlearner,1.1031002178917,0.0609547293738842,0.983631143631503,1.2225692921519
568,intercept,1.26673994194682,0.0845451689970738,1.10103141071255,1.43244847318108
568,AIPW,0.991508696825531,0.0931854867565466,0.8088651427827,1.17415225086836
569,Tlearner,0.934675627308847,0.0637126146927689,0.809801197150143,1.05955005746755
569,Rlearner,1.02829225427039,0.0535854051528693,0.923266790073778,1.133317718467
569,intercept,1.10393465144477,0.0768034285760623,0.953399931435684,1.25446937145385
569,AIPW,1.01491592017953,0.0495878197655402,0.917723793439072,1.11210804691999
570,Tlearner,1.01717757827376,0.0628970160310884,0.893901692117793,1.14045346442974
570,Rlearner,1.03619846668979,0.060962210942808,0.916714728823949,1.15568220455562
570,intercept,1.22600368293841,0.0867600531286787,1.0559539788062,1.39605338707062
570,AIPW,1.08861486072534,0.0533231444128363,0.984101497676178,1.1931282237745
571,Tlearner,0.9667692602274,0.0642151299848139,0.840909918194607,1.09262860226019
571,Rlearner,0.972159124257365,0.0641899901627289,0.846349055370436,1.09796919314429
571,intercept,1.03837023572854,0.0884203805581664,0.865066289834535,1.21167418162255
571,AIPW,0.993678268081496,0.054037504645686,0.887764758975952,1.09959177718704
572,Tlearner,0.912135067906973,0.0616786702200813,0.79124709566129,1.03302304015266
572,Rlearner,0.956415289127091,0.0602927891453596,0.838243593874718,1.07458698437946
572,intercept,1.23661252800832,0.0805075389179546,1.07881775172912,1.39440730428751
572,AIPW,1.05495350707561,0.0590023227609967,0.939308954464052,1.17059805968716
574,Tlearner,0.942482063388586,0.0635374397061721,0.817950969894604,1.06701315688257
574,Rlearner,0.95501631960939,0.0632735023826679,0.831002533763651,1.07903010545513
574,intercept,1.14335333110283,0.0834287806879958,0.979832920954362,1.30687374125131
574,AIPW,0.935168806403894,0.0490026604249969,0.8391235919709,1.03121402083689
575,Tlearner,0.933697699364669,0.0605060007931144,0.815108116961613,1.05228728176773
575,Rlearner,0.959097268784096,0.0605965866908219,0.840330141284026,1.07786439628417
575,intercept,1.21109538543387,0.0766650509107397,1.06083188564882,1.36135888521892
575,AIPW,1.00154891440124,0.0487855399606145,0.905929256078434,1.09716857272404
576,Tlearner,0.97879065838406,0.0643959210586473,0.852576972357827,1.10500434441029
576,Rlearner,0.959218907210669,0.0592869604877589,0.843018599901812,1.07541921451953
576,intercept,1.15256262016522,0.0802865568884865,0.995200968663785,1.30992427166665
576,AIPW,0.880756155610776,0.0812129416708429,0.721578789935924,1.03993352128563
577,Tlearner,0.894513961023668,0.0654766706721371,0.766182044678689,1.02284587736865
577,Rlearner,0.857700486754632,0.0585817414747581,0.742882383312469,0.972518590196794
577,intercept,1.10587185071813,0.0868376531179563,0.935670050606932,1.27607365082932
577,AIPW,0.91176277458034,0.065031835353285,0.784300377287902,1.03922517187278
579,Tlearner,0.941458400060703,0.0630236175237777,0.817934379538672,1.06498242058273
579,Rlearner,0.957693945034642,0.0605918732877603,0.838936055634817,1.07645183443447
579,intercept,0.971080100991786,0.0796972099339716,0.814873569521202,1.12728663246237
579,AIPW,0.961518242880334,0.0407975621728043,0.881555021021638,1.04148146473903
580,Tlearner,1.02725629989822,0.0586128478272323,0.912377229125517,1.14213537067092
580,Rlearner,1.07251312057106,0.05548911447839,0.963756454659397,1.18126978648273
580,intercept,1.22796972209431,0.0704874692106496,1.08981428244144,1.36612516174718
580,AIPW,1.0764060973517,0.0437670701206485,0.990622639915229,1.16218955478817
582,Tlearner,0.300907793933325,0.355983823493446,-0.396807679192693,0.998623267059343
582,Rlearner,1.0242188959181,0.061711839172924,0.903265913719443,1.14517187811676
582,intercept,1.3003656382873,0.0751332131583476,1.15310454049694,1.44762673607766
582,AIPW,1.0788799734804,0.0459878743342641,0.988743739785238,1.16901620717555
583,Tlearner,1.05359262450961,0.0607466379174957,0.93453140200942,1.17265384700979
583,Rlearner,1.04609796676159,0.0595566149987518,0.929369146322914,1.16282678720026
583,intercept,1.19290200181154,0.0854302505365914,1.02545871075982,1.36034529286326
583,AIPW,1.07717599605752,0.05083381040755,0.977541727658724,1.17681026445632
584,Tlearner,1.09798796837074,0.0633611979970418,0.973802302279224,1.22217363446225
584,Rlearner,1.14732656683804,0.057993990522652,1.03366043409388,1.26099269958219
584,intercept,1.29039856842208,0.0727021163218778,1.1479024204312,1.43289471641296
584,AIPW,1.08537818920943,0.0563953395661764,0.974843323659728,1.19591305475914
585,Tlearner,1.0529771131753,0.0595418505611487,0.93627723050258,1.16967699584802
585,Rlearner,1.09435933298435,0.0565338908971677,0.98355494291998,1.20516372304871
585,intercept,1.30146366146828,0.0780706100198881,1.1484452658293,1.45448205710726
585,AIPW,1.04103968290759,0.0634875454513521,0.91660409382294,1.16547527199224
587,Tlearner,1.02172022945864,0.0623778215352018,0.899461945815574,1.1439785131017
587,Rlearner,1.06716433539427,0.0608157515700865,0.947967652624165,1.18636101816437
587,intercept,1.14856237047754,0.0756762002142124,1.00023701805769,1.2968877228974
587,AIPW,1.09557008097782,0.0511112303152487,0.995392069559929,1.1957480923957
589,Tlearner,1.06739669185063,0.065317930056865,0.939375901394473,1.1954174823068
589,Rlearner,1.09909925871266,0.0607574769487213,0.980016792101641,1.21818172532367
589,intercept,1.1811530459415,0.0797602654844455,1.02482292559199,1.33748316629102
589,AIPW,1.0949420402224,0.0665172284864863,0.964568272388886,1.22531580805591
590,Tlearner,1.06979847471796,0.0639827471537122,0.944394594664753,1.19520235477117
590,Rlearner,1.09849774243606,0.0606005676572904,0.979722812385091,1.21727267248704
590,intercept,1.37226851827821,0.0766177998647159,1.22209763054337,1.52243940601306
590,AIPW,1.13112032581534,0.0498611168479438,1.03339253679337,1.22884811483731
591,Tlearner,1.12163553982765,0.0602422900708867,1.0035628209425,1.23970825871281
591,Rlearner,1.13938154283649,0.0600770482952375,1.02163269188035,1.25713039379262
591,intercept,1.24918710271369,0.0818549104131876,1.08875147830384,1.40962272712354
591,AIPW,1.03076056538975,0.0647471865493677,0.903856079752992,1.15766505102651
592,Tlearner,0.960126730204989,0.0648011150000014,0.833118878646948,1.08713458176303
592,Rlearner,1.04373262054613,0.062010660195231,0.922193959905923,1.16527128118633
592,intercept,1.17510667501565,0.0761775133827654,1.02579874878543,1.32441460124587
592,AIPW,1.03769311016463,0.0458964643708619,0.947736039997737,1.12765018033152
594,Tlearner,0.97366086325868,0.0630794481732983,0.850027416674355,1.09729430984301
594,Rlearner,0.974393377443963,0.0643001769382713,0.848367346445398,1.10041940844253
594,intercept,1.15377072605643,0.0917632997419796,0.973914658562149,1.33362679355071
594,AIPW,1.01153455104841,0.059158074962002,0.895584724122887,1.12748437797393
595,Tlearner,0.889572644661512,0.0569012548473483,0.778048234485574,1.00109705483745
595,Rlearner,0.874366317149616,0.0553825279882059,0.765818556919951,0.982914077379281
595,intercept,1.01812250804945,0.0770956103757633,0.867015111712955,1.16922990438595
595,AIPW,0.889488773343095,0.0479094169945719,0.795586316033734,0.983391230652456
596,Tlearner,0.920410402464684,0.0576673764294904,0.807384421579969,1.0334363833494
596,Rlearner,0.935224111317033,0.0584124600914565,0.820737793289395,1.04971042934467
596,intercept,1.03150003082707,0.0839603949884942,0.86693765664962,1.19606240500452
596,AIPW,0.943132544616084,0.0512865724947628,0.842610862526349,1.04365422670582
597,Tlearner,1.07405873736752,0.0635742321260998,0.949455532055572,1.19866194267946
597,Rlearner,1.07551960629209,0.0591774997081529,0.959533838168983,1.1915053744152
597,intercept,1.31643488210286,0.0807245504138622,1.15821476329169,1.47465500091403
597,AIPW,1.1218235295354,0.0573718404067165,1.00937472233823,1.23427233673256
598,Tlearner,0.977094381545531,0.0622033261785786,0.85517810251692,1.09901066057414
598,Rlearner,0.987434811070265,0.0559870924149793,0.87770212633779,1.09716749580274
598,intercept,1.09722308103592,0.075282656396595,0.949669074498589,1.24477708757324
598,AIPW,0.979871833943262,0.0455955869612395,0.890504483499232,1.06923918438729
599,Tlearner,1.00698725430494,0.0613342792973051,0.886774275864501,1.12720023274538
599,Rlearner,1.03615698714082,0.0615442158493129,0.915532540619405,1.15678143366223
599,intercept,1.12424204658722,0.0884800787781596,0.950821092182031,1.29766300099242
599,AIPW,1.04242450532519,0.0500864023923135,0.94425515663626,1.14059385401413
600,Tlearner,0.981431478260623,0.0598868979662854,0.864055315100879,1.09880764142037
600,Rlearner,1.0239633312749,0.0543122511186577,0.917513275163035,1.13041338738676
600,intercept,1.21453855611616,0.0757217620165137,1.0661239025638,1.36295320966853
600,AIPW,1.02980925015427,0.0522138382323828,0.927470127218799,1.13214837308974
601,Tlearner,0.93343081769634,0.060512538553984,0.81482842151744,1.05203321387524
601,Rlearner,0.99992120017134,0.0595324974572478,0.883239649245412,1.11660275109727
601,intercept,1.22348569266868,0.0762807486497954,1.07397542531508,1.37299596002228
601,AIPW,0.967390437634858,0.0431236243560936,0.882868133896914,1.0519127413728
602,Tlearner,0.92600870869717,0.0582769048039063,0.811788074151044,1.0402293432433
602,Rlearner,0.927006581851124,0.0595530476450139,0.810284753297298,1.04372841040495
602,intercept,1.04280699083374,0.0759298104111003,0.893984562427987,1.1916294192395
602,AIPW,0.950112034902976,0.04757035395622,0.856874141148785,1.04334992865717
604,Tlearner,1.01263706980676,0.0624008680489422,0.890333615826797,1.13494052378672
604,Rlearner,1.03653801365879,0.0593539056104803,0.920206496320462,1.15286953099712
604,intercept,1.0375519220319,0.0779530646317852,0.884763915353601,1.1903399287102
604,AIPW,1.01559504360208,0.0491209270817067,0.919318026521938,1.11187206068223
605,Tlearner,0.951879260267712,0.0610192310520821,0.832283765041303,1.07147475549412
605,Rlearner,0.90623411874416,0.0601388902643687,0.788364059755791,1.02410417773253
605,intercept,1.0245269327279,0.0789983972054911,0.869690074205136,1.17936379125066
605,AIPW,0.926576505971278,0.0445302449562446,0.839297225857038,1.01385578608552
606,Tlearner,1.08910128001946,0.0602921167159934,0.970930902704427,1.20727165733449
606,Rlearner,1.0557877725858,0.0578194541114771,0.942463724921541,1.16911182025006
606,intercept,1.23707646284445,0.0741507276551241,1.09174103664041,1.38241188904849
606,AIPW,0.999736812675616,0.0554179217022497,0.891117686139206,1.10835593921203
607,Tlearner,1.00559461285589,0.0635138270906673,0.881109799237876,1.1300794264739
607,Rlearner,0.986928183769807,0.0599952918829106,0.869339572437334,1.10451679510228
607,intercept,1.21556723215492,0.0909678429296627,1.03727026001279,1.39386420429706
607,AIPW,0.965804097254662,0.0485166996459196,0.87071136594866,1.06089682856066
610,Tlearner,1.08086599526416,0.0601806703411008,0.962914048830126,1.1988179416982
610,Rlearner,1.10340040535577,0.057742964484298,0.99022627460597,1.21657453610557
610,intercept,1.19824500775653,0.0722094625955353,1.05671446106928,1.33977555444378
610,AIPW,1.14379036781043,0.0663829141674587,1.01367985604221,1.27390087957865
611,Tlearner,1.00538108048284,0.0588831618773394,0.889972203907418,1.12078995705827
611,Rlearner,1.05612236361773,0.0590346357155642,0.940416603774783,1.17182812346068
611,intercept,1.15676548258949,0.0755800959022304,1.00862849462112,1.30490247055786
611,AIPW,1.02213772164704,0.0593297364361414,0.905851438232207,1.13842400506188
612,Tlearner,0.951342482993966,0.0635342695462543,0.826817602899247,1.07586736308868
612,Rlearner,0.989910793280342,0.0599390025296002,0.87243250705307,1.10738907950761
612,intercept,1.16990692556145,0.0780579659524463,1.01691331229465,1.32290053882824
612,AIPW,0.988808707109509,0.0465211320038718,0.89762728838192,1.0799901258371
613,Tlearner,0.933354852720404,0.0608521735962359,0.814086784090803,1.05262292135001
613,Rlearner,0.960142306337312,0.0578549302839319,0.84674872665273,1.07353588602189
613,intercept,1.05993756338953,0.0719229003924952,0.918968678620242,1.20090644815882
613,AIPW,0.96851774917812,0.0544973773025048,0.861702889665211,1.07533260869103
614,Tlearner,1.07614891370071,0.058469259005261,0.961551271847655,1.19074655555377
614,Rlearner,1.0521230876451,0.0620666776850219,0.9304746347424,1.1737715405478
614,intercept,1.19582002148509,0.0806869778474663,1.03767354490406,1.35396649806613
614,AIPW,1.06440921724274,0.0514928216646448,0.963483286780036,1.16533514770544
616,Tlearner,0.981019786743405,0.0655106611886273,0.85262125021029,1.10941832327652
616,Rlearner,0.993999429573176,0.0617893648706697,0.872894499799059,1.11510435934729
616,intercept,1.150472570858,0.0887262030501152,0.976569212879779,1.32437592883623
616,AIPW,1.02999136413101,0.0744212141705719,0.884125784356694,1.17585694390534
617,Tlearner,0.970270675974524,0.0595771869020052,0.853501535346382,1.08703981660267
617,Rlearner,0.975353664000709,0.0540138587437385,0.869488446196947,1.08121888180447
617,intercept,1.27364492353859,0.0697760678072624,1.13688383063636,1.41040601644083
617,AIPW,0.957734331978511,0.0500476162082711,0.859641004210299,1.05582765974672
618,Tlearner,0.956353262144478,0.0658936714112623,0.827204039369287,1.08550248491967
618,Rlearner,1.00082568262842,0.0626378975229274,0.87805765941617,1.12359370584067
618,intercept,1.16120530631832,0.0882317308514607,0.98827111384946,1.33413949878719
618,AIPW,1.03488637333737,0.0588419928081541,0.919556067433384,1.15021667924135
619,Tlearner,1.09397242716317,0.0607721338049293,0.974861233641863,1.21308362068448
619,Rlearner,1.15092178741565,0.0565845829741013,1.04001804270619,1.26182553212511
619,intercept,1.23849278991565,0.0785740933751391,1.08448756690037,1.39249801293092
619,AIPW,1.12982343366046,0.0550687628498621,1.02188865847473,1.23775820884619
621,Tlearner,0.991419366855566,0.0598564069067142,0.874102965074431,1.1087357686367
621,Rlearner,0.982130791958584,0.0590608850381989,0.866373584388654,1.09788799952851
621,intercept,1.11960300758987,0.0852167317418094,0.952578213375922,1.28662780180381
621,AIPW,0.998039496348139,0.0621145179476677,0.876295041170711,1.11978395152557
622,Tlearner,1.08377318772192,0.0568733780499583,0.972303415064876,1.19524296037897
622,Rlearner,1.08301515041409,0.0565774835031075,0.972125320412087,1.19390498041609
622,intercept,1.2397442179234,0.0755818853714206,1.09160372259542,1.38788471325139
622,AIPW,1.09835530367214,0.0430351082688956,1.01400649146511,1.18270411587918
623,Tlearner,0.968491333930398,0.0593107036864511,0.852244490807227,1.08473817705357
623,Rlearner,0.988114724692696,0.0571476754280123,0.876107339053607,1.10012211033178
623,intercept,1.10709408621731,0.0769224505317756,0.956326083175035,1.2578620892596
623,AIPW,0.975400963740158,0.0486629390265988,0.880021603248024,1.07078032423229
624,Tlearner,1.08185160668126,0.0598071551142625,0.964631736639508,1.19907147672302
624,Rlearner,1.09810321951931,0.0586721460077643,0.983107926448413,1.2130985125902
624,intercept,1.22441051529859,0.0796592174864014,1.06827844902525,1.38054258157194
624,AIPW,1.04832429370517,0.0559803259315024,0.93860285487942,1.15804573253091
625,Tlearner,0.956495909194324,0.065026136227204,0.829047024135209,1.08394479425344
625,Rlearner,0.953918509565137,0.0628259817414696,0.830781848058486,1.07705517107179
625,intercept,1.11690450622944,0.0797130162093405,0.960666994459137,1.27314201799975
625,AIPW,0.960294687824829,0.0453906168479288,0.871329078802888,1.04926029684677
626,Tlearner,0.94033424724257,0.0598656654361854,0.822999699077123,1.05766879540802
626,Rlearner,0.918659303294304,0.0577721697263964,0.805427931321832,1.03189067526678
626,intercept,1.0700703876452,0.0857807035784286,0.901940208631484,1.23820056665892
626,AIPW,0.972752596492469,0.0522765959396371,0.870290468450781,1.07521472453416
627,Tlearner,1.04190774072468,0.0588598581199778,0.926544538674391,1.15727094277498
627,Rlearner,1.13855084691197,0.0606663303930666,1.01964702426735,1.25745466955659
627,intercept,1.21791200960749,0.0788496477948434,1.0633666999296,1.37245731928538
627,AIPW,1.06631387291,0.0708976042282298,0.92735456862267,1.20527317719733
628,Tlearner,0.88373481480172,0.061098818825487,0.763983330405828,1.00348629919761
628,Rlearner,0.941678427945198,0.056469160591672,0.831000906948313,1.05235594894208
628,intercept,1.13854760605395,0.0743252929391626,0.992870031893193,1.28422518021471
628,AIPW,1.00042853676501,0.0993104421528889,0.805780070145344,1.19507700338467
629,Tlearner,0.907890264721039,0.0617606763772362,0.786841563360823,1.02893896608126
629,Rlearner,0.915631122653192,0.058168161674758,0.801623620723763,1.02963862458262
629,intercept,1.10298427332573,0.0782759397146079,0.9495634314851,1.25640511516636
629,AIPW,0.826174325669176,0.0884979899943001,0.652718265280348,0.999630386058004
630,Tlearner,1.04555222268193,0.0630520123052925,0.92197254941078,1.16913189595308
630,Rlearner,1.0242492550375,0.061805375872777,0.903112944275899,1.14538556579911
630,intercept,1.26613552951085,0.0822108268708574,1.10500230884397,1.42726875017773
630,AIPW,1.012735362952,0.0564893586032973,0.902016220089536,1.12345450581446
631,Tlearner,1.09488938294983,0.0640302682752256,0.969392363209955,1.22038640268971
631,Rlearner,1.0474097198559,0.0601408043618909,0.929535909305324,1.16528353040648
631,intercept,1.29701161427441,0.0820398801664665,1.13621344914814,1.45780977940069
631,AIPW,1.10362249017913,0.0601540628550941,0.985720526983149,1.22152445337512
633,Tlearner,0.919071406510212,0.0585870124446518,0.804242972156894,1.03389984086353
633,Rlearner,0.91074057822655,0.0597981177308799,0.79353842113074,1.02794273532236
633,intercept,1.04452277891571,0.0801993874404246,0.88733197953248,1.20171357829894
633,AIPW,0.908989012305624,0.0648223587785865,0.781937189099594,1.03604083551165
634,Tlearner,1.17921441937303,0.0618994226134943,1.05789378038676,1.30053505835931
634,Rlearner,1.18027261659624,0.0613159319512548,1.06009559829328,1.30044963489921
634,intercept,1.37994414970117,0.0856525286644929,1.21206519351876,1.54782310588357
634,AIPW,1.14355100103669,0.0532311954732522,1.03921785790911,1.24788414416426
635,Tlearner,1.075023760402,0.0570298833923064,0.963247242910558,1.18680027789344
635,Rlearner,1.10243129538983,0.0550307215037913,0.994573063199144,1.21028952758051
635,intercept,1.23452568106432,0.0763877581961127,1.08480567499993,1.3842456871287
635,AIPW,1.13242461737373,0.0540838449662137,1.02642028123995,1.23842895350751
636,Tlearner,1.15314631713629,0.0602728901837193,1.03501362313206,1.27127901114052
636,Rlearner,1.16161142155688,0.0604029902718032,1.04322373606562,1.27999910704813
636,intercept,1.27538667819542,0.0784254728684638,1.12167275137323,1.4291006050176
636,AIPW,1.14912007137783,0.0449847716594858,1.06094991892524,1.23729022383043
637,Tlearner,1.03772354594895,0.0585266600612262,0.923013400093529,1.15243369180437
637,Rlearner,1.01788758767885,0.0595509188011089,0.90116993158241,1.1346052437753
637,intercept,1.12181020965708,0.0770593421715905,0.970773899000761,1.2728465203134
637,AIPW,1.04912667607262,0.052357448102156,0.946506077792393,1.15174727435284
638,Tlearner,0.947014389790818,0.057928523519432,0.83347657001515,1.06055220956649
638,Rlearner,0.939179346584869,0.0556970052852068,0.830015222179127,1.04834347099061
638,intercept,1.07879771194512,0.0698409668278922,0.941909416962456,1.21568600692779
638,AIPW,0.934149752790777,0.0606236359526168,0.815327426323648,1.05297207925791
639,Tlearner,1.05150419909596,0.0641785720468807,0.925716509304864,1.17729188888705
639,Rlearner,1.0649435856338,0.0621492059144328,0.943133380373748,1.18675379089385
639,intercept,1.17105320147089,0.0743000517827481,1.0254250999767,1.31668130296507
639,AIPW,1.06339202322987,0.0588502944253498,0.948045446156184,1.17873860030356
640,Tlearner,1.03950332540238,0.0577489169929192,0.926317527950066,1.1526891228547
640,Rlearner,1.010897584441,0.0558145989323595,0.901502980722029,1.12029218815997
640,intercept,1.15590365367494,0.0774457699428651,1.00410994458693,1.30769736276296
640,AIPW,1.00021158109191,0.0815439290602789,0.840385480133762,1.16003768205006
641,Tlearner,0.981730608021068,0.0616821257760346,0.860835863010171,1.10262535303197
641,Rlearner,0.991277265904653,0.0591183639681185,0.87540740170221,1.1071471301071
641,intercept,1.15817372091137,0.0838788589444575,0.993771157380234,1.32257628444251
641,AIPW,0.978172506916886,0.0531088880257019,0.874079086386511,1.08226592744726
642,Tlearner,1.05782806647483,0.0632311163995802,0.933897355629394,1.18175877732027
642,Rlearner,1.07506873043979,0.0617616628348328,0.95401809565821,1.19611936522137
642,intercept,1.17568642024703,0.0864665969462101,1.00621189023246,1.3451609502616
642,AIPW,1.08296735291335,0.0509875322297324,0.983031789743074,1.18290291608362
643,Tlearner,1.06559431038005,0.0637775631172213,0.940592583648571,1.19059603711154
643,Rlearner,1.029349390377,0.0639642000351617,0.903981862008166,1.15471691874583
643,intercept,1.25931143868138,0.0793794023783598,1.1037278100198,1.41489506734297
643,AIPW,1.03303674246586,0.0627193450044654,0.910106826257106,1.15596665867461
644,Tlearner,1.0029995725445,0.0631044739538679,0.87931707633157,1.12668206875742
644,Rlearner,0.994315710116494,0.0594361085579575,0.877823077961684,1.1108083422713
644,intercept,1.17374512447046,0.0824929618109647,1.01205891932097,1.33543132961995
644,AIPW,1.00935549113389,0.0639805473313859,0.883953618364376,1.13475736390341
645,Tlearner,1.01352220126383,0.0610362902824636,0.89389327056027,1.13315113196739
645,Rlearner,0.923197764725659,0.0608229572969235,0.803986958990471,1.04240857046085
645,intercept,1.10142182784063,0.078387092107372,0.94778312731018,1.25506052837108
645,AIPW,0.968174997412906,0.054506104167986,0.861343033243653,1.07500696158216
646,Tlearner,0.993858217170019,0.0667617012866411,0.863007687101581,1.12470874723846
646,Rlearner,1.07450996325544,0.0634372390317714,0.950175259474512,1.19884466703637
646,intercept,1.13972629341007,0.077357236482369,0.988106109904632,1.29134647691552
646,AIPW,1.03486602844326,0.092793519382091,0.852990730454365,1.21674132643216
647,Tlearner,1.02191984368671,0.0613597411911368,0.901656960851387,1.14218272652204
647,Rlearner,1.01069425127912,0.0604625051330366,0.892189918803297,1.12919858375494
647,intercept,1.15107492363307,0.0758627380862733,1.00238395698398,1.29976589028217
647,AIPW,1.00704506029267,0.0702446979481025,0.869365452314388,1.14472466827095
648,Tlearner,1.0581256103424,0.0568698305255588,0.946662790705412,1.1695884299794
648,Rlearner,1.09670441997581,0.0518003605742964,0.995177578864005,1.19823126108762
648,intercept,1.22882365873223,0.0721389098771187,1.08743139537307,1.37021592209138
648,AIPW,1.07846585069603,0.0444733660117195,0.991298053313058,1.165633648079
649,Tlearner,1.11188381816201,0.0632318889539846,0.987951593137769,1.23581604318626
649,Rlearner,1.20877380790908,0.0599376441439644,1.09129818406873,1.32624943174943
649,intercept,1.3637261477042,0.081167279924119,1.20463827905292,1.52281401635547
649,AIPW,1.1534353252287,0.0487651607451429,1.05785561016822,1.24901504028918
650,Tlearner,1.0179156386852,0.0582480972657816,0.903751465876281,1.13207981149412
650,Rlearner,1.05158246653862,0.0565186231619039,0.940808000685501,1.16235693239175
650,intercept,1.21400702721098,0.0840270685075294,1.04931397293622,1.37870008148573
650,AIPW,0.953316933503771,0.089342604521578,0.778205428641478,1.12842843836606
651,Tlearner,1.00659028261058,0.0649345963579312,0.879320812398389,1.13385975282277
651,Rlearner,1.02273566387619,0.0599046579640894,0.905324691760385,1.140146635992
651,intercept,1.22329935477288,0.0794938462045641,1.06749141621193,1.37910729333382
651,AIPW,0.992958457172864,0.0480492725748703,0.898781882926118,1.08713503141961
653,Tlearner,0.971708358022257,0.0632748497434469,0.847691931397918,1.0957247846466
653,Rlearner,0.914102935606348,0.0603225071021316,0.795872994229008,1.03233287698369
653,intercept,1.10890467005389,0.0778938112102635,0.956232800081775,1.26157654002601
653,AIPW,0.959158176839416,0.0594401229795184,0.84265553579956,1.07566081787927
654,Tlearner,1.07070396664799,0.0621519673649109,0.948888349044453,1.19251958425152
654,Rlearner,1.12476028504362,0.0586043358553542,1.00989789742924,1.23962267265801
654,intercept,1.23641459675582,0.0725995602334284,1.0941194586983,1.37870973481334
654,AIPW,1.12296475588608,0.0422275459726489,1.04019876577969,1.20573074599247
655,Tlearner,1.01292763514456,0.0609970674001275,0.893375579877749,1.13247969041137
655,Rlearner,1.00316629984456,0.0565315628874005,0.892366472595495,1.11396612709363
655,intercept,1.2093421317469,0.0715816408666449,1.06904211564828,1.34964214784553
655,AIPW,0.947300328213276,0.0532477297442231,0.842934777914599,1.05166587851195
656,Tlearner,1.0173049707241,0.0621394520839413,0.895513882620519,1.13909605882767
656,Rlearner,1.03967198370755,0.0544810449521132,0.932891097761304,1.1464528696538
656,intercept,1.13938803626884,0.0733904498769201,0.995542754510075,1.2832333180276
656,AIPW,0.965955440360288,0.0888096412074477,0.791888543593691,1.14002233712689
657,Tlearner,1.09077346538312,0.0630361237116093,0.967224933183354,1.21432199758288
657,Rlearner,1.09736929177677,0.0579972029152482,0.98369686285882,1.21104172069472
657,intercept,1.25722955016725,0.0743403493701267,1.1115224654018,1.4029366349327
657,AIPW,1.11085746421294,0.0469387494422742,1.01885751530608,1.2028574131198
658,Tlearner,0.957881126989874,0.0623135967635376,0.835748721586189,1.08001353239356
658,Rlearner,0.999354432317592,0.0600232052534374,0.881711111784199,1.11699775285098
658,intercept,1.25462770407818,0.0799574797478869,1.09791104377232,1.41134436438404
658,AIPW,0.998588101656918,0.0509422180568999,0.898741354265394,1.09843484904844
659,Tlearner,1.08427400448263,0.0638849929481103,0.959061719151735,1.20948628981352
659,Rlearner,1.08648490267383,0.0588244238266899,0.971191150562194,1.20177865478546
659,intercept,1.24196514236802,0.0712964717741698,1.10222405769065,1.38170622704539
659,AIPW,1.05968930046031,0.0490581060829587,0.96353541253771,1.15584318838291
660,Tlearner,0.941659962803506,0.0615799111286973,0.820965554820082,1.06235437078693
660,Rlearner,0.927699522560011,0.0612665799225022,0.807619232455962,1.04777981266406
660,intercept,1.16800004918226,0.0814573464527255,1.00834365013491,1.3276564482296
660,AIPW,0.915598687768662,0.0496350398600291,0.818314009643005,1.01288336589432
661,Tlearner,0.915105776818761,0.0572877083189694,0.802823931756745,1.02738762188078
661,Rlearner,0.851911324287125,0.0566361248987752,0.740906559261614,0.962916089312637
661,intercept,1.08712940636619,0.0800285173404934,0.930273512378825,1.24398530035356
661,AIPW,0.942416703614128,0.0443454283678692,0.855499664013104,1.02933374321515
662,Tlearner,0.945357261598643,0.0623098036624615,0.823232290536457,1.06748223266083
662,Rlearner,0.942200585013049,0.0592550781332838,0.826062765970706,1.05833840405539
662,intercept,1.16170651413689,0.0792924589713201,1.00629329455311,1.31711973372068
662,AIPW,0.952473772819963,0.0440995972361569,0.866038562237096,1.03890898340283
663,Tlearner,1.0464346841969,0.0616884526822673,0.925527538677652,1.16734182971615
663,Rlearner,1.04182909934576,0.0643841093887404,0.915638563767144,1.16801963492438
663,intercept,1.27826968987751,0.0940378046912569,1.09395559268265,1.46258378707238
663,AIPW,1.06725541892657,0.0512056474336456,0.966892349956629,1.16761848789652
664,Tlearner,0.990134080775699,0.0612432650989322,0.870099486886153,1.11016867466525
664,Rlearner,1.06308175272683,0.0587047451757468,0.948022566460765,1.1781409389929
664,intercept,1.23727607827739,0.0740343585409433,1.09216873553714,1.38238342101764
664,AIPW,1.03076066506025,0.0533520248239019,0.926190696405404,1.1353306337151
667,Tlearner,0.909025463677685,0.0595688281580441,0.792272705886663,1.02577822146871
667,Rlearner,0.931691012783011,0.0558505149024567,0.822226015056178,1.04115601050984
667,intercept,1.08363761977344,0.0758998916964149,0.934873832048467,1.23240140749841
667,AIPW,0.933962519450914,0.044461510675702,0.846817958526538,1.02110708037529
668,Tlearner,1.0408355021023,0.062446855434802,0.918441914502309,1.16322908970229
668,Rlearner,0.987149878649806,0.0604362288957134,0.868697046652789,1.10560271064682
668,intercept,1.21212421944196,0.0781135072078644,1.05902174531454,1.36522669356937
668,AIPW,1.01310884323324,0.0439170421492648,0.927031440620684,1.0991862458458
669,Tlearner,1.01934577165383,0.0633540869776042,0.895174042904303,1.14351750040335
669,Rlearner,1.01274660158372,0.0633317370243861,0.888618677937561,1.13687452522988
669,intercept,1.20369107107235,0.077939466782612,1.05092971617843,1.35645242596627
669,AIPW,0.984175365716295,0.0516301482949144,0.882980275058263,1.08537045637433
670,Tlearner,1.00650687852842,0.0620570189527686,0.884877356393074,1.12813640066377
670,Rlearner,1.00501879356179,0.0618070978634172,0.883879107760551,1.12615847936303
670,intercept,1.10771738722561,0.0776396745965615,0.955543625016354,1.25989114943488
670,AIPW,1.01004868669037,0.0450352124093748,0.921779670367992,1.09831770301274
671,Tlearner,0.983889297060582,0.0695044794638393,0.847663020547253,1.12011557357391
671,Rlearner,0.949528322567638,0.0617803588049931,0.82844104435789,1.07061560077739
671,intercept,1.17008526107356,0.0798291136273826,1.01362019836389,1.32655032378323
671,AIPW,0.921797954533048,0.0716096256258879,0.781443088306307,1.06215282075979
672,Tlearner,0.984616544329313,0.0626836738577872,0.861758801149395,1.10747428750923
672,Rlearner,1.0211264054554,0.0579319979399104,0.907581775940722,1.13467103497007
672,intercept,1.19839257263396,0.078635617043901,1.04426676322791,1.35251838204
672,AIPW,1.00192394645605,0.0537323432540894,0.89660855367803,1.10723933923406
673,Tlearner,1.00274930106758,0.0654545237276434,0.874460791936181,1.13103781019899
673,Rlearner,1.00322517796673,0.0557727927428598,0.893912512873508,1.11253784305995
673,intercept,1.1399684761386,0.0741156740037307,0.994701755091287,1.28523519718591
673,AIPW,0.967490880976806,0.0442767291153546,0.880708491910711,1.0542732700429
674,Tlearner,0.95286291711393,0.0601639706936284,0.834943701387495,1.07078213284036
674,Rlearner,0.998365831186294,0.059414027816453,0.881916476489586,1.114815185883
674,intercept,1.12125324947446,0.0753921041060148,0.973484725426667,1.26902177352224
674,AIPW,0.9594866466197,0.054613139164912,0.852444893856473,1.06652839938293
675,Tlearner,0.916794929033325,0.059867273128938,0.799457229847984,1.03413262821867
675,Rlearner,0.975376262749599,0.0604118586067564,0.85697119564123,1.09378132985797
675,intercept,1.21694275249243,0.0758336505992947,1.06830879731782,1.36557670766705
675,AIPW,0.934042487274048,0.0547391795645542,0.826753695327522,1.04133127922057
676,Tlearner,1.26049131908383,0.133397048620275,0.999037908144152,1.52194473002351
676,Rlearner,1.08647935326338,0.0529714152219731,0.982657287218191,1.19030141930856
676,intercept,1.2152620539551,0.074905586322258,1.06844710476347,1.36207700314673
676,AIPW,1.0571085464133,0.0420395432045154,0.974711041732447,1.13950605109415
677,Tlearner,0.988054485579652,0.0602114060272296,0.870042298307764,1.10606667285154
677,Rlearner,0.985516855110807,0.0580537613343591,0.871733573728379,1.09930013649323
677,intercept,1.06930758266663,0.0786593240284821,0.915135307570803,1.22347985776245
677,AIPW,1.05034141300867,0.0564223485177706,0.939753609913842,1.1609292161035
678,Tlearner,1.1038682159825,0.0574591886970627,0.991250275555364,1.21648615640963
678,Rlearner,1.12028089643644,0.0578589703321907,1.00687939840278,1.23368239447011
678,intercept,1.2103868943222,0.0752425724173058,1.06291145238428,1.35786233626012
678,AIPW,1.1636352669099,0.0500905679901807,1.06545775364914,1.26181278017065
679,Tlearner,0.845907352610088,0.0609748026353118,0.726398935480439,0.965415769739738
679,Rlearner,0.927234263951307,0.0589413249237224,0.811711389899738,1.04275713800288
679,intercept,1.08269779855644,0.0781388585177667,0.929545635861614,1.23584996125126
679,AIPW,0.879341550903281,0.0554684166738896,0.770623454222458,0.988059647584105
680,Tlearner,0.934527091856436,0.0579581415524592,0.820931221802741,1.04812296191013
680,Rlearner,0.954818050496027,0.0572511520590306,0.842607854386901,1.06702824660515
680,intercept,1.1903851006804,0.070257859141802,1.05267969676247,1.32809050459833
680,AIPW,0.987680053081305,0.0474824235339558,0.894614502954752,1.08074560320786
681,Tlearner,0.952273926498152,0.0604515511211624,0.833791063491092,1.07075678950521
681,Rlearner,1.018802255556,0.0547090358693,0.911574515623262,1.12602999548874
681,intercept,1.14090726402872,0.0757094009383117,0.992516838189633,1.28929768986782
681,AIPW,0.989632309874903,0.056894571438146,0.878118949856137,1.10114566989367
682,Tlearner,1.0698538071455,0.0614638401693535,0.949386894062037,1.19032072022896
682,Rlearner,1.06123928547293,0.0599800717488125,0.943680505055127,1.17879806589073
682,intercept,1.24451588675641,0.0815986070524762,1.08458261693356,1.40444915657926
682,AIPW,1.01768468174828,0.0901263654086797,0.841037005547267,1.19433235794929
683,Tlearner,0.952161764344615,0.0632268930491668,0.828239331113882,1.07608419757535
683,Rlearner,0.964733104780895,0.0624818526812272,0.842270923838353,1.08719528572344
683,intercept,1.23176945663647,0.0859308253861603,1.0633450388796,1.40019387439334
683,AIPW,0.984969065594959,0.0607817552625698,0.865836825280322,1.1041013059096
684,Tlearner,0.956884093981973,0.0595096987832704,0.840247227635936,1.07352096032801
684,Rlearner,0.956855981079471,0.060039324804654,0.839181066806247,1.0745308953527
684,intercept,1.0983757364702,0.0884842136476116,0.924946677720879,1.27180479521952
684,AIPW,0.940461006354412,0.0481042968955172,0.846176584439198,1.03474542826963
685,Tlearner,1.06157493800934,0.0615138580824665,0.941009991617597,1.18213988440108
685,Rlearner,1.01634238982681,0.0576220063886205,0.903405332588172,1.12927944706544
685,intercept,1.15141088704721,0.0855379820360305,0.983756442256587,1.31906533183783
685,AIPW,1.03496142571198,0.0532912519449255,0.930510571899926,1.13941227952403
686,Tlearner,1.0096511912257,0.0610398859260477,0.890015213190218,1.12928716926119
686,Rlearner,1.03715608603255,0.0527675507678139,0.933733586975251,1.14057858508986
686,intercept,1.24943834066142,0.0696011516335704,1.11302008345963,1.38585659786322
686,AIPW,1.01872199601475,0.0497941848388106,0.921125393730686,1.11631859829882
687,Tlearner,0.957352294788253,0.063381846746708,0.833126157891068,1.08157843168544
687,Rlearner,0.984471137120304,0.0571392774416752,0.872480211231979,1.09646206300863
687,intercept,1.16283600555063,0.0749334683908672,1.01596640750453,1.30970560359673
687,AIPW,0.943836631279217,0.0575673035402895,0.83100471634025,1.05666854621818
688,Tlearner,1.06083278094833,0.0615229291555962,0.940250055579955,1.18141550631671
688,Rlearner,1.07340080459421,0.057049493906927,0.961585851200397,1.18521575798803
688,intercept,1.12632415471432,0.0739144310705721,0.981451869815998,1.27119643961264
688,AIPW,1.02101328488611,0.0564887245702346,0.910295384728453,1.13173118504377
689,Tlearner,0.974286641411368,0.0577898524760557,0.861020611886416,1.08755267093632
689,Rlearner,0.986261390116726,0.0568553349877582,0.87482698121176,1.09769579902169
689,intercept,1.07737438972687,0.0786016315482335,0.923315191892335,1.23143358756141
689,AIPW,1.01639561999259,0.0432379991120277,0.93164914173302,1.10114209825217
690,Tlearner,1.11390347635207,0.0633685110792475,0.989703476882819,1.23810347582132
690,Rlearner,1.21171877123483,0.0596547604757182,1.09479758919606,1.3286399532736
690,intercept,1.320873354555,0.0694067262844303,1.18483617103751,1.45691053807248
690,AIPW,1.20677677732955,0.0552596214173029,1.09846791935163,1.31508563530746
691,Tlearner,0.986282551104258,0.0640603138971582,0.860726643027497,1.11183845918102
691,Rlearner,1.02315347696046,0.0605137424232049,0.904548721241242,1.14175823267967
691,intercept,1.25431273098846,0.0760847278431581,1.10518666441587,1.40343879756105
691,AIPW,1.02791103740087,0.0525312036153293,0.92494987831482,1.13087219648691
692,Tlearner,1.04202378011424,0.0632326782400406,0.918090008117747,1.16595755211072
692,Rlearner,1.07923367899234,0.0548124440386806,0.971803262771912,1.18666409521277
692,intercept,1.16711938679867,0.0653277614153056,1.03907697442467,1.29516179917267
692,AIPW,1.05281928682694,0.0445832131340836,0.965436189084131,1.14020238456974
693,Tlearner,1.04579422697558,0.0584560097977206,0.931222553092125,1.16036590085903
693,Rlearner,1.08166575844176,0.0560397750046906,0.971829817730841,1.19150169915268
693,intercept,1.07278535230905,0.0744811923908483,0.926802215222983,1.21876848939511
693,AIPW,1.18572469777502,0.106955670259498,0.976091584066406,1.39535781148364
694,Tlearner,0.965794062158478,0.0613983635171085,0.845455480955247,1.08613264336171
694,Rlearner,0.958843829608228,0.0613583108395667,0.838583750210464,1.07910390900599
694,intercept,1.15914191888983,0.0874028054098001,0.987832420286623,1.33045141749304
694,AIPW,1.01791167583387,0.0688390954955929,0.882987048662513,1.15283630300524
695,Tlearner,1.03145907959898,0.0598369456207318,0.914180821237467,1.1487373379605
695,Rlearner,1.09599723934242,0.0556649108799683,0.98689601881505,1.20509845986979
695,intercept,1.23617961672106,0.079014257604465,1.08131167181631,1.39104756162582
695,AIPW,1.09790675432526,0.0464755912531128,1.00681459546916,1.18899891318137
696,Tlearner,1.09016580112468,0.0676602845149895,0.957554080291568,1.22277752195779
696,Rlearner,1.08190645011927,0.0668381598713093,0.950906063978572,1.21290683625997
696,intercept,1.23623194561121,0.0897614448051546,1.06029951379311,1.41216437742931
696,AIPW,0.948382687825224,0.117770300261974,0.717552899311756,1.17921247633869
697,Tlearner,0.995043233503435,0.0576750408079184,0.882002230713037,1.10808423629383
697,Rlearner,1.00767040456017,0.0563371600142903,0.897251599940888,1.11808920917945
697,intercept,1.14201644107974,0.0782628006942475,0.988621351719017,1.29541153044047
697,AIPW,1.00735278475302,0.0494690985751344,0.910393351545758,1.10431221796028
698,Tlearner,0.997489179228448,0.0622936305061048,0.875395906970237,1.11958245148666
698,Rlearner,1.03247258978614,0.0615638349372793,0.911809690558908,1.15313548901338
698,intercept,1.17240568643177,0.0796266259463212,1.01633749957698,1.32847387328656
698,AIPW,0.92737891928713,0.244663441724603,0.447838573506907,1.40691926506735
699,Tlearner,0.962267864602216,0.0607391060682881,0.843221404255213,1.08131432494922
699,Rlearner,0.9568890427106,0.0595373494479689,0.840197982057606,1.0735801033636
699,intercept,1.04935526379891,0.0772305621362405,0.897983362011883,1.20072716558595
699,AIPW,0.906763464229083,0.0534577675808691,0.80198623977058,1.01154068868759
700,Tlearner,0.850567814361519,0.0961530123250854,0.662111373199315,1.03902425552372
700,Rlearner,1.03908699234908,0.0611283182283852,0.919277690185944,1.15889629451222
700,intercept,1.24491063380284,0.0865129484643614,1.07534525481269,1.41447601279299
700,AIPW,1.04523179438726,0.0541407705706923,0.939115884068703,1.15134770470582
701,Tlearner,0.95697078530741,0.0629087287047832,0.833671942732834,1.08026962788199
701,Rlearner,0.951852590242394,0.0580003526960364,0.838173987867542,1.06553119261725
701,intercept,1.07326343011999,0.0758812972177757,0.92453608757315,1.22199077266683
701,AIPW,0.984152267554355,0.053995352587088,0.878321376483662,1.08998315862505
702,Tlearner,1.17281856590129,0.0580232509780185,1.05909508371845,1.28654204808414
702,Rlearner,1.16953158787387,0.0589889237965521,1.05391542174585,1.28514775400189
702,intercept,1.23390975486838,0.076838787998498,1.08330573039133,1.38451377934544
702,AIPW,1.17286330747796,0.047006674606623,1.08073022524898,1.26499638970694
703,Tlearner,0.993135578901702,0.0633177204039791,0.869035127326726,1.11723603047668
703,Rlearner,1.06091475043726,0.0614072090263806,0.940558832354426,1.18127066852008
703,intercept,1.26021511686438,0.0823440706501663,1.09882073839006,1.42160949533871
703,AIPW,1.00253113777679,0.0773594251921463,0.85090666440018,1.15415561115339
704,Tlearner,1.05365345389449,0.0632531548633087,0.929679548453874,1.17762735933511
704,Rlearner,1.04412837470153,0.0625583220222666,0.921516316604631,1.16674043279843
704,intercept,1.28488291777549,0.0867690738703981,1.11481553298951,1.45495030256147
704,AIPW,1.11630273671361,0.100824686961772,0.918686350268535,1.31391912315868
705,Tlearner,1.08667214554718,0.0635409397762319,0.962134192041942,1.21121009905243
705,Rlearner,1.10394079860786,0.0611451963924105,0.98409841585111,1.22378318136462
705,intercept,1.17801922475412,0.0754050324080291,1.03022536123439,1.32581308827386
705,AIPW,1.16431960593573,0.0519127076402664,1.06257069896081,1.26606851291065
706,Tlearner,1.06536381997989,0.0667658791884424,0.934505101374395,1.19622253858539
706,Rlearner,1.0576231380789,0.0606865292076617,0.938679726485143,1.17656654967265
706,intercept,1.2330577270648,0.0796268508334132,1.07698909943131,1.38912635469829
706,AIPW,1.04459477612482,0.0487892854279256,0.948967776686087,1.14022177556356
707,Tlearner,1.0451261871751,0.0587013784595406,0.930073599551548,1.16017877479866
707,Rlearner,1.05766792247226,0.0617432027681614,0.936653468756512,1.17868237618801
707,intercept,1.14846907629966,0.077313005330939,0.996935585851017,1.3000025667483
707,AIPW,1.04766687200896,0.0452923037806283,0.958893956598933,1.136439787419
709,Tlearner,1.08301637355019,0.0618124187021368,0.961866259096691,1.20416648800369
709,Rlearner,0.995109805342878,0.0611904489431421,0.875178729216482,1.11504088146927
709,intercept,1.09900058105115,0.0853570321731355,0.931700797991804,1.2663003641105
709,AIPW,1.01468609296711,0.0442717924647284,0.927913379736246,1.10145880619798
710,Tlearner,1.04659520365613,0.0632541927617736,0.922619263971897,1.17057114334036
710,Rlearner,0.951419198801172,0.0607958760227722,0.832261471387976,1.07057692621437
710,intercept,1.15461656296288,0.0787943284653762,1.00017967917074,1.30905344675502
710,AIPW,1.02195477892452,0.043978278404226,0.935757353252237,1.1081522045968
711,Tlearner,0.942058108622238,0.0618564807429888,0.820821634155585,1.06329458308889
711,Rlearner,0.963517592202686,0.0586358916238296,0.848593356418586,1.07844182798679
711,intercept,1.1860539934392,0.0733646775292796,1.04225922548182,1.32984876139659
711,AIPW,0.978255809809828,0.0434433526711758,0.893106838574324,1.06340478104533
712,Tlearner,1.02519209115026,0.0628453610731228,0.902017446851526,1.148366735449
712,Rlearner,1.05970515601656,0.0636373306111691,0.934978279946405,1.18443203208672
712,intercept,1.2819014902719,0.0896751486642321,1.10613819889,1.45766478165379
712,AIPW,1.05654845819463,0.0645731356501697,0.929985112320302,1.18311180406897
713,Tlearner,1.01617944089054,0.0627518942548373,0.893187988189391,1.13917089359169
713,Rlearner,1.00696530663174,0.0596136097085933,0.890124778614468,1.12380583464901
713,intercept,1.12070073171598,0.0778926029508755,0.968031229932264,1.2733702334997
713,AIPW,1.04821467826487,0.0604058037393014,0.929819302935838,1.1666100535939
715,Tlearner,0.867620083118252,0.0580935875343845,0.753758743818134,0.981481422418371
715,Rlearner,0.852238285312437,0.0544887640545601,0.745442270203399,0.959034300421476
715,intercept,0.975467042033314,0.0721883997121492,0.833977778597502,1.11695630546913
715,AIPW,0.880014339362324,0.048838957262452,0.784289983127918,0.97573869559673
716,Tlearner,1.03778643807601,0.0591857725714063,0.921784455438874,1.15378842071314
716,Rlearner,1.05042833990308,0.0567477815916664,0.939204731780866,1.16165194802529
716,intercept,1.18261300973459,0.0728006061806483,1.03992382162052,1.32530219784866
716,AIPW,1.13868798499379,0.0735706304976406,0.994489549218411,1.28288642076916
717,Tlearner,0.920864746522502,0.0613180534130036,0.800683570230912,1.04104592281409
717,Rlearner,0.921539848436225,0.0587018305491098,0.806486374733397,1.03659332213905
717,intercept,1.1037788180486,0.0802068318237069,0.946573427674135,1.26098420842307
717,AIPW,0.920777917182794,0.0419192519728642,0.83861618331598,1.00293965104961
718,Tlearner,0.879855601255563,0.0635012106878937,0.755395515332601,1.00431568717852
718,Rlearner,0.900335735403803,0.0596835125377032,0.78335820035906,1.01731327044855
718,intercept,1.07967075327105,0.0762216273333683,0.930276363697646,1.22906514284445
718,AIPW,0.895183565396916,0.0516974333344514,0.793856596061391,0.996510534732441
721,Tlearner,1.0257611571309,0.0587652780102721,0.91058332868928,1.14093898557251
721,Rlearner,0.971071197445836,0.0590055019739743,0.855422538687139,1.08671985620453
721,intercept,1.07625579165863,0.0803471656614991,0.918775346962096,1.23373623635517
721,AIPW,0.988326056400245,0.0494643848961816,0.891375862003729,1.08527625079676
722,Tlearner,1.04529509643932,0.0638545998746364,0.920142380437815,1.17044781244082
722,Rlearner,1.03093007781322,0.0595237011557809,0.914265767321364,1.14759438830508
722,intercept,1.12162513120707,0.0740165714895835,0.976552651087485,1.26669761132665
722,AIPW,1.00832313861374,0.0466607183923017,0.916868130564826,1.09977814666265
723,Tlearner,1.03577824192323,0.0607347504973732,0.916740318338351,1.15481616550811
723,Rlearner,1.03709431006249,0.0629061363746974,0.913800548361514,1.16038807176346
723,intercept,1.17556698206285,0.0830427699339285,1.01280315299235,1.33833081113335
723,AIPW,1.07561189386587,0.098499765359487,0.882552353761274,1.26867143397046
724,Tlearner,1.05124865310868,0.0594473702814996,0.934733948381329,1.16776335783604
724,Rlearner,1.05947043138753,0.055517240939581,0.950658638624915,1.16828222415014
724,intercept,1.12799271014287,0.080060384597828,0.971074356331132,1.28491106395462
724,AIPW,1.06180365968193,0.0416363813253725,0.980196352284203,1.14341096707966
725,Tlearner,1.08339282548436,0.0605999735955238,0.964619059773057,1.20216659119567
725,Rlearner,1.07478503807888,0.0614456104984848,0.954353854493769,1.19521622166398
725,intercept,1.26996767101075,0.0769843621923262,1.11907832111379,1.4208570209077
725,AIPW,1.05357066351637,0.0623555426596644,0.931353799903429,1.17578752712931
726,Tlearner,0.953260812640871,0.0638109057140904,0.828193735620373,1.07832788966137
726,Rlearner,1.04333991099216,0.0593140717061017,0.927086466671779,1.15959335531255
726,intercept,1.17258293717574,0.0750267296778544,1.02553054700714,1.31963532734433
726,AIPW,1.01227020902113,0.0678202423920705,0.879342533932673,1.14519788410959
727,Tlearner,0.946215248126548,0.0620211657520281,0.824655996973384,1.06777449927971
727,Rlearner,0.991253057060542,0.0577791812434567,0.878007942767154,1.10449817135393
727,intercept,1.11530933074008,0.0754274136838881,0.967471599919661,1.2631470615605
727,AIPW,1.00008018355199,0.051529757446841,0.899081858956185,1.1010785081478
728,Tlearner,0.903797906809958,0.0602395442255341,0.785730569682804,1.02186524393711
728,Rlearner,0.877608050155501,0.0612393646010558,0.757581101101315,0.997634999209687
728,intercept,1.05729594258866,0.085966751018272,0.888801110592848,1.22579077458447
728,AIPW,0.880895994409117,0.0469560622940816,0.788862112312717,0.972929876505517
729,Tlearner,0.911298065100562,0.0611642771029526,0.791418284838347,1.03117784536278
729,Rlearner,0.911130424055585,0.0576770978720285,0.798085389493617,1.02417545861755
729,intercept,1.24189905614602,0.0736403236683467,1.09756402175606,1.38623409053598
729,AIPW,0.925377425202334,0.0446905644900097,0.837783918801915,1.01297093160275
730,Tlearner,0.973970790697608,0.0594066249585588,0.857535945335755,1.09040563605946
730,Rlearner,1.02922666277716,0.0588942172632952,0.913796118043426,1.1446572075109
730,intercept,1.26570984497124,0.0850025779499191,1.0991047921894,1.43231489775308
730,AIPW,0.93383340150161,0.0824020429059557,0.772325397405937,1.09534140559728
731,Tlearner,0.857152142914216,0.0619854733317971,0.735662847619226,0.978641438209207
731,Rlearner,0.904559271749524,0.0573354676407859,0.792183820136822,1.01693472336223
731,intercept,1.13033201858754,0.0767423358046303,0.979917040410466,1.28074699676462
731,AIPW,0.880769723653672,0.056796164623903,0.769449240990822,0.992090206316522
732,Tlearner,0.981711302636578,0.0610250440990433,0.862104414047484,1.10131819122567
732,Rlearner,1.00580357487795,0.0558516114437694,0.896336427969636,1.11527072178626
732,intercept,1.08942708999348,0.0873334998983839,0.918253430192645,1.26060074979431
732,AIPW,0.831599334816922,0.149618980586864,0.538346132866669,1.12485253676718
733,Tlearner,1.04733481367104,0.0632591956109757,0.923349068582552,1.17132055875952
733,Rlearner,1.00956116653781,0.0637000843610398,0.884711295378013,1.13441103769762
733,intercept,1.13930962762013,0.08665640311621,0.969463077512363,1.30915617772791
733,AIPW,1.0056085765926,0.0500416895257905,0.90752686512205,1.10369028806315
734,Tlearner,1.08118699253163,0.0607961079537307,0.962028810542111,1.20034517452115
734,Rlearner,1.10272479657117,0.0605648128109925,0.984019944731215,1.22142964841113
734,intercept,1.22245302760742,0.0808159370662649,1.06405379095754,1.3808522642573
734,AIPW,1.06920630415573,0.0576061721002672,0.956298206839209,1.18211440147226
735,Tlearner,0.97610398636122,0.0621101603150683,0.854370309069677,1.09783766365276
735,Rlearner,0.945909477051578,0.0571574166279778,0.833882999011391,1.05793595509177
735,intercept,1.03109319007291,0.0760441350749562,0.882046685325992,1.18013969481982
735,AIPW,0.936168233110939,0.0522765762872876,0.833706143587856,1.03863032263402
736,Tlearner,1.036828916127,0.0609138021143003,0.917440057821573,1.15621777443243
736,Rlearner,1.04658234822506,0.0593079438216635,0.930340914337475,1.16282378211265
736,intercept,1.23540694240227,0.073195307251155,1.09194414019001,1.37886974461454
736,AIPW,0.983168007936457,0.10586383012462,0.775674900892203,1.19066111498071
737,Tlearner,1.07747651903904,0.0621568464261596,0.955651338651178,1.1993016994269
737,Rlearner,1.09639169650741,0.056735828442206,0.985191516127643,1.20759187688718
737,intercept,1.21349772114916,0.0740454076296343,1.06836872219507,1.35862672010324
737,AIPW,1.08777901768664,0.0571051033442232,0.975853015131966,1.19970502024132
738,Tlearner,0.952151483243633,0.0607289841918119,0.833124861409979,1.07117810507729
738,Rlearner,0.944341347588153,0.0578756652115151,0.830907128192286,1.05777556698402
738,intercept,1.12497576690967,0.075380499119138,0.977229988636155,1.27272154518318
738,AIPW,1.02645730249161,0.0848769698220623,0.860098441640372,1.19281616334286
739,Tlearner,1.05510939741284,0.0580139468787406,0.941404150929489,1.16881464389619
739,Rlearner,1.00380479168691,0.0586741593133159,0.888805552609649,1.11880403076418
739,intercept,1.090613595358,0.0791502405793959,0.935479123822386,1.24574806689362
739,AIPW,1.00646301154993,0.0441601974543677,0.919909024539366,1.09301699856049
740,Tlearner,1.06140451716516,0.0608219658170764,0.942195654694764,1.18061337963556
740,Rlearner,1.08662737608161,0.0574291485692014,0.97406831322317,1.19918643894004
740,intercept,1.20845215744984,0.0765400726980283,1.05843361496171,1.35847069993798
740,AIPW,1.11416729975477,0.0498238143541491,1.01651262362064,1.21182197588891
741,Tlearner,0.977235870801911,0.0640572690210936,0.851685930572575,1.10278581103125
741,Rlearner,1.0535172002627,0.0592722709181108,0.937345683981298,1.16968871654409
741,intercept,1.23813964081448,0.0803574013495604,1.08063913416934,1.39564014745962
741,AIPW,1.0178358337188,0.0885944176994716,0.844190775027834,1.19148089240976
742,Tlearner,0.99855091043527,0.0674636877383314,0.866324512203884,1.13077730866666
742,Rlearner,0.982925934162013,0.0581057412986338,0.869040773921689,1.09681109440234
742,intercept,1.20286548150004,0.0752662127782804,1.05534370445461,1.35038725854547
742,AIPW,0.953555777545759,0.0437760114897916,0.867754795025767,1.03935676006575
743,Tlearner,1.07729756315276,0.0592707132756703,0.961129099794446,1.19346602651107
743,Rlearner,1.05883367219743,0.057078680927543,0.94696151329439,1.17070583110047
743,intercept,1.23268427332964,0.075631168053631,1.08444718394452,1.38092136271475
743,AIPW,0.966666584919768,0.0771887784913211,0.815376579076779,1.11795659076276
744,Tlearner,0.979211024519853,0.0571252181100835,0.867247654415094,1.09117439462461
744,Rlearner,1.03550652644313,0.0561992325259571,0.925358054733464,1.1456549981528
744,intercept,1.20719123334974,0.0715128968026446,1.06702595561655,1.34735651108292
744,AIPW,1.07013381368629,0.0526708111993358,0.966899023735588,1.17336860363698
745,Tlearner,1.06096122630581,0.0586592588383379,0.945991191622857,1.17593126098877
745,Rlearner,1.03902292954648,0.0559494418046066,0.929364038654334,1.14868182043863
745,intercept,1.18172570812837,0.0687252797120444,1.04702415989276,1.31642725636397
745,AIPW,1.06610019402053,0.0432211132119638,0.981386812125082,1.15081357591598
746,Tlearner,0.928268798515891,0.0804432259383873,0.770602972876433,1.08593462415535
746,Rlearner,1.05687635433177,0.0572499838208384,0.944668447927424,1.16908426073611
746,intercept,1.2050277753573,0.0753451216643176,1.05735133689524,1.35270421381936
746,AIPW,1.04194305248937,0.0457468898873024,0.952279148310253,1.13160695666848
747,Tlearner,0.991017422286937,0.0575940992606194,0.878135062014098,1.10389978255978
747,Rlearner,1.01036237368306,0.0520616255750674,0.908323462579314,1.1124012847868
747,intercept,1.24923784881007,0.0669315739895428,1.11805196379057,1.38042373382958
747,AIPW,0.926277257264047,0.0712737206384867,0.786580764812613,1.06597374971548
748,Tlearner,1.0267274277807,0.0628664622551147,0.903511425925226,1.14994342963617
748,Rlearner,1.0580854820553,0.0614297505449978,0.937685383407821,1.17848558070277
748,intercept,1.19110155962117,0.0848906835024027,1.02471581995646,1.35748729928588
748,AIPW,1.09987687192056,0.0598071561202996,0.982654845924777,1.21709889791635
749,Tlearner,0.994316876969044,0.0594336851885569,0.877828994530981,1.11080475940711
749,Rlearner,0.954799138689686,0.0569576757012894,0.843164145672047,1.06643413170733
749,intercept,1.11202183796803,0.0728918933698789,0.969153726963071,1.254889948973
749,AIPW,1.00757908965104,0.0477311136998903,0.914026106799251,1.10113207250282
750,Tlearner,1.08100248161034,0.0601208460303264,0.963167788670821,1.19883717454986
750,Rlearner,1.17414762990236,0.052693982975774,1.07086932106788,1.27742593873684
750,intercept,1.42973613377922,0.0710366886245249,1.29050422407515,1.56896804348329
750,AIPW,1.11454829259047,0.0473438006411599,1.02175444333379,1.20734214184714
751,Tlearner,1.05812867202343,0.0633244488859272,0.934015032866169,1.1822423111807
751,Rlearner,1.03797792201361,0.0605256995942981,0.919349730669699,1.15660611335753
751,intercept,1.16988355704817,0.081854820036003,1.0094481097776,1.33031900431873
751,AIPW,1.05381121731761,0.0495418777041047,0.956709137017567,1.15091329761766
752,Tlearner,0.934503595487782,0.0589969259304843,0.818871745465455,1.05013544551011
752,Rlearner,0.960152505869128,0.0573414055643842,0.84776541614003,1.07253959559823
752,intercept,1.06663317400935,0.0766070077808403,0.916483438758904,1.2167829092598
752,AIPW,0.91184834378339,0.0558787794889109,0.802325935985124,1.02137075158166
753,Tlearner,1.0265286089762,0.0601577538634071,0.908621578013099,1.14443563993931
753,Rlearner,1.03514210426024,0.0580075477009259,0.921449399934931,1.14883480858554
753,intercept,1.10556602424324,0.0700353064283212,0.968296823643725,1.24283522484274
753,AIPW,1.04426651888348,0.0530316046678649,0.940324573734469,1.1482084640325
754,Tlearner,0.976361631545997,0.0608919461375023,0.85701561016794,1.09570765292405
754,Rlearner,1.0139622618597,0.0591546270938704,0.898021323236821,1.12990320048259
754,intercept,1.1048203989094,0.0754425520362854,0.956952996918278,1.25268780090052
754,AIPW,0.992577297278177,0.0540744743069323,0.88659132763659,1.09856326691976
755,Tlearner,1.21502595428989,0.108419939109409,1.00252677842942,1.42752513015036
755,Rlearner,1.04630102674516,0.068152309713224,0.912724954244024,1.1798770992463
755,intercept,1.27303460498247,0.0960533659819287,1.08477000765789,1.46129920230705
755,AIPW,1.06016439182881,0.0569052160189887,0.948630168431591,1.17169861522603
756,Tlearner,0.909962478621523,0.0605677030436963,0.791251962029561,1.02867299521348
756,Rlearner,0.902882477023953,0.0584631012680318,0.788296904114093,1.01746804993381
756,intercept,1.07217990982803,0.0769395404924368,0.921378410462854,1.22298140919321
756,AIPW,0.91427800911618,0.0649270768071681,0.787020938574131,1.04153507965823
757,Tlearner,0.811013454724297,0.0650263261878407,0.683564197349176,0.938462712099419
757,Rlearner,0.823537376521049,0.0600521558333898,0.705837313893618,0.941237439148479
757,intercept,1.01926876375704,0.0749816950401114,0.872304641478425,1.16623288603566
757,AIPW,0.893033362532368,0.0704180499757097,0.755013984579976,1.03105274048476
758,Tlearner,1.06236804063523,0.0593198271416722,0.946103315868415,1.17863276540205
758,Rlearner,1.06536084921436,0.0639958843034148,0.939931220820879,1.19079047760785
758,intercept,1.22916681224646,0.0865963571294329,1.05943795227277,1.39889567222015
758,AIPW,1.10251372032535,0.0495012732037157,1.00549122484607,1.19953621580463
759,Tlearner,1.07685514837104,0.0600614419423722,0.959136885304444,1.19457341143763
759,Rlearner,1.09844318359842,0.0597070759949802,0.981419465026067,1.21546690217078
759,intercept,1.28402066625363,0.0808357076780531,1.12558267920464,1.44245865330261
759,AIPW,1.0948143664737,0.0474992072009329,1.00171592035987,1.18791281258752
760,Tlearner,1.05374513022447,0.0610748089987219,0.934040704224314,1.17344955622463
760,Rlearner,1.08157441817578,0.0571087796667878,0.969643266827839,1.19350556952371
760,intercept,1.1330590773143,0.0785342253185996,0.97913199568984,1.28698615893875
760,AIPW,1.04747353062468,0.0510130152128349,0.94748802080752,1.14745904044183
761,Tlearner,1.00392426656466,0.0589830009972381,0.888319708909988,1.11952882421934
761,Rlearner,0.972794325354814,0.0584975799386769,0.858141175492255,1.08744747521737
761,intercept,1.18007733279042,0.073688001907245,1.03564884905222,1.32450581652862
761,AIPW,1.03340297798735,0.0583879712217043,0.918962554392805,1.14784340158189
763,Tlearner,1.02887374811965,0.0610458072511387,0.909226164500242,1.14852133173905
763,Rlearner,1.00511193240352,0.0595782613869439,0.888340685823597,1.12188317898344
763,intercept,1.03565243072522,0.0729907538851673,0.892590553110293,1.17871430834015
763,AIPW,1.007024756874,0.0488215737454975,0.911334472332827,1.10271504141518
764,Tlearner,1.10551811776973,0.063231363470084,0.981586922675007,1.22944931286446
764,Rlearner,1.04541489737095,0.0563819326147696,0.93490834006724,1.15592145467467
764,intercept,1.24927175820308,0.0775216697600832,1.09732928547332,1.40121423093284
764,AIPW,1.01450671566056,0.0694035183607749,0.87847581967344,1.15053761164768
765,Tlearner,0.94637381274185,0.0642076300017378,0.82052917040577,1.07221845507793
765,Rlearner,0.953624231218616,0.0583579345281745,0.839244781331248,1.06800368110598
765,intercept,1.20097210735089,0.0882797350209818,1.02794382670977,1.37400038799202
765,AIPW,0.873978548415666,0.0744209081482036,0.728113568445187,1.01984352838615
766,Tlearner,1.07420901120876,0.059324429505515,0.95793526597456,1.19048275644295
766,Rlearner,1.14801320150609,0.0595831332133755,1.03123240632182,1.26479399669036
766,intercept,1.2840944420316,0.0746917486651942,1.13769861464782,1.43049026941538
766,AIPW,1.08548357111773,0.0841496451962658,0.920550266533049,1.25041687570241
767,Tlearner,0.966084714104968,0.0606361085814568,0.847240125122653,1.08492930308728
767,Rlearner,1.02869539860246,0.0580375122146555,0.914943964909435,1.14244683229549
767,intercept,1.19779239418042,0.0767919438581079,1.04728018421852,1.34830460414231
767,AIPW,1.02625377317249,0.0461145167047493,0.935869320431185,1.1166382259138
768,Tlearner,1.02013076629636,0.061192252869598,0.900196154539085,1.14006537805364
768,Rlearner,0.976935567573536,0.061270652343938,0.856847295670143,1.09702383947693
768,intercept,1.17776345525239,0.0779786372739253,1.02492532619549,1.33060158430928
768,AIPW,1.0166992283374,0.0501252160109433,0.91845380495595,1.11494465171885
769,Tlearner,1.08147214183278,0.0620515831573981,0.959853273660589,1.20309101000497
769,Rlearner,1.0940599457519,0.0566624054409974,0.983003671810141,1.20511621969366
769,intercept,1.27200879692039,0.0747954545981286,1.12540970590806,1.41860788793273
769,AIPW,1.11074771524287,0.0460700111716011,1.02045049334653,1.20104493713921
770,Tlearner,1.03420446821193,0.0611093980397952,0.91443224893701,1.15397668748685
770,Rlearner,1.04988843691732,0.0563956487546138,0.93935499647351,1.16042187736114
770,intercept,1.27361164558008,0.0720808455042342,1.13233318839178,1.41489010276838
770,AIPW,1.0597978083271,0.0652292310123967,0.931948515542798,1.18764710111139
771,Tlearner,1.08637348720851,0.0623449345252345,0.964179660920548,1.20856731349648
771,Rlearner,0.992836452822164,0.0669373068320215,0.861641742209295,1.12403116343503
771,intercept,1.15816683469474,0.0917974824440908,0.97824376910432,1.33808990028516
771,AIPW,1.04198772941967,0.0593823461510123,0.925598330963681,1.15837712787565
772,Tlearner,1.02938430032885,0.0638020893033755,0.90433450315583,1.15443409750188
772,Rlearner,1.05844928566494,0.0632808836647513,0.934421032772156,1.18247753855772
772,intercept,1.16877216990825,0.0796530575528108,1.01265217710474,1.32489216271176
772,AIPW,1.06687702503041,0.0462074119485322,0.97631049761129,1.15744355244954
773,Tlearner,1.10802483670563,0.0647575345100905,0.981102401338242,1.23494727207302
773,Rlearner,1.0615695479504,0.060471775105127,0.943047046663142,1.18009204923765
773,intercept,1.16492866786565,0.0766004886848379,1.01479171004337,1.31506562568793
773,AIPW,1.08855393501543,0.054082946691467,0.982551359500157,1.19455651053071
774,Tlearner,0.938342594232868,0.066360808643346,0.808277799306955,1.06840738915878
774,Rlearner,0.928008338958048,0.0595093987822122,0.811372060603281,1.04464461731282
774,intercept,1.24589335522617,0.0820492522152456,1.08507682088429,1.40670988956805
774,AIPW,0.97741557987892,0.0424967301861679,0.894121988714031,1.06070917104381
775,Tlearner,1.00850324012334,0.0607045356985336,0.889524536455993,1.1274819437907
775,Rlearner,0.984435459779958,0.0607000334345437,0.865465580387875,1.10340533917204
775,intercept,1.14008110665014,0.0869384875255494,0.969681671100067,1.31048054220022
775,AIPW,1.00798252550311,0.0464966327798405,0.916849125254623,1.0991159257516
776,Tlearner,0.866248684954189,0.0596498266336873,0.749337173068104,0.983160196840275
776,Rlearner,0.888947367220336,0.0597140918492255,0.771909897826337,1.00598483661433
776,intercept,1.06393700542234,0.0797346063570488,0.907657176962529,1.22021683388216
776,AIPW,0.956935042763893,0.0594026641239069,0.840505821081036,1.07336426444675
777,Tlearner,1.11962076450387,0.0637827812822555,0.994608810356859,1.24463271865089
777,Rlearner,1.06128531302369,0.0630515066218937,0.937706630873788,1.18486399517359
777,intercept,1.14669818316234,0.0849306539829897,0.980234101355679,1.313162264969
777,AIPW,1.0579266405465,0.0464756418097489,0.966834382599392,1.14901889849361
778,Tlearner,1.00668927693873,0.0652162766112634,0.878867723574849,1.13451083030261
778,Rlearner,1.05824613802306,0.0632953320514093,0.934189566812796,1.18230270923333
778,intercept,1.25901716096786,0.087106927112918,1.08828758382655,1.42974673810918
778,AIPW,1.0599361073798,0.0466257761810223,0.968549586065001,1.15132262869461
779,Tlearner,0.91151096416779,0.0604475831673554,0.793035878207283,1.0299860501283
779,Rlearner,0.962598790507815,0.0589666632092551,0.847026254329172,1.07817132668646
779,intercept,1.14342119263931,0.0874629055357697,0.971993897789202,1.31484848748942
779,AIPW,0.931762299075366,0.0469861042328296,0.83966953477902,1.02385506337171
780,Tlearner,0.853206793797495,0.0860128231856507,0.684624758145008,1.02178882944998
780,Rlearner,1.02131983365139,0.061172543843594,0.901423850875244,1.14121581642753
780,intercept,1.15250416810745,0.0816645718400828,0.99244160730089,1.31256672891401
780,AIPW,1.04755252679531,0.0447341586823841,0.959873575777833,1.13523147781278
781,Tlearner,0.935563944172838,0.0634369549559219,0.811229797170341,1.05989809117533
781,Rlearner,0.93518175280693,0.064707699786149,0.808356991703648,1.06200651391021
781,intercept,1.03652418905328,0.0843603256891345,0.871177950702579,1.20187042740399
781,AIPW,0.90194290248231,0.070157592132179,0.764434021903239,1.03945178306138
782,Tlearner,0.967707774464476,0.0605732797027618,0.848986327821592,1.08642922110736
782,Rlearner,0.915369372996646,0.0627441098154149,0.792393177516407,1.03834556847689
782,intercept,1.03707655583358,0.0831941652864992,0.874015991872037,1.20013711979511
782,AIPW,0.974127159567131,0.0508936105623341,0.874375682864956,1.07387863626931
783,Tlearner,0.926908454296673,0.0599690929509997,0.809371191927179,1.04444571666617
783,Rlearner,0.96576602309166,0.056639933580792,0.854753793186567,1.07677825299675
783,intercept,1.12654475057951,0.07288304758742,0.983693977308163,1.26939552385085
783,AIPW,0.921445496608573,0.0924899519945353,0.740165190699284,1.10272580251786
784,Tlearner,0.815352259850269,0.0609235241876039,0.69594434663131,0.934760173069227
784,Rlearner,0.830596788306929,0.0625978120078157,0.707907331260601,0.953286245353257
784,intercept,1.00959960242345,0.0850784831079469,0.84284577553187,1.17635342931502
784,AIPW,0.866171593457169,0.0539750700770369,0.760380456106176,0.971962730808161
785,Tlearner,1.06802174271277,0.0584011957325801,0.953557502422839,1.1824859830027
785,Rlearner,1.0649025260874,0.0588779540868855,0.949503856593704,1.1803011955811
785,intercept,1.21348646531099,0.0753616579539913,1.06577761572117,1.36119531490082
785,AIPW,1.11177961300018,0.0646259974646717,0.985112657969427,1.23844656803094
786,Tlearner,0.964423565773203,0.0600055336424717,0.846814880960852,1.08203225058555
786,Rlearner,0.971640627032614,0.0599010274735289,0.854236770547553,1.08904448351767
786,intercept,1.10059507402463,0.0753012463974956,0.953004631085534,1.24818551696372
786,AIPW,0.974231432271043,0.0473209337390564,0.881482402142493,1.06698046239959
787,Tlearner,0.975191521186398,0.0641300511233916,0.849498930657838,1.10088411171496
787,Rlearner,1.01750652654825,0.0612323749039953,0.897493277048565,1.13751977604794
787,intercept,1.16885349938778,0.071583399783457,1.0285500358122,1.30915696296335
787,AIPW,1.04628799924586,0.053732213843468,0.940972860112665,1.15160313837906
788,Tlearner,0.855182723257116,0.0648045900292248,0.728168060766952,0.98219738574728
788,Rlearner,0.863944968249524,0.0630853547290409,0.74029994502867,0.987589991470378
788,intercept,1.06930028670675,0.0811307152918794,0.910284084734667,1.22831648867883
788,AIPW,0.886190586541581,0.0509706091605131,0.786288192586975,0.986092980496187
789,Tlearner,1.03732188166463,0.0579862343459411,0.923670950747484,1.15097281258177
789,Rlearner,1.08679709342843,0.0563955021832215,0.976263940259265,1.19733024659759
789,intercept,1.21471581453453,0.0743272024023606,1.06903449782591,1.36039713124316
789,AIPW,1.07500283457324,0.0461612298042807,0.984526824156851,1.16547884498963
790,Tlearner,0.947947540918268,0.0593219893392689,0.831678578322032,1.0642165035145
790,Rlearner,0.93230646685404,0.0595063074689707,0.815676247361891,1.04893668634619
790,intercept,1.03978936515648,0.0770302496222864,0.888810075896799,1.19076865441616
790,AIPW,0.961503010214025,0.0665250017527003,0.831114006778732,1.09189201364932
791,Tlearner,1.02336270347014,0.0593022622196411,0.90713240531789,1.13959300162238
791,Rlearner,1.0384512367991,0.0577380722859279,0.925286694581916,1.15161577901629
791,intercept,1.33599588331608,0.0766761642898601,1.18571060130795,1.4862811653242
791,AIPW,1.04766390162611,0.0530648217913978,0.943656850914971,1.15167095233725
792,Tlearner,1.10269376936589,0.058442998629638,0.988147596903278,1.21723994182851
792,Rlearner,1.07430672916579,0.0621421223268298,0.952510407482321,1.19610305084926
792,intercept,1.13237762948822,0.0830543503056054,0.969591102889234,1.29516415608721
792,AIPW,1.03584711444216,0.0632702517048366,0.911837421100676,1.15985680778364
793,Tlearner,0.972031571213867,0.0594821005966987,0.855448796319549,1.08861434610818
793,Rlearner,0.958524041952817,0.0601982153688507,0.840537707896284,1.07651037600935
793,intercept,1.24777827778099,0.0827390652351855,1.08560970992003,1.40994684564195
793,AIPW,0.987587132671956,0.0492213450631062,0.891113296348268,1.08406096899564
794,Tlearner,1.07065014379066,0.0607705388201216,0.951542076382131,1.18975821119919
794,Rlearner,1.07544423929432,0.0583164275803258,0.961146141529847,1.1897423370588
794,intercept,1.18429093843228,0.0758149325203625,1.03569367069237,1.33288820617219
794,AIPW,1.08892369410159,0.0466009781214681,0.997585776983511,1.18026161121967
795,Tlearner,1.1142830639329,0.090603729743088,0.936703016771447,1.29186311109435
795,Rlearner,0.983483493329461,0.0561732368488773,0.873385972210623,1.0935810144483
795,intercept,1.17822660556005,0.0738601086500181,1.03346079260601,1.32299241851408
795,AIPW,0.98901858117942,0.0490342186029244,0.892911512717688,1.08512564964115
796,Tlearner,1.02350175090886,0.0620604468609633,0.901865510196909,1.14513799162081
796,Rlearner,0.984421945166648,0.0590373979488307,0.868710771445981,1.10013311888732
796,intercept,1.15927547543861,0.0813512352213779,0.999827054404711,1.31872389647251
796,AIPW,1.03804526437068,0.050983529651014,0.938117546254692,1.13797298248667
797,Tlearner,1.1011258547733,0.0587229127865775,0.986031060644319,1.21622064890228
797,Rlearner,1.12200092879542,0.0573115340947257,1.00967238607102,1.23432947151982
797,intercept,1.2393038029756,0.0693978316048891,1.10328405303002,1.37532355292118
797,AIPW,1.19146771322489,0.0806703954807769,1.03335373808257,1.34958168836722
798,Tlearner,0.9419410828411,0.0625904244378288,0.819266105165879,1.06461606051632
798,Rlearner,0.989925624743477,0.0558557225200468,0.880450420273722,1.09940082921323
798,intercept,1.16458123557241,0.0713961320105008,1.02464481683183,1.30451765431299
798,AIPW,0.941312830961297,0.0495681007087474,0.844159353572152,1.03846630835044
799,Tlearner,1.10365642979715,0.0585091891540669,0.988980526290536,1.21833233330376
799,Rlearner,1.1010227729048,0.0585996620309457,0.986169545817923,1.21587599999167
799,intercept,1.23340803026256,0.0765884523909664,1.08329466357627,1.38352139694886
799,AIPW,1.10546367565621,0.054048419298636,0.999528773830885,1.21139857748154
800,Tlearner,1.04229965035903,0.0649600746186965,0.91498024367335,1.16961905704471
800,Rlearner,1.08165883445434,0.0613841584304954,0.961348094709273,1.20196957419942
800,intercept,1.25753109968172,0.0865373981974118,1.08791779921479,1.42714440014865
800,AIPW,1.08807527729251,0.0539596297730006,0.982314402937425,1.19383615164759
801,Tlearner,1.01618212597225,0.0596921839151759,0.899187595339961,1.13317665660453
801,Rlearner,1.07530577450155,0.0581993360139988,0.96123717198997,1.18937437701314
801,intercept,1.18822222304622,0.0805185133997337,1.03040593678274,1.3460385093097
801,AIPW,0.34574797425361,0.702727059318431,-1.03159706201052,1.72309301051773
802,Tlearner,0.992072738150019,0.0607748721202001,0.872956177629399,1.11118929867064
802,Rlearner,0.993535603651418,0.0595229753090504,0.876872715793012,1.11019849150982
802,intercept,1.04992507832415,0.0799837277190915,0.89315697199473,1.20669318465357
802,AIPW,0.909391923076198,0.0704749487343775,0.771261023556818,1.04752282259558
803,Tlearner,0.956851312340134,0.0629190093817359,0.833532320008993,1.08017030467127
803,Rlearner,0.925499190947552,0.0607420424037154,0.806446975488865,1.04455140640624
803,intercept,1.12438586420832,0.0847529887626182,0.958270006233585,1.29050172218305
803,AIPW,0.935103528861403,0.0460409564870848,0.844863254146717,1.02534380357609
804,Tlearner,1.12621946630432,0.113365388806913,0.90402738714939,1.34841154545925
804,Rlearner,1.03857714743129,0.0625065688538935,0.916066523680481,1.16108777118209
804,intercept,1.23527221400583,0.0881078011515043,1.06258092374888,1.40796350426278
804,AIPW,1.06362887651775,0.0472247642007475,0.971068338684288,1.15618941435122
805,Tlearner,1.0659114848829,0.0628309706801045,0.942765045236202,1.1890579245296
805,Rlearner,1.07533971681362,0.0587331511557366,0.960224855849834,1.19045457777742
805,intercept,1.31922987909446,0.077757259590586,1.16682565029691,1.47163410789201
805,AIPW,1.09107397716501,0.0416220160904027,1.00949482562782,1.1726531287022
806,Tlearner,1.11344950698726,0.0576417171294173,1.00047381740656,1.22642519656797
806,Rlearner,1.10006498757528,0.0563447246361239,0.98963135656965,1.21049861858091
806,intercept,1.19553460560275,0.0699505293283874,1.05843156811911,1.33263764308639
806,AIPW,1.16412332370027,0.0688899380435901,1.02909904513483,1.2991476022657
807,Tlearner,1.0110318927097,0.0599383415557269,0.893554901967419,1.12850888345199
807,Rlearner,0.96949485370816,0.0609409235873658,0.850052838292316,1.088936869124
807,intercept,1.07128392193074,0.078943279996439,0.916555093137724,1.22601275072377
807,AIPW,0.965255965570622,0.0640394489334348,0.83973864566109,1.09077328548015
808,Tlearner,0.976163646093659,0.0647822700500045,0.849192729958903,1.10313456222842
808,Rlearner,1.00693562108821,0.0603955433396684,0.888562531315729,1.12530871086068
808,intercept,1.21571678252288,0.0771697623716724,1.0644640482744,1.36696951677136
808,AIPW,1.03789442044136,0.0519783973825324,0.936016761571601,1.13977207931113
809,Tlearner,1.06501741993528,0.0619485146622717,0.943600562301472,1.18643427756908
809,Rlearner,1.09823304167303,0.0559411310929565,0.988590439476399,1.20787564386966
809,intercept,1.31588879233674,0.0758225131002363,1.16727666666028,1.46450091801321
809,AIPW,1.09170333676797,0.0754912697718458,0.943740448015155,1.23966622552079
811,Tlearner,1.05138531714695,0.0602526631134083,0.933292267472049,1.16947836682186
811,Rlearner,1.02737653324858,0.0583961360006364,0.912922209851029,1.14183085664613
811,intercept,1.14812409508563,0.0812936054122214,0.988788628477676,1.30745956169358
811,AIPW,1.03494638821351,0.0501680623278941,0.936616986050841,1.13327579037619
812,Tlearner,0.970309369453973,0.0602829837707744,0.852156892382642,1.0884618465253
812,Rlearner,0.978156218824217,0.0582739321623933,0.863941410548396,1.09237102710004
812,intercept,1.14021126523108,0.0731369028474015,0.996862935650174,1.28355959481199
812,AIPW,0.909700836793135,0.065930650021572,0.780476762750854,1.03892491083542
814,Tlearner,0.971711200845328,0.0621204230033663,0.849957409054336,1.09346499263632
814,Rlearner,0.999545659589078,0.0618477297205503,0.878326336811232,1.12076498236692
814,intercept,1.18571078328979,0.0828904370909171,1.02324552659159,1.34817603998799
814,AIPW,1.04891922265256,0.0530502686918748,0.944940696016484,1.15289774928863
815,Tlearner,1.00649263463984,0.064653823222423,0.879773469661073,1.13321179961861
815,Rlearner,1.07362739905976,0.0595441327986634,0.956923043283709,1.19033175483581
815,intercept,1.24422564265716,0.0722444027134552,1.10262661333879,1.38582467197553
815,AIPW,1.03621873754213,0.0432324630463001,0.951483109971378,1.12095436511287
816,Tlearner,0.949277454585856,0.0589719479491681,0.833694560507316,1.0648603486644
816,Rlearner,0.989827511541594,0.0600926892928717,0.87204800479341,1.10760701828978
816,intercept,1.15732618054987,0.071231509166115,1.01771242258428,1.29693993851545
816,AIPW,0.955892249418881,0.0562092429395904,0.845722133257284,1.06606236558048
817,Tlearner,1.10709849177731,0.0617158347267829,0.986137678436985,1.22805930511763
817,Rlearner,1.12006161375844,0.0604041072040188,1.00167173912027,1.23845148839661
817,intercept,1.1665542150643,0.0855643002742509,0.998848186526765,1.33426024360183
817,AIPW,1.0573059937284,0.0665515847892637,0.926864887541447,1.18774709991536
818,Tlearner,1.1032352791459,0.0612338451343238,0.983219148047718,1.22325141024407
818,Rlearner,1.1201891466558,0.0557059070662977,1.01100757507972,1.22937071823188
818,intercept,1.3700860597166,0.0739980701325161,1.22504984225687,1.51512227717633
818,AIPW,1.09234111957962,0.0413290335787711,1.01133621376523,1.17334602539401
819,Tlearner,1.01495412960124,0.0640698628119706,0.889379505995356,1.14052875320713
819,Rlearner,1.04804223674165,0.0581807905539187,0.934009982663898,1.1620744908194
819,intercept,1.21317255799907,0.0776984642473207,1.06088356807432,1.36546154792382
819,AIPW,0.995154547070913,0.0449652185323037,0.907022718747598,1.08328637539423
820,Tlearner,0.924887167295626,0.0660806213995449,0.795371529276491,1.05440280531476
820,Rlearner,0.832912257148006,0.0578447608848772,0.719538609119315,0.946285905176696
820,intercept,1.08000585831892,0.0820816142859678,0.919125894318428,1.24088582231942
820,AIPW,0.92806856207134,0.0544191835324778,0.821406962347684,1.034730161795
821,Tlearner,0.981445834850906,0.0642692913270569,0.855480338537962,1.10741133116385
821,Rlearner,1.00654709067833,0.0613039716502891,0.886393514134499,1.12670066722216
821,intercept,1.18163337469136,0.0810299925584757,1.02281458927674,1.34045216010597
821,AIPW,0.995457221789177,0.051498505125594,0.894520151743013,1.09639429183534
822,Tlearner,1.02194485894553,0.0622055604134346,0.90002420089707,1.14386551699399
822,Rlearner,1.08623858609125,0.0610707128289971,0.966542188436227,1.20593498374627
822,intercept,1.13148358789627,0.0879070086936629,0.959185850856689,1.30378132493585
822,AIPW,1.18290765353918,0.120905045603702,0.945933764155926,1.41988154292244
823,Tlearner,0.910043577149054,0.071302696643916,0.770292859726394,1.04979429457171
823,Rlearner,0.951922724666235,0.0571903060045125,0.839831784632566,1.0640136646999
823,intercept,1.0910628088363,0.0740394335194236,0.945945519138228,1.23618009853437
823,AIPW,0.929205169702255,0.045744343244203,0.839546256943617,1.01886408246089
824,Tlearner,0.976411057102309,0.0635394797602839,0.851875965175741,1.10094614902888
824,Rlearner,0.93814662469706,0.0634310360741495,0.813824078489666,1.06246917090445
824,intercept,1.03266114242598,0.0882939519437954,0.859604996616141,1.20571728823582
824,AIPW,0.859618816893695,0.129407642592988,0.605979837411438,1.11325779637595
825,Tlearner,1.00127613841667,0.0573584702919077,0.888855602436218,1.11369667439712
825,Rlearner,1.01983020042364,0.0543538796741663,0.913298553842255,1.12636184700503
825,intercept,1.10796732459661,0.0753773354061392,0.960227747200576,1.25570690199264
825,AIPW,0.996540435064633,0.053902606190351,0.890891326931545,1.10218954319772
826,Tlearner,1.00060497396633,0.0626011827582739,0.877908910370499,1.12330103756215
826,Rlearner,1.00652391966801,0.0617245549736381,0.885546014957917,1.1275018243781
826,intercept,1.20311891668502,0.078672254929608,1.04892129702299,1.35731653634705
826,AIPW,0.947560985303241,0.0632559280196182,0.82357936638479,1.07154260422169
827,Tlearner,0.911332819641001,0.0654942658100407,0.782966417459428,1.03969922182257
827,Rlearner,0.913089067153601,0.0600072365098803,0.795477044782458,1.03070108952474
827,intercept,1.18915605436189,0.0806770316829295,1.03102907226335,1.34728303646043
827,AIPW,0.909920304747362,0.0502437088388093,0.811442635423296,1.00839797407143
828,Tlearner,0.851194238610682,0.0610612866478279,0.731516315931262,0.970872161290101
828,Rlearner,0.942511606453813,0.0533049736053755,0.838035777990419,1.04698743491721
828,intercept,1.08283778768625,0.072017214864362,0.941684046552105,1.2239915288204
828,AIPW,0.925505793034951,0.056859039321513,0.814062075964785,1.03694951010512
829,Tlearner,1.04361245530392,0.058101277990673,0.92973604298645,1.15748886762139
829,Rlearner,1.05906448012486,0.055830793083956,0.949638136451999,1.16849082379772
829,intercept,1.20194128878767,0.0791987226992885,1.04671179229706,1.35717078527828
829,AIPW,1.05375165624706,0.0474652726302475,0.960719721891779,1.14678359060235
830,Tlearner,1.08795084163106,0.0624481293162031,0.965554757269403,1.21034692599272
830,Rlearner,1.11097073272432,0.0588287024330896,0.995668594698237,1.2262728707504
830,intercept,1.2186876092432,0.087996487048177,1.04621449462877,1.39116072385763
830,AIPW,1.21941883976971,0.10558339959038,1.01247537657257,1.42636230296686
832,Tlearner,1.02459759715149,0.06303370675805,0.901053802093652,1.14814139220933
832,Rlearner,0.974788622283928,0.0608809617694366,0.855464129871673,1.09411311469618
832,intercept,1.20153608725614,0.084095534221835,1.03670884018134,1.36636333433093
832,AIPW,1.01114096032026,0.0478801123188198,0.917295940175377,1.10498598046515
833,Tlearner,1.18471588685437,0.076703668721537,1.03437945867806,1.33505231503067
833,Rlearner,1.14626370613224,0.0621815296186969,1.02439014757599,1.2681372646885
833,intercept,1.25341410444725,0.0776325432729343,1.1012543196323,1.4055738892622
833,AIPW,1.13348872358342,0.043575936097914,1.04807988883151,1.21889755833533
834,Tlearner,1.01505811009971,0.0611753854377038,0.895156557901455,1.13495966229797
834,Rlearner,1.0146265069156,0.0594141303519202,0.898176951253066,1.13107606257813
834,intercept,1.1360192484702,0.0727087555272046,0.993510087636881,1.27852840930352
834,AIPW,1.01532038726088,0.0490608874127822,0.919161047931824,1.11147972658993
835,Tlearner,0.945925781377618,0.0612809104079242,0.825817404038261,1.06603415871698
835,Rlearner,0.895641397197215,0.0604019070176179,0.777255834845147,1.01402695954928
835,intercept,1.05010212379031,0.0759635279157752,0.90121360907539,1.19899063850523
835,AIPW,0.895379133074392,0.0656914479347747,0.766623895122234,1.02413437102655
836,Tlearner,0.829421125258486,0.0600201545110143,0.711783784070369,0.947058466446603
836,Rlearner,0.817258851425378,0.0566583122425696,0.706210600005117,0.928307102845639
836,intercept,0.910264934856978,0.0772676385040278,0.758820363389084,1.06170950632487
836,AIPW,0.842605728645855,0.0493763503050622,0.745828082047933,0.939383375243777
837,Tlearner,1.05544995452926,0.130629240882578,0.799421347071601,1.31147856198692
837,Rlearner,0.909335973426108,0.0603767001042722,0.790999815716359,1.02767213113586
837,intercept,0.977499353339174,0.0780402310175218,0.824540500544832,1.13045820613352
837,AIPW,0.916885455196554,0.0633507221628713,0.792718039757326,1.04105287063578
839,Tlearner,0.95106931684455,0.067866583231485,0.81805325795705,1.08408537573205
839,Rlearner,0.92245351353454,0.0632412549674152,0.798502931461291,1.04640409560779
839,intercept,1.20780942255262,0.0860444550618769,1.03916229063134,1.3764565544739
839,AIPW,1.01747125413348,0.0779515699184276,0.864686177093359,1.1702563311736
840,Tlearner,1.02998707450632,0.0632826343366368,0.905955390359697,1.15401875865295
840,Rlearner,1.01536997823453,0.0628637658361666,0.892159261263088,1.13858069520598
840,intercept,1.10455817642516,0.0952539314703952,0.917860470743189,1.29125588210714
840,AIPW,1.02924316523058,0.0550221252431102,0.921399799754081,1.13708653070707
841,Tlearner,0.987199293161678,0.0595798976891493,0.870424839488365,1.10397374683499
841,Rlearner,1.02958640197827,0.0569061580400907,0.918052381721149,1.14112042223539
841,intercept,1.18017142846203,0.070653537985678,1.0416904940101,1.31865236291396
841,AIPW,1.06759453175942,0.0540075077873116,0.961739816496293,1.17344924702255
842,Tlearner,0.991935708007175,0.0624223540577048,0.869590142223866,1.11428127379048
842,Rlearner,1.05966911434722,0.0640840397073948,0.934066704536894,1.18527152415755
842,intercept,1.24704134836157,0.0861152662735713,1.07825542646537,1.41582727025777
842,AIPW,1.10325668502841,0.0588128387341437,0.987983521109487,1.21852984894733
843,Tlearner,0.950978134342957,0.0610257379923015,0.831369885748068,1.07058638293785
843,Rlearner,0.94960227400155,0.058531542246564,0.8348825592387,1.0643219887644
843,intercept,1.20870490631473,0.0777196849567484,1.0563743237995,1.36103548882996
843,AIPW,0.952563872535366,0.0708548477657151,0.813688370914564,1.09143937415617
844,Tlearner,0.965429821515335,0.0624271994019665,0.84307475903178,1.08778488399889
844,Rlearner,1.036396288223,0.0567236786191887,0.925219921058768,1.14757265538724
844,intercept,1.22637368248057,0.0891731716995328,1.05159426594949,1.40115309901165
844,AIPW,1.051403750555,0.0582906964083151,0.937153985594702,1.1656535155153
845,Tlearner,1.09129155079003,0.0629344579824412,0.967942279757895,1.21464082182216
845,Rlearner,1.10280101677149,0.0606327547035487,0.98396300126908,1.22163903227389
845,intercept,1.1864658026623,0.075329903823543,1.03881919116816,1.33411241415644
845,AIPW,1.12375136687861,0.0434233177153078,1.03864166415661,1.20886106960061
846,Tlearner,1.1545526925335,0.0582996555485189,1.04028746734731,1.26881791771968
846,Rlearner,1.15790045839349,0.0571287578032435,1.04593015061762,1.26987076616936
846,intercept,1.28987444668955,0.0750405201519174,1.14279502719179,1.4369538661873
846,AIPW,1.23554600986663,0.0381463721211603,1.16077912050915,1.3103128992241
848,Tlearner,1.10729855524194,0.0600664788809977,0.989570419957052,1.22502669052683
848,Rlearner,1.12792697114059,0.0566992150045975,1.01679855177988,1.23905539050129
848,intercept,1.18098108953463,0.0789200587744871,1.02629777433664,1.33566440473263
848,AIPW,1.04830364371382,0.0491719047470486,0.951926710409605,1.14468057701804
850,Tlearner,0.982552798830978,0.0611983064632484,0.862606322248166,1.10249927541379
850,Rlearner,1.02814339927158,0.0571109915362542,0.91620791273915,1.14007888580401
850,intercept,1.1613174919,0.0767344263596546,1.01091801623508,1.31171696756492
850,AIPW,1.03776579306511,0.0462621744579135,0.9470919311276,1.12843965500262
851,Tlearner,0.862291832452659,0.0677712082715355,0.729462705051687,0.995120959853632
851,Rlearner,0.939890426168791,0.0578453520186681,0.82651561953916,1.05326523279842
851,intercept,1.18238675095764,0.0746915315348426,1.03599134914935,1.32878215276593
851,AIPW,0.894708229812602,0.0639645597343682,0.76933769273324,1.02007876689196
852,Tlearner,1.04962450820013,0.0616576201983277,0.928777793238956,1.1704712231613
852,Rlearner,1.0976906787707,0.0613764370021289,0.977395072747134,1.21798628479426
852,intercept,1.25785830882803,0.0880537888882161,1.08527288260713,1.43044373504894
852,AIPW,1.07514578285471,0.0511377339075094,0.97491582439599,1.17537574131343
853,Tlearner,1.08721386454965,0.0630710194694452,0.963596937921316,1.21083079117799
853,Rlearner,1.08374273287068,0.0613792748227106,0.963441564820984,1.20404390092038
853,intercept,1.22125854487366,0.0850491722330251,1.05456216729693,1.38795492245039
853,AIPW,1.12137422281483,0.0607951396643499,1.00221574907271,1.24053269655696
854,Tlearner,1.00223264764983,0.063119649870124,0.878520407187613,1.12594488811206
854,Rlearner,1.0571501830472,0.0613238927535771,0.936957561858389,1.177342804236
854,intercept,1.07816809313958,0.0810165401234533,0.919375674497607,1.23696051178154
854,AIPW,1.06718055851431,0.0517617324784581,0.965727562856528,1.16863355417208
855,Tlearner,0.946944629920352,0.0597679293442809,0.829801640975027,1.06408761886568
855,Rlearner,0.953891384821993,0.0581428154522355,0.839933560575853,1.06784920906813
855,intercept,1.13525445951759,0.0791456733690903,0.980128939714175,1.29037997932101
855,AIPW,1.00522560249859,0.051935110483684,0.903432785950573,1.10701841904661
856,Tlearner,0.985018117946085,0.0617583336190913,0.863974008307457,1.10606222758471
856,Rlearner,1.08800652201145,0.0605768808428972,0.969278017263599,1.2067350267593
856,intercept,1.29019054724867,0.0838468482347841,1.12585072470849,1.45453036978884
856,AIPW,1.12002693529292,0.109171564650413,0.906050668578113,1.33400320200773
857,Tlearner,0.973535938023979,0.0619421157648235,0.852131621998714,1.09494025404924
857,Rlearner,1.00773369307706,0.0643340754720434,0.881641222173175,1.13382616398095
857,intercept,1.09738390048743,0.0784869535451859,0.943549471538865,1.25121832943599
857,AIPW,1.02599868923861,0.0606098411034633,0.907203400675826,1.1447939778014
858,Tlearner,1.04362196169892,0.061047060472031,0.923971921811697,1.16327200158614
858,Rlearner,1.01637927924179,0.0568848124120023,0.904887095646953,1.12787146283664
858,intercept,1.15729804980398,0.0699892241421708,1.02011917048532,1.29447692912263
858,AIPW,1.06065967228909,0.0512920137786785,0.960127325282876,1.1611920192953
859,Tlearner,1.10423131083999,0.0640427778731231,0.978709772738773,1.22975284894121
859,Rlearner,1.04124383354607,0.0574474577905785,0.928648885273151,1.15383878181899
859,intercept,1.24743464378489,0.0725653021971214,1.10520665147853,1.38966263609125
859,AIPW,1.11182387665487,0.0509556119302239,1.01195087727163,1.21169687603811
860,Tlearner,1.12096790057472,0.0618829921197338,0.999679464764466,1.24225633638497
860,Rlearner,1.15404655567101,0.0631712137178576,1.03023325192433,1.27785985941769
860,intercept,1.20720066465736,0.0905720137792195,1.02967951765009,1.38472181166463
860,AIPW,1.18533646857311,0.060432707992768,1.06688836090728,1.30378457623893
861,Tlearner,1.01362394584858,0.0623405809030683,0.891438652503263,1.1358092391939
861,Rlearner,1.03029835975136,0.0616260665604554,0.909513488784004,1.15108323071872
861,intercept,1.22705027830973,0.0809225761744593,1.06844202900779,1.38565852761167
861,AIPW,1.10123712750893,0.0691808928313735,0.96564257755944,1.23683167745842
862,Tlearner,0.996953869506242,0.0599574943748654,0.879439339928243,1.11446839908424
862,Rlearner,0.997460626544187,0.0597400884159814,0.880372204815625,1.11454904827275
862,intercept,1.14706136926759,0.0740927698411494,1.00183954037893,1.29228319815624
862,AIPW,1.00699997179748,0.0615411806355614,0.886379257751782,1.12762068584318
863,Tlearner,1.01919385283047,0.0591427809046782,0.903276132311759,1.13511157334918
863,Rlearner,1.05255700326157,0.0547859006881562,0.945178611052198,1.15993539547095
863,intercept,1.20372604451039,0.072653401770781,1.06132537703966,1.34612671198112
863,AIPW,1.06685558914115,0.0515450773596093,0.965827237516317,1.16788394076599
864,Tlearner,1.06090178504698,0.0600592060610851,0.943187904227187,1.17861566586678
864,Rlearner,1.07061406681719,0.0570688754302545,0.958761126335684,1.18246700729869
864,intercept,1.23500253027364,0.0745976864986027,1.08879106473638,1.3812139958109
864,AIPW,1.08741312593378,0.0405685977379471,1.0078986743674,1.16692757750015
865,Tlearner,1.07813812448186,0.058715758280444,0.96305735292723,1.19321889603649
865,Rlearner,1.11674489789511,0.0550332221878562,1.00888176445372,1.2246080313365
865,intercept,1.31853019469093,0.0756189569269563,1.17031703911409,1.46674335026776
865,AIPW,1.16480741174735,0.0546810511078216,1.05763255157602,1.27198227191869
866,Tlearner,0.987352614767428,0.0573218273374855,0.875003897657933,1.09970133187692
866,Rlearner,1.00338226193895,0.0561480933840507,0.89333402110562,1.11343050277228
866,intercept,1.19079552322468,0.0754209486610909,1.04297046384894,1.33862058260041
866,AIPW,0.974824353103041,0.0525049984252057,0.871914556189638,1.07773415001644
867,Tlearner,1.01587780608841,0.063115971721618,0.892172774664792,1.13958283751203
867,Rlearner,0.990675550070771,0.0657711741745537,0.861766417467735,1.11958468267381
867,intercept,1.1976514867463,0.0928296159501204,1.01570543948406,1.37959753400853
867,AIPW,1.02594091407673,0.0471253234656205,0.933575280084115,1.11830654806935
868,Tlearner,0.863713587848673,0.0646979791435882,0.736907878854717,0.99051929684263
868,Rlearner,0.807561075736895,0.0640595383179667,0.682006687767416,0.933115463706373
868,intercept,1.08161252390441,0.0800723418125665,0.924670733951779,1.23855431385704
868,AIPW,0.841660151853251,0.0523015036350761,0.739149204728502,0.944171098978
869,Tlearner,1.01557777790641,0.0649346755807867,0.888308152420277,1.14284740339255
869,Rlearner,1.11817516185061,0.0620237899458146,0.996610767372139,1.23973955632909
869,intercept,1.32484752375301,0.0850293705544655,1.15818995746626,1.49150509003976
869,AIPW,0.647461691405303,0.344039166457215,-0.0268550748508392,1.32177845766144
870,Tlearner,0.884030984310136,0.0646480002205022,0.757323232205414,1.01073873641486
870,Rlearner,0.88350183148455,0.0647873638032643,0.756520931776858,1.01048273119224
870,intercept,1.02843018608155,0.0875211811507475,0.856888671026081,1.19997170113701
870,AIPW,0.814209699912364,0.0665665199814361,0.683739320748749,0.944680079075979
871,Tlearner,1.00122082765669,0.0607483685611526,0.882156213157263,1.12028544215611
871,Rlearner,0.997120605238846,0.0594852424848411,0.880531672356925,1.11370953812077
871,intercept,1.12598127178907,0.0837595134129334,0.961812625499723,1.29014991807842
871,AIPW,1.01395389677484,0.0529418938804868,0.910187784769082,1.11772000878059
872,Tlearner,1.00219013586234,0.0607237571967473,0.883173758750763,1.12120651297392
872,Rlearner,1.05884244513487,0.061965168636753,0.937392946310885,1.18029194395886
872,intercept,1.15833711998739,0.0801050086562944,1.00133130302105,1.31534293695372
872,AIPW,1.06907540220872,0.0463909922056366,0.978149057485672,1.16000174693177
873,Tlearner,0.943168363597419,0.0632202055862931,0.819259037553067,1.06707768964177
873,Rlearner,0.99240913481421,0.0587638796151775,0.877234047176615,1.10758422245181
873,intercept,1.19915315835287,0.0805774290737303,1.04122139736836,1.35708491933738
873,AIPW,0.966557760134581,0.0816549615688999,0.806514035459537,1.12660148480962
874,Tlearner,0.917961525708056,0.0606906315007915,0.799010073767513,1.0369129776486
874,Rlearner,0.988364261470651,0.0559132791790983,0.878776248022085,1.09795227491922
874,intercept,1.096101992101,0.0732327989984281,0.952565706064077,1.23963827813791
874,AIPW,0.950523944296594,0.0656809358674107,0.821789309996469,1.07925857859672
875,Tlearner,1.02687717188107,0.0609041520538092,0.907507227346652,1.14624711641549
875,Rlearner,1.04455847500246,0.0593314442117272,0.928270981196723,1.16084596880819
875,intercept,1.12898387882874,0.0815865823612772,0.969074177400636,1.28889358025684
875,AIPW,1.02443324500871,0.0497433794419852,0.926936221302415,1.121930268715
876,Tlearner,1.00514091667635,0.0619832745977439,0.883655930820915,1.12662590253178
876,Rlearner,1.00990067674478,0.0583902448111209,0.895457899866507,1.12434345362305
876,intercept,1.13749551239038,0.0769592180575737,0.986655444997533,1.28833557978322
876,AIPW,0.996292469810033,0.0434281156433379,0.911173363149091,1.08141157647098
877,Tlearner,1.07458180639902,0.0632248058062268,0.950663464089279,1.19850014870877
877,Rlearner,1.12539797960551,0.0596358124032451,1.00851393510636,1.24228202410466
877,intercept,1.22254234061016,0.0829893502133085,1.05988321419207,1.38520146702824
877,AIPW,1.18760228514777,0.0804157867756271,1.02998734306754,1.345217227228
878,Tlearner,0.919327273087026,0.0659846567979713,0.789999722230766,1.04865482394329
878,Rlearner,0.984042894921139,0.0558207044733617,0.874636324561696,1.09344946528058
878,intercept,1.10222559046661,0.0804684387830029,0.944507450451929,1.2599437304813
878,AIPW,1.00142990965747,0.0473935661591434,0.908538519985549,1.09432129932939
879,Tlearner,0.97814131747443,0.0599826728539943,0.860577438984153,1.09570519596471
879,Rlearner,0.97464289707962,0.0545087722076483,0.867807666711132,1.08147812744811
879,intercept,1.16375459144152,0.0779876995129232,1.01089870039619,1.31661048248685
879,AIPW,0.9562768628971,0.056831659003486,0.844886811250267,1.06766691454393
880,Tlearner,1.03979672269953,0.0600311246902381,0.922137880355226,1.15745556504383
880,Rlearner,1.03605849478399,0.0598520913754767,0.918750551288651,1.15336643827932
880,intercept,1.19918125837154,0.0769572423579098,1.04834506335004,1.35001745339305
880,AIPW,1.04561884741148,0.0484534032924902,0.950650176958195,1.14058751786476
881,Tlearner,0.942842614991118,0.0623107130654151,0.820715861531895,1.06496936845034
881,Rlearner,0.932158769256682,0.0603140092755423,0.813945483313405,1.05037205519996
881,intercept,1.20760426700939,0.0763667962879656,1.05792534628498,1.3572831877338
881,AIPW,0.998574763378193,0.0555566271017578,0.889683774258748,1.10746575249764
882,Tlearner,0.984024971135996,0.0606872721507039,0.865080103400635,1.10296983887136
882,Rlearner,0.989762135980417,0.0579482205357714,0.876185710762121,1.10333856119871
882,intercept,1.25807047875927,0.0763306558276728,1.10846239333703,1.40767856418151
882,AIPW,1.1056675073441,0.136387938705173,0.838347147481957,1.37298786720624
883,Tlearner,0.978845190868711,0.0588422160674883,0.86351656660591,1.09417381513151
883,Rlearner,1.00612512142048,0.0561246954729671,0.896122739650191,1.11612750319078
883,intercept,1.087412934926,0.0779971727230165,0.934538476388889,1.24028739346311
883,AIPW,1.01727943639943,0.0489246987263995,0.921387026895688,1.11317184590317
884,Tlearner,0.9989001399167,0.0614253687614289,0.878508629407207,1.11929165042619
884,Rlearner,1.06722445945049,0.0575670329525975,0.954395148166568,1.18005377073441
884,intercept,1.1824107432783,0.0773548791445298,1.03079518015502,1.33402630640158
884,AIPW,1.05017944299991,0.0471492565026283,0.957766900254763,1.14259198574507
885,Tlearner,1.02887030894449,0.0606914652202813,0.909917222943777,1.14782339494521
885,Rlearner,1.03951568210321,0.0610279032180348,0.919903189743866,1.15912817446255
885,intercept,1.23564301061723,0.0839200514817808,1.07115970971294,1.40012631152152
885,AIPW,1.09209057279881,0.0612270380093957,0.972085578300399,1.21209556729723
886,Tlearner,0.990358841081995,0.0598718597281396,0.873012152327407,1.10770552983658
886,Rlearner,1.01043388589961,0.0616937270048157,0.889516402898128,1.1313513689011
886,intercept,1.07767157354577,0.0776881742054021,0.925402752103178,1.22994039498835
886,AIPW,0.82599354444709,0.199414583857287,0.435140960086808,1.21684612880737
887,Tlearner,0.972578845425544,0.0644087793908781,0.846339957531237,1.09881773331985
887,Rlearner,1.01752444288069,0.0589001975411526,0.902082177017741,1.13296670874365
887,intercept,1.12134934798028,0.0747491409482481,0.974841031721716,1.26785766423885
887,AIPW,1.02742293366702,0.0474217601362156,0.934476283800042,1.12036958353401
888,Tlearner,1.1277919694674,0.0594090248392039,1.01135242042592,1.24423151850889
888,Rlearner,1.13410390858981,0.0607510870980608,1.01503396585595,1.25317385132366
888,intercept,1.26774555330272,0.0824408642534068,1.10616145936604,1.4293296472394
888,AIPW,1.17715952303982,0.0504979794095163,1.07818348339717,1.27613556268247
889,Tlearner,1.04650904523554,0.0613206997241733,0.926322682269363,1.16669540820171
889,Rlearner,1.10684473228317,0.058508494277843,0.992170190708932,1.22151927385741
889,intercept,1.32857264220653,0.0842045096664488,1.16353180326029,1.49361348115276
889,AIPW,1.09513661300032,0.0506939573567359,0.995776456581116,1.19449676941952
890,Tlearner,0.932420644937786,0.0596130023689375,0.815581307284368,1.0492599825912
890,Rlearner,0.910531956779544,0.0539915802725562,0.804710403976931,1.01635350958216
890,intercept,1.08418566777435,0.073182166879981,0.940748620689589,1.22762271485911
890,AIPW,0.923106535348445,0.0496220668645299,0.825847284293967,1.02036578640292
891,Tlearner,0.872682180567735,0.0678973608903714,0.739605798577289,1.00575856255818
891,Rlearner,0.937865623708319,0.0577761544784483,0.824626441765338,1.0511048056513
891,intercept,1.06049682951316,0.0725551205319931,0.918288793270454,1.20270486575587
891,AIPW,0.888713538593871,0.0456902492911942,0.79916064998313,0.978266427204611
893,Tlearner,0.870374814407334,0.0635087983676073,0.745899856905407,0.99484977190926
893,Rlearner,0.940057247764956,0.0586578982726105,0.825089879741825,1.05502461578809
893,intercept,1.10662085021819,0.0812468475042466,0.947377029109864,1.26586467132651
893,AIPW,0.866247618955534,0.0557897096312498,0.756899788078285,0.975595449832784
894,Tlearner,0.947410485697132,0.060492726689703,0.828846920058689,1.06597405133557
894,Rlearner,0.956893112357934,0.0573906801511882,0.844409446213347,1.06937677850252
894,intercept,1.18137276359132,0.0821808073566779,1.02029838117223,1.34244714601041
894,AIPW,0.997448498030213,0.0666801392793458,0.866755425042695,1.12814157101773
895,Tlearner,1.00949811136779,0.0651803785014648,0.881746917006234,1.13724930572935
895,Rlearner,1.03945968926279,0.0564708094646153,0.928778936534319,1.15014044199126
895,intercept,1.29743347802601,0.081129757855409,1.13841915262941,1.45644780342261
895,AIPW,1.05204705933465,0.0552027896679335,0.943849591585499,1.1602445270838
896,Tlearner,1.13588687942779,0.0575211729626325,1.02314745207253,1.24862630678305
896,Rlearner,1.1711926701643,0.0566911875918492,1.06007998424347,1.28230535608513
896,intercept,1.32266840746799,0.0743570815175384,1.17692852769362,1.46840828724237
896,AIPW,1.14529644693359,0.0488948981478055,1.04946244656389,1.24113044730329
897,Tlearner,0.878473679731351,0.064364133936901,0.752322295318913,1.00462506414379
897,Rlearner,0.927369099174043,0.0615602273416783,0.806713270704256,1.04802492764383
897,intercept,1.10455311382659,0.0774973672000955,0.9526582741144,1.25644795353877
897,AIPW,0.901093171349886,0.0497778966491339,0.803528493917583,0.998657848782188
898,Tlearner,0.983066351331433,0.0618464515789085,0.861849533665172,1.10428316899769
898,Rlearner,1.15030309822816,0.0589671025041792,1.03472970104729,1.26587649540903
898,intercept,1.23539497239862,0.0849905848030079,1.06881342618472,1.40197651861252
898,AIPW,1.05412410294207,0.04339854844373,0.969062947992355,1.13918525789178
899,Tlearner,0.985780992748025,0.0611731203002965,0.865883880137507,1.10567810535854
899,Rlearner,1.03495219471227,0.0593837352488759,0.91856221235701,1.15134217706753
899,intercept,1.12148886151905,0.0761763710987876,0.972183174165429,1.27079454887268
899,AIPW,1.02080222586131,0.049183455111107,0.924402653843543,1.11720179787908
900,Tlearner,1.04351440466216,0.0595770837503915,0.926745466207465,1.16028334311685
900,Rlearner,1.08208076186374,0.0600151497403232,0.964453229845926,1.19970829388155
900,intercept,1.21832447519786,0.0728109270377143,1.07561505820394,1.36103389219178
900,AIPW,1.06908790126584,0.0473259690506355,0.976329001926595,1.16184680060509
901,Tlearner,0.99640000610039,0.0633108097438779,0.872313099170322,1.12048691303046
901,Rlearner,0.962407602458404,0.0565540355827929,0.851563729535734,1.07325147538107
901,intercept,1.10501732874695,0.0814355653661935,0.945403620629207,1.26463103686469
901,AIPW,0.97852357937734,0.0643565805164487,0.852384681565101,1.10466247718958
902,Tlearner,0.964046154923852,0.0638221020099796,0.838957133566651,1.08913517628105
902,Rlearner,0.951685872823833,0.0609593052123046,0.832207830085131,1.07116391556253
902,intercept,1.14095921703582,0.089091236596216,0.966340393307239,1.31557804076441
902,AIPW,0.941293926082233,0.0548531137794593,0.833781823074493,1.04880602908997
903,Tlearner,0.93534672852929,0.0605356297798943,0.816699074379247,1.05399438267933
903,Rlearner,0.933244316140876,0.0567065761231523,0.822101469252919,1.04438716302883
903,intercept,1.14034997849689,0.0775215477860084,0.988407744836317,1.29229221215747
903,AIPW,1.04250374765861,0.0753206805446895,0.894875213791021,1.1901322815262
904,Tlearner,0.991385203286861,0.0654190888890156,0.863166145162966,1.11960426141076
904,Rlearner,1.01934654453968,0.0602873483856095,0.901185512980465,1.13750757609889
904,intercept,1.23647740434581,0.0771233131886559,1.08531571049605,1.38763909819558
904,AIPW,0.997205090508269,0.0767699961109438,0.846735898130819,1.14767428288572
905,Tlearner,0.871904414748366,0.0590825780673222,0.756104689622638,0.987704139874094
905,Rlearner,0.91822507459727,0.057999474390979,0.804548193668698,1.03190195552584
905,intercept,1.04136709224902,0.0726482889904694,0.898976445827699,1.18375773867034
905,AIPW,0.811082910207142,0.0936657213419482,0.627498096376924,0.994667724037361
906,Tlearner,1.03461251092174,0.058248478179338,0.920447591535967,1.14877743030751
906,Rlearner,1.03512944665203,0.0556778608095189,0.926002844729136,1.14425604857492
906,intercept,1.09788603477773,0.0740109538691842,0.952824565194126,1.24294750436133
906,AIPW,1.01152241106007,0.0543868045244434,0.904924274192162,1.11812054792798
907,Tlearner,0.959919885749023,0.065823791921751,0.830907624256532,1.08893214724151
907,Rlearner,1.00138144910183,0.0586743938671688,0.88638175030746,1.1163811478962
907,intercept,1.26788432256169,0.0791545524996951,1.11274139966229,1.4230272454611
907,AIPW,0.965138946904351,0.0444918576012397,0.877934906005921,1.05234298780278
909,Tlearner,1.07654878499117,0.0629201633214243,0.953227530979797,1.19987003900254
909,Rlearner,1.0665679586312,0.0642713444649344,0.940598438241966,1.19253747902044
909,intercept,1.24031347143256,0.0747061314682062,1.09388945375488,1.38673748911025
909,AIPW,1.14583646321966,0.0672852967366507,1.01395728161582,1.27771564482349
910,Tlearner,0.83387885332394,0.0658776336541915,0.704761063975001,0.962996642672879
910,Rlearner,0.854097641853875,0.0618578741261509,0.732858436406407,0.975336847301343
910,intercept,1.06345908582785,0.0850365266043821,0.896787493683258,1.23013067797244
910,AIPW,0.857934663741622,0.046216807600017,0.767349720845589,0.948519606637655
911,Tlearner,1.02530525768448,0.0624566729353142,0.90289242813707,1.1477180872319
911,Rlearner,1.00684478473741,0.0567673289940329,0.895582864410568,1.11810670506425
911,intercept,1.20910243518134,0.0708631486033384,1.0702106639188,1.34799420644388
911,AIPW,1.0442619819246,0.0502982331099174,0.945677445029159,1.14284651882004
912,Tlearner,1.01814714633078,0.0676834792509835,0.885489964650492,1.15080432801108
912,Rlearner,1.01624154238066,0.063055724409444,0.892654593519063,1.13982849124225
912,intercept,1.22933860906644,0.0828514055963246,1.06694985409765,1.39172736403524
912,AIPW,1.00788015159597,0.096346423542193,0.819041161453272,1.19671914173867
913,Tlearner,0.973915312906976,0.059039717742882,0.858199592473517,1.08963103334044
913,Rlearner,0.996320769444639,0.0564678120962703,0.885645891450174,1.1069956474391
913,intercept,1.17636034889327,0.0716072500524061,1.03601013879056,1.31671055899599
913,AIPW,0.997240040722587,0.0500006521742486,0.899238762461059,1.09524131898411
914,Tlearner,0.96486794648773,0.0594093188844662,0.848427821128121,1.08130807184734
914,Rlearner,0.992540646219494,0.0537062007985974,0.887278426907767,1.09780286553122
914,intercept,1.13277894172893,0.0725973220567719,0.990488190497659,1.27506969296021
914,AIPW,1.00117536360925,0.0402419212762095,0.922301197907881,1.08004952931062
915,Tlearner,0.993924996056171,0.0646791064949066,0.867156276773923,1.12069371533842
915,Rlearner,0.973250632926628,0.0645532898695532,0.846728509698729,1.09977275615453
915,intercept,1.13108315633378,0.0876493069250547,0.959290514760675,1.30287579790689
915,AIPW,1.06861806171124,0.0738259533759825,0.923919193094315,1.21331693032817
916,Tlearner,1.02484503781752,0.06267561463933,0.902003090415526,1.14768698521952
916,Rlearner,1.04644311335346,0.0568579301713949,0.935003617982032,1.15788260872489
916,intercept,1.22455336662554,0.0851718720073221,1.05761649749119,1.3914902357599
916,AIPW,1.03636072211284,0.0684702664425288,0.902158999885488,1.1705624443402
918,Tlearner,1.00761248753068,0.0649451468276403,0.88032233877784,1.13490263628352
918,Rlearner,1.09255409307353,0.0601282874855157,0.974704815149853,1.21040337099722
918,intercept,1.33706636102283,0.0819216500365413,1.17649992695121,1.49763279509445
918,AIPW,1.07592660387035,0.0575025643226625,0.963221577797928,1.18863162994276
921,Tlearner,1.01989388626318,0.059631892605547,0.903017524426352,1.13677024810002
921,Rlearner,1.08427270968101,0.057309821342685,0.971947523888924,1.1965978954731
921,intercept,1.33001560416346,0.0663548133901161,1.19996016991883,1.46007103840809
921,AIPW,1.12332040686259,0.0477823397895717,1.02966702087503,1.21697379285015
922,Tlearner,0.881636486996096,0.0624343731658028,0.759267364193788,1.0040056097984
922,Rlearner,0.888773551351476,0.0595154047408668,0.772125501534053,1.0054216011689
922,intercept,0.947960845106253,0.0749297062860524,0.801098620785591,1.09482306942692
922,AIPW,0.910565223250508,0.0524009551508735,0.807859351154796,1.01327109534622
923,Tlearner,0.912789833632784,0.0588153489729893,0.79751386790757,1.028065799358
923,Rlearner,0.918248688312438,0.0593412964975914,0.801941884381246,1.03455549224363
923,intercept,1.04465362213055,0.0762572936563523,0.8951893265641,1.194117917697
923,AIPW,0.9445314708926,0.0452831822971831,0.855776433590121,1.03328650819508
924,Tlearner,0.89555488327441,0.0585505131768186,0.780797986171508,1.01031178037731
924,Rlearner,0.88400598835524,0.0556674190825583,0.774899851841128,0.993112124869352
924,intercept,0.999321237932911,0.0737018350225233,0.854865641288766,1.14377683457706
924,AIPW,0.90847719097563,0.0459277810309887,0.818458740154892,0.998495641796368
925,Tlearner,1.02649456937337,0.0574219740610594,0.913949568292502,1.13903957045424
925,Rlearner,1.06309721188581,0.0552111092560978,0.954885426197354,1.17130899757427
925,intercept,1.2021108599063,0.0740942766214574,1.05688607772825,1.34733564208436
925,AIPW,1.06900639939236,0.045088632456655,0.980632679777315,1.1573801190074
927,Tlearner,1.05681121700402,0.0620105108133513,0.93527284914692,1.17834958486112
927,Rlearner,1.05685417817146,0.0611748506105791,0.93695367421511,1.17675468212782
927,intercept,1.22493077753469,0.0822929503449035,1.06363659485868,1.3862249602107
927,AIPW,1.06759157057561,0.0473466549711366,0.974792126832178,1.16039101431903
928,Tlearner,1.06709279847305,0.0589760360581083,0.951501891848222,1.18268370509788
928,Rlearner,1.06148783272551,0.057345335150691,0.949093041148781,1.17388262430225
928,intercept,1.16954667840906,0.0726518934522737,1.0271489672426,1.31194438957552
928,AIPW,1.0849434116754,0.0480123948804612,0.990839117709698,1.17904770564111
929,Tlearner,1.11892856214913,0.0611414933474077,0.999093437227219,1.23876368707105
929,Rlearner,1.11595699168012,0.0586785620902776,1.00094912331858,1.23096486004166
929,intercept,1.2232301880332,0.076360324052675,1.07356395288996,1.37289642317644
929,AIPW,1.11429278147555,0.0444591988851132,1.02715275166073,1.20143281129038
930,Tlearner,0.938104506850778,0.0637696061366948,0.813118375514551,1.063090638187
930,Rlearner,0.986259247560484,0.0614277311660084,0.865863106823099,1.10665538829787
930,intercept,1.20243224541026,0.0745327563955637,1.05634804287495,1.34851644794556
930,AIPW,0.963207173478434,0.045951809891747,0.87314162609061,1.05327272086626
931,Tlearner,0.948393213615174,0.0628920518641687,0.825127057047578,1.07165937018277
931,Rlearner,0.996899283360965,0.053876864140139,0.891302570046336,1.1024959966756
931,intercept,1.11226754089483,0.0630831965476148,0.98862447566151,1.23591060612816
931,AIPW,0.949162875835447,0.0471533504857208,0.856742308883435,1.04158344278746
933,Tlearner,1.01644483673868,0.068431685164521,0.882321198414835,1.15056847506252
933,Rlearner,1.02937103919251,0.063731015399139,0.904460544312031,1.15428153407299
933,intercept,1.21645828669802,0.0791489598477579,1.06132632539641,1.37159024799962
933,AIPW,1.05369406483885,0.0507686759034484,0.954187460068089,1.15320066960961
934,Tlearner,0.950930435401715,0.0607989300898677,0.831766722127005,1.07009414867642
934,Rlearner,0.991724165624872,0.0557311287044805,0.882493160546324,1.10095517070342
934,intercept,1.20664403215498,0.0797333616646325,1.0503666432923,1.36292142101766
934,AIPW,1.06636146183361,0.0539612545597145,0.960597402896566,1.17212552077065
935,Tlearner,1.09741043384726,0.0612926278802734,0.977279090684111,1.21754177701041
935,Rlearner,1.21301335690388,0.0590611130206231,1.09725570249661,1.32877101131115
935,intercept,1.37736319658044,0.0761574505041161,1.22809459359238,1.52663179956851
935,AIPW,1.19209590147821,0.0411271751405607,1.11148663820271,1.27270516475371
936,Tlearner,1.0402376966786,0.0648713164582893,0.91309225279065,1.16738314056655
936,Rlearner,1.00674835495258,0.0615480957689358,0.886116303928448,1.12738040597672
936,intercept,1.22348918213063,0.0842141737076202,1.0584294016637,1.38854896259757
936,AIPW,1.05719420613144,0.0439661685927628,0.971020515689623,1.14336789657325
937,Tlearner,1.00538288201204,0.0637514673099128,0.88043230212303,1.13033346190105
937,Rlearner,1.03408920500851,0.0570289603002546,0.922314496744249,1.14586391327278
937,intercept,1.27843002688133,0.0862865091283209,1.10930846898982,1.44755158477284
937,AIPW,1.01959852646611,0.048719732051538,0.924107851645095,1.11508920128712
938,Tlearner,1.15038960487838,0.06295765088991,1.02699487658291,1.27378433317385
938,Rlearner,1.20648375929935,0.0612672538968874,1.08640214822978,1.32656537036892
938,intercept,1.32651382528212,0.0818477052311622,1.16609232302904,1.4869353275352
938,AIPW,1.17291065291029,0.0505400043636757,1.07385224435748,1.27196906146309
939,Tlearner,1.05253050890107,0.0573999775741834,0.940028620142262,1.16503239765987
939,Rlearner,1.00950941158572,0.05707171682026,0.89765090208214,1.1213679210893
939,intercept,1.1010778558393,0.0758787114577979,0.952355581382011,1.24980013029658
939,AIPW,1.04060572545323,0.0744644066038095,0.894655488509768,1.1865559623967
940,Tlearner,0.940531992685915,0.0627042791747864,0.817633863826789,1.06343012154504
940,Rlearner,1.02138695965797,0.0604474436636565,0.902912147119687,1.13986177219625
940,intercept,1.20119333721758,0.0762284095351312,1.05178565452872,1.35060101990644
940,AIPW,1.03666081496486,0.0479124162696659,0.942752479076317,1.13056915085341
941,Tlearner,1.14672111546934,0.059595383357674,1.02991631044344,1.26352592049524
941,Rlearner,1.16906908076218,0.0611423682355436,1.04923224109103,1.28890592043333
941,intercept,1.25845244260283,0.0829970865818734,1.09577815290236,1.4211267323033
941,AIPW,1.17903530927561,0.0596666919594028,1.06208859303518,1.29598202551604
942,Tlearner,1.01962818269324,0.0599476624409921,0.902132923351535,1.13712344203495
942,Rlearner,1.04757786260571,0.0593147664641383,0.931323056584593,1.16383266862682
942,intercept,1.20815361545468,0.0728110025639461,1.06544405042934,1.35086318048001
942,AIPW,1.09068916135727,0.053949790001169,0.984947572954983,1.19643074975957
943,Tlearner,1.05119713738759,0.063948799361015,0.925859793785423,1.17653448098976
943,Rlearner,1.0359754577911,0.0616363912995331,0.915170350706998,1.1567805648752
943,intercept,1.07971204791678,0.0842279836772063,0.914625199909456,1.2447988959241
943,AIPW,1.00003689653301,0.0486325994387183,0.904717001633119,1.09535679143289
944,Tlearner,1.00463073363864,0.0596327970147339,0.88775259919237,1.1215088680849
944,Rlearner,1.04709666027512,0.0590603107907034,0.931340578209599,1.16285274234064
944,intercept,1.26198142613407,0.0790996654480283,1.10694608185594,1.41701677041221
944,AIPW,0.999909857439568,0.081136717242194,0.840881891644868,1.15893782323427
945,Tlearner,1.0294217350153,0.0579915002168028,0.915760483180916,1.14308298684968
945,Rlearner,0.891720479842532,0.0537853526248383,0.786303125802062,0.997137833883002
945,intercept,1.0693762193073,0.0730496382620583,0.926198928313668,1.21255351030094
945,AIPW,1.00762441750014,0.0466848477258341,0.916122115957503,1.09912671904277
946,Tlearner,1.04784019308698,0.0598348152503698,0.930566110174648,1.16511427599931
946,Rlearner,1.09491364221713,0.0600828756915351,0.97715336977412,1.21267391466013
946,intercept,1.25820294922794,0.0868231674358728,1.08802954105363,1.42837635740225
946,AIPW,1.03446105482603,0.0507622958503907,0.934966954959264,1.1339551546928
948,Tlearner,0.982434293018006,0.0614000264250858,0.86209245257503,1.10277613346098
948,Rlearner,0.983913821108948,0.0630032277550225,0.860429763799329,1.10739787841857
948,intercept,1.07892177968326,0.0861769361064353,0.910014984914644,1.24782857445187
948,AIPW,1.01842775707335,0.045550419865841,0.929148934136303,1.1077065800104
949,Tlearner,1.00339805293383,0.0595721534153343,0.886638777758282,1.12015732810938
949,Rlearner,1.0242679534744,0.0575570291688182,0.911458249246399,1.13707765770241
949,intercept,1.13716728915191,0.079305776807863,0.981727966608499,1.29260661169532
949,AIPW,1.08839901709732,0.0490077200851368,0.992343885730454,1.18445414846419
950,Tlearner,1.015340950456,0.0608561939316912,0.896065002113704,1.1346168987983
950,Rlearner,1.11377733162206,0.0543230751230232,1.00730606085147,1.22024860239265
950,intercept,1.17211071474477,0.0669205526054682,1.04094643163806,1.30327499785149
950,AIPW,1.13086918786225,0.052907497658901,1.0271704924508,1.2345678832737
951,Tlearner,0.964963180982814,0.0599956915544575,0.847373786308504,1.08255257565712
951,Rlearner,0.987411724376942,0.0582389453637843,0.873265488966329,1.10155795978756
951,intercept,1.19241809673795,0.0729403809974179,1.04945494998301,1.33538124349289
951,AIPW,1.01311657895067,0.0467974209819795,0.921393633825989,1.10483952407535
952,Tlearner,1.18449371705323,0.0576340361148344,1.07153308198447,1.29745435212199
952,Rlearner,1.19985467459058,0.0571070038836014,1.08792700371373,1.31178234546743
952,intercept,1.37233390604653,0.0746478723675381,1.22602407620616,1.51864373588691
952,AIPW,1.2186600606358,0.0448820740171095,1.13069119556227,1.30662892570934
954,Tlearner,1.03815526442479,0.0623792142844254,0.915894251043413,1.16041627780617
954,Rlearner,1.06100015222629,0.059118655337591,0.945129716950172,1.1768705875024
954,intercept,1.15562942472888,0.080320999470714,0.998200265766284,1.31305858369148
954,AIPW,1.02874453669626,0.0531368813162133,0.924596249316479,1.13289282407603
956,Tlearner,0.998886163501059,0.0654018926588225,0.870700809369012,1.12707151763311
956,Rlearner,1.03930588530743,0.067260032177533,0.907478644640462,1.1711331259744
956,intercept,1.11848648247546,0.0858940017470554,0.950134239051228,1.28683872589968
956,AIPW,1.03303209341294,0.0522192772285084,0.930682310045063,1.13538187678082
957,Tlearner,0.969677899435325,0.0662032908927031,0.839921833627598,1.09943396524305
957,Rlearner,0.99764227923251,0.0597591433891394,0.880516510442832,1.11476804802219
957,intercept,1.24066047129952,0.0893175171789292,1.06559813762882,1.41572280497022
957,AIPW,1.0263432002908,0.0745943625787301,0.880138249636491,1.17254815094511
958,Tlearner,1.11562461811519,0.0605930314524774,0.996864458754235,1.23438477747615
958,Rlearner,1.11073648836722,0.0553153610540719,1.00232037290941,1.21915260382503
958,intercept,1.18639112848289,0.076863502764245,1.03573866306497,1.33704359390081
958,AIPW,1.173179269501,0.0564680889003179,1.06250181525637,1.28385672374562
959,Tlearner,0.958903995729872,0.0579915561234245,0.845242634320526,1.07256535713922
959,Rlearner,1.02134989811693,0.0571098645077696,0.909416620519739,1.13328317571412
959,intercept,1.18340578889991,0.0759132992387419,1.03461572239197,1.33219585540784
959,AIPW,0.976112804869345,0.0472785704480751,0.883446806791118,1.06877880294757
961,Tlearner,0.934184608524878,0.0609510584075937,0.814722729226398,1.05364648782336
961,Rlearner,0.978466158210424,0.061316063158944,0.85828888274511,1.09864343367574
961,intercept,1.23705126978875,0.0851195592714611,1.07021693361669,1.40388560596081
961,AIPW,1.00298915526538,0.0502020395195361,0.904593157807091,1.10138515272367
962,Tlearner,1.08740923528348,0.0647782312397098,0.960446235071446,1.21437223549552
962,Rlearner,1.02370830749808,0.0598387895243143,0.906426435151956,1.14099017984421
962,intercept,1.18466976433624,0.0800451092773977,1.02778135015254,1.34155817851994
962,AIPW,1.01442670556987,0.0493618802742507,0.917677420232342,1.1111759909074
963,Tlearner,1.00766877834934,0.0652575376138935,0.879766354906342,1.13557120179234
963,Rlearner,1.09241879033989,0.0591173765173831,0.976550861505327,1.20828671917446
963,intercept,1.2726077208234,0.0738268396830876,1.12790711504455,1.41730832660225
963,AIPW,1.05360134880192,0.0516115704294507,0.952442670760193,1.15476002684364
964,Tlearner,1.07523469525856,0.0609613524478639,0.955752640011896,1.19471675050523
964,Rlearner,1.06136236731438,0.0585143893256971,0.946676271658656,1.1760484629701
964,intercept,1.21816153184886,0.0803580135452423,1.06065982530018,1.37566323839753
964,AIPW,1.0555025508572,0.0506898721189364,0.956150401504087,1.15485470021032
965,Tlearner,0.934384482519029,0.0690961560558074,0.798958505179487,1.06981045985857
965,Rlearner,1.02132357854744,0.0624646230782836,0.898895167006133,1.14375199008874
965,intercept,1.27646548230383,0.0844290939676123,1.11098445812731,1.44194650648035
965,AIPW,1.73008499602886,0.723968708956377,0.311106326474365,3.14906366558336
966,Tlearner,0.995983885411038,0.0598631846734218,0.878654199451261,1.11331357137081
966,Rlearner,0.928390439194106,0.0563673192231342,0.81791252361169,1.03886835477652
966,intercept,1.08763287005692,0.0753827318991152,0.939882715534654,1.23538302457919
966,AIPW,0.942490934066903,0.0493897306525534,0.845687061987899,1.03929480614591
967,Tlearner,0.917027188251272,0.0624316175513457,0.794663466354056,1.03939091014849
967,Rlearner,0.927740402017121,0.0587850785701038,0.81252376519136,1.04295703884288
967,intercept,1.14053603511286,0.0801226116286574,0.983495716320691,1.29757635390503
967,AIPW,0.947042358881273,0.0447357097627897,0.859360367746205,1.03472435001634
968,Tlearner,0.893132884889308,0.0611718795369219,0.773238204130319,1.0130275656483
968,Rlearner,0.865334803765611,0.0575213891303464,0.752594952729418,0.978074654801804
968,intercept,1.06876406516802,0.0734833219721741,0.924736754102559,1.21279137623348
968,AIPW,0.890348182502628,0.0530163054413718,0.786436223837539,0.994260141167717
969,Tlearner,1.07571712322523,0.0610577692255628,0.956046094566765,1.19538815188369
969,Rlearner,0.995783370442889,0.0600667329193635,0.87805473725195,1.11351200363383
969,intercept,1.11434933315346,0.0801366951713559,0.957281410617606,1.27141725568932
969,AIPW,1.03219231586483,0.0478934505038073,0.938321152877369,1.12606347885229
971,Tlearner,1.08452689392196,0.0567872473139341,0.973225934405481,1.19582785343844
971,Rlearner,1.04308669359881,0.0573903796212482,0.930603616482086,1.15556977071554
971,intercept,1.19426501761781,0.0779976917822893,1.04138954172452,1.34714049351109
971,AIPW,1.1105340823121,0.0644023591715669,0.98430545833583,1.23676270628837
972,Tlearner,1.02990498803256,0.0582836335169261,0.915671165451249,1.14413881061386
972,Rlearner,1.05528956372616,0.0589569718708398,0.93973602222177,1.17084310523054
972,intercept,1.11145720041815,0.0771647132996383,0.960214362350855,1.26270003848544
972,AIPW,1.0917071124225,0.0531760849190392,0.987481985981188,1.19593223886382
973,Tlearner,1.1168194649705,0.06041401797057,0.998410165586829,1.23522876435417
973,Rlearner,1.13242646010558,0.0618666116870652,1.01117012935341,1.25368279085775
973,intercept,1.24722669848267,0.0814969616808998,1.08749265358811,1.40696074337724
973,AIPW,1.09640477052472,0.0460808378669025,1.00608632830559,1.18672321274384
974,Tlearner,1.00162546642598,0.0599846647388791,0.884057683913066,1.11919324893889
974,Rlearner,1.0019741091019,0.0535347858649756,0.897047856886488,1.10690036131732
974,intercept,1.13591951721741,0.0737075763140519,0.991452667641866,1.28038636679295
974,AIPW,-0.140944370421209,1.15176428531034,-2.39840236962948,2.11651362878707
975,Tlearner,0.989658459403858,0.0629291772003009,0.866319538514529,1.11299738029319
975,Rlearner,1.01365085536565,0.0632526251770753,0.889677988090967,1.13762372264032
975,intercept,1.09821242543022,0.0801087084755549,0.941199356818129,1.2552254940423
975,AIPW,1.03238728586292,0.0456449190223967,0.942923244579025,1.12185132714682
976,Tlearner,1.01945070149852,0.0633637226654307,0.895260087147895,1.14364131584915
976,Rlearner,0.96749984703911,0.0634321266850045,0.843175163273719,1.0918245308045
976,intercept,1.13656066512994,0.0898079212861108,0.960537139409165,1.31258419085072
976,AIPW,0.980323323142069,0.0585537876592578,0.865557899329924,1.09508874695421
977,Tlearner,1.14284215374619,0.057922314633684,1.02931650316297,1.2563678043294
977,Rlearner,1.12235586123121,0.0581084587894184,1.00846537480682,1.2362463476556
977,intercept,1.2764818616046,0.0798184538717116,1.12003769201604,1.43292603119315
977,AIPW,1.18403435876581,0.0499668229988715,1.08609938568802,1.2819693318436
978,Tlearner,0.933271047972947,0.0623270451088291,0.811112284296839,1.05542981164906
978,Rlearner,0.980193908783765,0.061261511085677,0.860123553417337,1.10026426415019
978,intercept,1.14327770450062,0.0905589026840964,0.965782255239788,1.32077315376145
978,AIPW,1.03947779942356,0.0661318014173014,0.909859468645654,1.16909613020148
979,Tlearner,1.04171557666245,0.0618502294996974,0.92049135440751,1.1629397989174
979,Rlearner,1.04173789770133,0.0632009103225804,0.917866389678923,1.16560940572373
979,intercept,1.07748163533303,0.0789855471325817,0.92266996295317,1.23229330771289
979,AIPW,1.07131910269502,0.0482665693729233,0.976716626724093,1.16592157866595
980,Tlearner,1.06828552595528,0.0676377979091987,0.935717878059656,1.20085317385091
980,Rlearner,1.00136477431559,0.0644680465769211,0.875009724871176,1.12771982376001
980,intercept,1.18474307992943,0.0864715507875602,1.01525884038582,1.35422731947305
980,AIPW,1.05106561211139,0.0461659828417073,0.960580285741645,1.14155093848114
981,Tlearner,1.07056587632272,0.0591524263662389,0.954629251046732,1.1865025015987
981,Rlearner,1.05788310014848,0.0576192478370654,0.944951449571546,1.17081475072542
981,intercept,1.27301574388568,0.0688110301439396,1.13814612480356,1.4078853629678
981,AIPW,1.04898929479603,0.0510120078301613,0.949005759448917,1.14897283014315
982,Tlearner,1.05067424215018,0.0627401632332335,0.92770578182888,1.17364270247148
982,Rlearner,1.09536105251735,0.0564985024311714,0.984626022571807,1.2060960824629
982,intercept,1.24238931412272,0.0787528460220294,1.08803373591955,1.3967448923259
982,AIPW,1.02357420128998,0.067910500011242,0.890469621267949,1.15667878131202
983,Tlearner,1.08491150585625,0.0615969007311629,0.964183798863878,1.20563921284861
983,Rlearner,1.10093753862628,0.0598569910899926,0.98361999186696,1.2182550853856
983,intercept,1.28024959759626,0.081934850782205,1.11965729006313,1.44084190512938
983,AIPW,1.13583929136909,0.0780265819194366,0.982907190806991,1.28877139193118
984,Tlearner,0.949450437695853,0.0647305467888304,0.82258089729016,1.07631997810155
984,Rlearner,1.01186305435333,0.0572443101214531,0.899666268195436,1.12405984051122
984,intercept,1.1483422603072,0.0708564524329476,1.00946361353862,1.28722090707578
984,AIPW,1.00652690124731,0.0516909769692743,0.905212586387531,1.10784121610709
985,Tlearner,0.957949710499278,0.0598288597641274,0.840687300125491,1.07521212087307
985,Rlearner,0.982053365311921,0.0587858099996091,0.866835294910673,1.09727143571317
985,intercept,1.1986479483917,0.0737808573557139,1.0540374679745,1.3432584288089
985,AIPW,1.02061257850552,0.0556648911471871,0.911509391857033,1.12971576515401
986,Tlearner,0.95306304084991,0.062163305892251,0.831225200141151,1.07490088155867
986,Rlearner,0.956225776689745,0.0651086411835767,0.828615184887593,1.0838363684919
986,intercept,1.2311015352286,0.0828314809647678,1.06875183253766,1.39345123791955
986,AIPW,0.953481207170257,0.0540634879778943,0.847516770733584,1.05944564360693
987,Tlearner,0.94114398392387,0.0632289610280594,0.817217497528987,1.06507047031875
987,Rlearner,0.951768858634284,0.06062462000719,0.832946786843765,1.0705909304248
987,intercept,1.15203989172074,0.085878821783954,0.983717401024194,1.32036238241729
987,AIPW,0.926520448729786,0.0500902505544348,0.828343557643094,1.02469733981648
988,Tlearner,1.03174829549916,0.0601813403288741,0.913795035913216,1.1497015550851
988,Rlearner,0.969325997306476,0.0606521357480194,0.850449995654924,1.08820199895803
988,intercept,1.21251915819114,0.0808281438650666,1.05409599621561,1.37094232016667
988,AIPW,1.01830777547606,0.0497731377163973,0.92075242555192,1.1158631254002
989,Tlearner,0.973349891039077,0.0633769667198723,0.849133318818733,1.09756646325942
989,Rlearner,0.983652738778599,0.0598603367613414,0.866328634623931,1.10097684293327
989,intercept,1.2048570055233,0.0789096827809029,1.05019402727273,1.35951998377387
989,AIPW,0.956381375617729,0.0595033430971103,0.839754823147393,1.07300792808807
990,Tlearner,0.848799064610226,0.0610050177481249,0.729231426947675,0.968366702272778
990,Rlearner,0.930893492715745,0.0589397345169809,0.81537373580411,1.04641324962738
990,intercept,1.11215097958139,0.0817031968513753,0.952012713752697,1.27228924541009
990,AIPW,0.947224113841376,0.0456912671342196,0.857669230258306,1.03677899742445
991,Tlearner,1.02942600212085,0.0632311555033675,0.905495214633398,1.1533567896083
991,Rlearner,1.00337632097545,0.0600935875953838,0.885595053586696,1.12115758836421
991,intercept,1.12647785390525,0.0825061820754852,0.964765737037299,1.2881899707732
991,AIPW,0.980639432047233,0.0532315859323898,0.876305523619749,1.08497334047472
992,Tlearner,0.929406346617167,0.0633536151299322,0.805235542672088,1.05357715056225
992,Rlearner,1.02858899348228,0.059407259161079,0.912152905106328,1.14502508185823
992,intercept,1.20175690087474,0.0801168221291936,1.04472792950152,1.35878587224796
992,AIPW,1.01754985095376,0.0507883397433378,0.918004705056816,1.1170949968507
993,Tlearner,1.06667056026762,0.0645676900283898,0.940120213247035,1.19322090728821
993,Rlearner,1.12985363037592,0.0595725493329036,1.0130935792162,1.24661368153565
993,intercept,1.1863434211616,0.0740363075161157,1.04123225843001,1.33145458389319
993,AIPW,1.10802707735093,0.0489834168418803,1.01201958034084,1.20403457436102
994,Tlearner,1.00871108283636,0.0637919692635361,0.883681120576942,1.13374104509578
994,Rlearner,1.08543528603625,0.0590717947675331,0.969656695789747,1.20121387628276
994,intercept,1.26308800047921,0.0722882196297889,1.12140309000482,1.40477291095359
994,AIPW,1.00767090317994,0.04664508443733,0.916246537682773,1.09909526867711
995,Tlearner,1.17233920516563,0.0592541409201248,1.05620322302733,1.28847518730394
995,Rlearner,1.25167897500457,0.0606368413446768,1.13283294983274,1.37052500017641
995,intercept,1.39451198874395,0.0842672616364878,1.22934815593643,1.55967582155147
995,AIPW,1.21448644564299,0.0524132064897913,1.111756560923,1.31721633036298
996,Tlearner,1.19550166932676,0.0611569903428477,1.07563617085191,1.3153671678016
996,Rlearner,1.21152380013509,0.0607916736875299,1.09237430914762,1.33067329112256
996,intercept,1.38648655090023,0.0803765347829768,1.2289485427256,1.54402455907487
996,AIPW,1.17740590899925,0.0558742316994205,1.06789241486839,1.28691940313012
997,Tlearner,0.979132148597495,0.0597459405657189,0.862032256866215,1.09623204032877
997,Rlearner,0.990222439412345,0.0604338103430514,0.87177434769144,1.10867053113325
997,intercept,1.12263661980102,0.0765383563964444,0.972621441263991,1.27265179833805
997,AIPW,1.02966632514101,0.069341780463611,0.893756435432334,1.16557621484969
998,Tlearner,0.948954046529553,0.0653905927408533,0.820790839829754,1.07711725322935
998,Rlearner,0.9546356266056,0.059280349635025,0.838448276330009,1.07082297688119
998,intercept,1.07042808199114,0.0757572939948843,0.921943785761169,1.21891237822112
998,AIPW,0.97225358659792,0.0476916664270957,0.878777920400813,1.06572925279503
1000,Tlearner,1.03611182700338,0.0607042915491769,0.917133601859974,1.15509005214679
1000,Rlearner,1.01295365924146,0.0615889670346775,0.892241502008471,1.13366581647446
1000,intercept,1.20859182762412,0.0845386891742993,1.04289599684249,1.37428765840575
1000,AIPW,1.02636158219866,0.0515703409190352,0.925283713997347,1.12743945039997
1001,Tlearner,0.930518815448978,0.0594176660384565,0.814062329968175,1.04697530092978
1001,Rlearner,0.892140879212893,0.053347699205541,0.787581310111957,0.996700448313829
1001,intercept,1.00298515341539,0.072837945773167,0.860222779699985,1.1457475271308
1001,AIPW,0.932414054754019,0.046078372526114,0.842100444602835,1.0227276649052
1002,Tlearner,0.96555051454468,0.0658820893802134,0.836423992133213,1.09467703695615
1002,Rlearner,1.00158935236188,0.056043305554643,0.89174649190021,1.11143221282356
1002,intercept,1.19371181029095,0.0814022706765192,1.03416335976497,1.35326026081693
1002,AIPW,0.978223972072967,0.0537964966671739,0.872782838605306,1.08366510554063
1003,Tlearner,0.955645072869584,0.0581971505871601,0.841580753715896,1.06970939202327
1003,Rlearner,0.982045586574778,0.0612263968533281,0.862044053839098,1.10204711931046
1003,intercept,1.09685855814417,0.0782452640927712,0.943497840522339,1.250219275766
1003,AIPW,1.01957124837986,0.043437086769733,0.934434558311182,1.10470793844854
1004,Tlearner,0.978185662734325,0.0604972992971454,0.859613134949979,1.09675819051867
1004,Rlearner,0.959924618051194,0.0572011862145405,0.847812353197725,1.07203688290466
1004,intercept,1.23176631357136,0.0737585498561762,1.08719955585326,1.37633307128947
1004,AIPW,0.992710363624026,0.0486521961719832,0.897352059126939,1.08806866812111
1005,Tlearner,1.04726646859016,0.0582437524783423,0.933110811408139,1.16142212577217
1005,Rlearner,1.06337168457747,0.057558676426967,0.950558751782816,1.17618461737212
1005,intercept,1.17962151485893,0.0792778951677936,1.02423684033005,1.3350061893878
1005,AIPW,1.07465747575784,0.044603349439977,0.987234910855483,1.16208004066019
1006,Tlearner,1.02622006909319,0.0616536765904945,0.90538108346134,1.14705905472504
1006,Rlearner,1.02707466496832,0.0577030391424484,0.913978786450618,1.14017054348603
1006,intercept,1.20550520537996,0.0809741436191195,1.04679588388648,1.36421452687343
1006,AIPW,1.0417910923645,0.0573945363821017,0.929297801055576,1.15428438367341
1007,Tlearner,0.934336014731776,0.0626735505582788,0.8114981128543,1.05717391660925
1007,Rlearner,0.904728902838273,0.0591979346630164,0.788703082939605,1.02075472273694
1007,intercept,1.01431592931395,0.0755447733093178,0.866248173627687,1.16238368500021
1007,AIPW,0.934504368534095,0.0459390855856702,0.844463760786181,1.02454497628201
1008,Tlearner,1.07308758696143,0.0638088912115921,0.94802445829328,1.19815071562959
1008,Rlearner,1.02839631514556,0.0617841261107607,0.907301653152185,1.14949097713893
1008,intercept,1.34278698742349,0.0917646843496102,1.16292820609825,1.52264576874873
1008,AIPW,1.17309365268355,0.0814510196123633,1.01344965424331,1.33273765112378
1009,Tlearner,0.859983433254358,0.0627435808165648,0.737008274592813,0.982958591915903
1009,Rlearner,0.893804192803948,0.0633475909395549,0.769645196055045,1.01796318955285
1009,intercept,1.03286220587374,0.0852140616673185,0.865842645005799,1.19988176674169
1009,AIPW,0.959762237461252,0.0495218290981689,0.862699452428841,1.05682502249366
1011,Tlearner,0.918460759219768,0.0606104045274901,0.799666549257484,1.03725496918205
1011,Rlearner,0.907529476427186,0.0580829929911168,0.793688902050305,1.02137005080407
1011,intercept,1.03059179788788,0.0790155143029528,0.875721389854093,1.18546220592167
1011,AIPW,0.945467410674369,0.0553626459664761,0.836956624580075,1.05397819676866
1012,Tlearner,0.990517671115054,0.061555711561217,0.869870693412333,1.11116464881777
1012,Rlearner,0.922674065351775,0.0655160058127421,0.794265053547884,1.05108307715567
1012,intercept,1.09339995732427,0.0827111309181455,0.931286140724706,1.25551377392384
1012,AIPW,0.971765716978174,0.0489105803175971,0.875900979555684,1.06763045440066
1013,Tlearner,1.09913041196085,0.0575950750788132,0.986246139119493,1.2120146848022
1013,Rlearner,1.15407199840558,0.0558192325917816,1.04466831288102,1.26347568393014
1013,intercept,1.32522472332013,0.0756920587541556,1.17686828816199,1.47358115847828
1013,AIPW,1.1918307364413,0.0568650593161939,1.08037522018156,1.30328625270104
1014,Tlearner,0.908579177661555,0.061253339396424,0.788524838511755,1.02863351681135
1014,Rlearner,0.916784159467097,0.0575554914303819,0.803977469151045,1.02959084978315
1014,intercept,1.10543876148995,0.0765351623311153,0.955429843320961,1.25544767965893
1014,AIPW,0.917842112631977,0.0457020377093297,0.82826611872169,1.00741810654226
1015,Tlearner,1.09063327467818,0.0579539727119265,0.977045575401789,1.20422097395457
1015,Rlearner,1.12036179118446,0.0536180799489108,1.01527228556441,1.22545129680452
1015,intercept,1.16070896045872,0.078049858963528,1.0077312368902,1.31368668402723
1015,AIPW,1.10166566030625,0.0468036246368654,1.009930556018,1.19340076459451
1016,Tlearner,0.994152592159542,0.0626084541076583,0.871442276980803,1.11686290733828
1016,Rlearner,1.04501825247956,0.0600301385593253,0.927361342916337,1.16267516204279
1016,intercept,1.18957219578509,0.0757169883472534,1.04116689862448,1.33797749294571
1016,AIPW,1.06104246298455,0.0497521166555271,0.963528314339717,1.15855661162938
1017,Tlearner,1.01416924098728,0.0572098638614863,0.902039968258325,1.12629851371623
1017,Rlearner,1.02258069769365,0.0564746043205591,0.911892507184201,1.13326888820309
1017,intercept,1.10303156175905,0.071275250537523,0.963332070705508,1.2427310528126
1017,AIPW,1.0503655336554,0.0459624864326367,0.960279060247435,1.14045200706337
1018,Tlearner,0.967957761093432,0.0617068753153678,0.847014507876807,1.08890101431006
1018,Rlearner,1.01578702131793,0.0605973144290351,0.897018467477172,1.13455557515869
1018,intercept,1.16661746846499,0.0843158666497191,1.00135836983154,1.33187656709844
1018,AIPW,1.04708087359489,0.0492683463937543,0.950514914663134,1.14364683252665
1019,Tlearner,1.04809599847957,0.0620693866347041,0.926442236133061,1.16974976082608
1019,Rlearner,1.09263280354709,0.06055337967879,0.973950360234479,1.2113152468597
1019,intercept,1.34670054826204,0.0783392549710631,1.19315560851876,1.50024548800533
1019,AIPW,1.10258933648638,0.048182851996299,1.00815094657364,1.19702772639913
1020,Tlearner,1.12270933485067,0.059098300003124,1.006878795297,1.23853987440433
1020,Rlearner,1.1230258544817,0.0580626570046692,1.00922513790584,1.23682657105755
1020,intercept,1.29139471916614,0.0756969483109117,1.14302870047675,1.43976073785553
1020,AIPW,1.11882970080956,0.0629945614525175,0.99536036036263,1.2422990412565
1021,Tlearner,1.02559364639961,0.0606077236720655,0.906804690817406,1.14438260198181
1021,Rlearner,1.05390876344542,0.0602355773459762,0.935849201259334,1.17196832563151
1021,intercept,1.2525029685847,0.0851982855223869,1.08551432896082,1.41949160820858
1021,AIPW,1.05757894666799,0.0472799300877609,0.964910283695979,1.15024760964
1022,Tlearner,0.96019860125131,0.0646735224882425,0.833440826421013,1.08695637608161
1022,Rlearner,0.85475244813436,0.06187431675704,0.733481015722538,0.976023880546181
1022,intercept,1.03223473754342,0.0848732897598042,0.865883089614202,1.19858638547263
1022,AIPW,0.873888479979367,0.0485503825166619,0.77872973024671,0.969047229712024
1023,Tlearner,0.910348174325531,0.0641935548545934,0.784531118770932,1.03616522988013
1023,Rlearner,0.92575290014476,0.0639602231651187,0.800393166297983,1.05111263399154
1023,intercept,1.10021776108316,0.0853198564601228,0.932990842421324,1.267444679745
1023,AIPW,0.916210089638957,0.048734272837913,0.820690914876647,1.01172926440127
1024,Tlearner,1.07670637708153,0.0589388150031606,0.961188422383866,1.19222433177919
1024,Rlearner,1.06467931561597,0.0594422587114611,0.948174629381795,1.18118400185015
1024,intercept,1.17954105291459,0.0798488786912564,1.02303725067972,1.33604485514945
1024,AIPW,1.07502505803011,0.049528204191921,0.977949777813949,1.17210033824628
1025,Tlearner,1.07507253691984,0.0634461552374072,0.950720357696989,1.1994247161427
1025,Rlearner,1.10258035862826,0.0597435487405243,0.985485154788224,1.21967556246831
1025,intercept,1.22083925877729,0.0817610481844344,1.0605876043358,1.38109091321879
1025,AIPW,1.06481599121024,0.0466836726887706,0.973315992740252,1.15631598968023
1026,Tlearner,1.0055938928299,0.060015019323177,0.887966616424995,1.1232211692348
1026,Rlearner,1.061719656016,0.0565168361767235,0.950948692589475,1.17249061944253
1026,intercept,1.13898899532005,0.0791429279896991,0.983868856460238,1.29410913417986
1026,AIPW,1.06846567675687,0.0466680041953198,0.976996388534044,1.1599349649797
1027,Tlearner,1.12002259029586,0.0569927807534568,1.0083187926403,1.23172638795142
1027,Rlearner,1.07127220871947,0.0561896480838759,0.96114252217109,1.18140189526784
1027,intercept,1.18166731511273,0.0734579106564274,1.03768981022613,1.32564481999933
1027,AIPW,1.06546525963923,0.0599051149814892,0.948051234275507,1.18287928500294
1028,Tlearner,1.03230441459874,0.0615936346804343,0.911583108948168,1.15302572024931
1028,Rlearner,1.08198410536821,0.0605062195510824,0.963394094207419,1.20057411652901
1028,intercept,1.2705652917596,0.0774887509853617,1.11868733982829,1.42244324369091
1028,AIPW,1.12201140780691,0.0480823813663369,1.02776994032888,1.21625287528493
1029,Tlearner,0.890252999984892,0.0656596210943802,0.76156250740136,1.01894349256842
1029,Rlearner,0.891999453886691,0.0646840082620658,0.765221127317351,1.01877778045603
1029,intercept,1.05987369143818,0.0879046853189571,0.887580508213026,1.23216687466334
1029,AIPW,0.845466521368625,0.068233256260348,0.711729339098342,0.979203703638907
1030,Tlearner,0.966358586091598,0.0603203423373233,0.848132887575318,1.08458428460788
1030,Rlearner,0.944672042833238,0.0613432068427448,0.824441566725267,1.06490251894121
1030,intercept,1.06018982996855,0.0886342333903892,0.886466732523388,1.23391292741371
1030,AIPW,0.952891383071382,0.0567111157424914,0.841737596216099,1.06404516992667
1031,Tlearner,0.988347205940172,0.0609715311861616,0.868845200733035,1.10784921114731
1031,Rlearner,1.02511904453416,0.0599988220268095,0.907523514246787,1.14271457482154
1031,intercept,1.11913795528748,0.0835991178050508,0.955283684389585,1.28299222618538
1031,AIPW,1.00389254448089,0.0559081381001726,0.894312593804551,1.11347249515723
1032,Tlearner,0.957318517258608,0.0662587009926001,0.827453849650703,1.08718318486651
1032,Rlearner,1.02208259825288,0.0635169629500118,0.897591638463488,1.14657355804226
1032,intercept,1.19487297388393,0.0870037470269476,1.02434562971112,1.36540031805675
1032,AIPW,0.994912159420285,0.0590462894588777,0.879181432080884,1.11064288675968
1033,Tlearner,0.949304495632179,0.0587064369794514,0.834241993491784,1.06436699777257
1033,Rlearner,0.959523062356717,0.0572052549136271,0.847402822999575,1.07164330171386
1033,intercept,1.1165261274414,0.0753482800872339,0.968843498470418,1.26420875641237
1033,AIPW,1.02295768564642,0.075648877221872,0.874685886291549,1.17122948500129
1034,Tlearner,1.12134936130573,0.0610270223872392,1.00173859534302,1.24096012726844
1034,Rlearner,1.17451617949223,0.0585752045684278,1.05971088815105,1.28932147083342
1034,intercept,1.28802858543771,0.0760520008093911,1.13896666385131,1.43709050702412
1034,AIPW,1.15915614079186,0.0447233969061263,1.07149828285585,1.24681399872786
1035,Tlearner,1.05120331874665,0.0592188780686504,0.935136450527229,1.16727018696608
1035,Rlearner,1.10303527954668,0.0544431009712147,0.996328762436422,1.20974179665694
1035,intercept,1.32756613817653,0.0720221691860243,1.18640268657192,1.46872958978114
1035,AIPW,1.08605709646935,0.0519592027094689,0.984217059158791,1.18789713377991
1036,Tlearner,0.895443459935553,0.0614851960586291,0.774934690078256,1.01595222979285
1036,Rlearner,0.867729249530421,0.0613618603416916,0.747462213236329,0.987996285824513
1036,intercept,0.967935474323197,0.0765843290068655,0.81783018946974,1.11804075917665
1036,AIPW,0.900253440371209,0.0441809513029817,0.813658775817365,0.986848104925053
1037,Tlearner,1.05915179057916,0.0588247413504045,0.943857416132483,1.17444616502584
1037,Rlearner,1.03789760836331,0.0591170456514441,0.922030328014073,1.15376488871255
1037,intercept,1.19784602399782,0.0775087051126886,1.04592896197695,1.34976308601869
1037,AIPW,1.05207636002943,0.041411733487888,0.970909362393165,1.13324335766569
1038,Tlearner,0.932044719501443,0.0637594754647529,0.807078443917362,1.05701099508552
1038,Rlearner,0.907879157126287,0.0612603733954006,0.787811031591827,1.02794728266075
1038,intercept,0.980666994593724,0.0805290930525945,0.822829972210639,1.13850401697681
1038,AIPW,1.0060130972058,0.0739559357979125,0.861059463041895,1.15096673136971
1040,Tlearner,0.994517300466092,0.0659613014126558,0.865235525323896,1.12379907560829
1040,Rlearner,1.01284583658906,0.0585077312030164,0.898172790614002,1.12751888256413
1040,intercept,1.23747189403909,0.0779340650222527,1.08472112659547,1.3902226614827
1040,AIPW,0.994372438315102,0.077528987657972,0.842415622505477,1.14632925412473
1041,Tlearner,0.973097469700934,0.0586007032638107,0.858242201835146,1.08795273756672
1041,Rlearner,0.935578788207287,0.0573256452173189,0.823222588190822,1.04793498822375
1041,intercept,1.03246387858016,0.0776788500703044,0.880213332442368,1.18471442471796
1041,AIPW,0.937209235105151,0.0434642736913506,0.852019258670104,1.0223992115402
1043,Tlearner,0.946498687992077,0.0625897947035766,0.823824944573311,1.06917243141084
1043,Rlearner,1.03896750548278,0.0609150475048186,0.919576206256794,1.15835880470878
1043,intercept,1.22707744543434,0.084058943650867,1.06232191587864,1.39183297499004
1043,AIPW,1.09051127162798,0.197893077095989,0.702640840519844,1.47838170273612
1044,Tlearner,1.02719956206393,0.0640656388496447,0.901633217272076,1.15276590685578
1044,Rlearner,1.0581840724641,0.0597611977646275,0.941054277172457,1.17531386775575
1044,intercept,1.13262520680641,0.0803876063152366,0.97506549842855,1.29018491518428
1044,AIPW,1.03843786186415,0.0445903430670335,0.951040789452765,1.12583493427554
1045,Tlearner,0.928628758921618,0.0586151479839364,0.813745179924617,1.04351233791862
1045,Rlearner,0.983325356669575,0.0536289585082896,0.878214529464934,1.08843618387422
1045,intercept,1.12525681765012,0.0717437635497501,0.984639041092611,1.26587459420763
1045,AIPW,0.93318611335776,0.0445869836388216,0.84579562542567,1.02057660128985
1046,Tlearner,0.955545391113197,0.0683658184371148,0.821550849202848,1.08953993302355
1046,Rlearner,1.00922568141821,0.0612634184245737,0.88915158773624,1.12929977510018
1046,intercept,1.20489173186741,0.0863680391762408,1.03561037508198,1.37417308865285
1046,AIPW,1.01512967924714,0.0538598438422298,0.909564385316372,1.12069497317791
1047,Tlearner,0.923357857187307,0.0623193572295072,0.801214161477787,1.04550155289683
1047,Rlearner,0.912146501426209,0.0620239578311011,0.79058177789862,1.0337112249538
1047,intercept,0.998683774500213,0.0866057762544869,0.828936453041418,1.16843109595901
1047,AIPW,0.879878032742774,0.0692167472805605,0.744213208072875,1.01554285741267
1048,Tlearner,1.01403296962507,0.0601594968652157,0.896122522441192,1.13194341680894
1048,Rlearner,1.00590142875418,0.056540370802467,0.895084338308801,1.11671851919955
1048,intercept,1.12856093908505,0.0820852392108899,0.967673870231708,1.2894480079384
1048,AIPW,1.03310667430599,0.0612085411537549,0.913137933644634,1.15307541496735
1049,Tlearner,1.1473308323416,0.0580132947269711,1.03362686405223,1.26103480063097
1049,Rlearner,1.15443457022112,0.0552804138407296,1.04608695004282,1.26278219039942
1049,intercept,1.25270231753152,0.0771108672970817,1.10156501762924,1.4038396174338
1049,AIPW,1.23013685519205,0.0495735028141668,1.13297278967629,1.32730092070782
1050,Tlearner,1.02780575971253,0.0647114590998314,0.900973630489823,1.15463788893524
1050,Rlearner,1.08518618228969,0.0593690553872951,0.968824971934423,1.20154739264495
1050,intercept,1.18878332083507,0.069369482316167,1.05281913549538,1.32474750617476
1050,AIPW,1.05044084357163,0.070597688431422,0.91206937424604,1.18881231289721
1051,Tlearner,0.970991134782631,0.062352979297955,0.848781541029868,1.09320072853539
1051,Rlearner,1.01170375113106,0.0601838110455985,0.893745649029319,1.12966185323279
1051,intercept,1.18760321693513,0.0806166640418736,1.02959455541305,1.3456118784572
1051,AIPW,0.981451522453527,0.0596058985839068,0.86462396122907,1.09827908367798
1052,Tlearner,0.91591719687399,0.0571445262797504,0.803915983452077,1.0279184102959
1052,Rlearner,1.02125247696384,0.0581766695964834,0.907228299814244,1.13527665411343
1052,intercept,1.23169680316638,0.0771926901076922,1.0803991305553,1.38299447577745
1052,AIPW,1.01244016621589,0.0509590474231229,0.912560433266564,1.11231989916521
1053,Tlearner,1.08049585447958,0.0583530306886457,0.966126015941078,1.19486569301809
1053,Rlearner,1.08418640256536,0.057683991239717,0.971127857250987,1.19724494787973
1053,intercept,1.17779639400268,0.0768879322790961,1.02709604673566,1.32849674126971
1053,AIPW,1.10071813777732,0.0485787353991987,1.00550381639489,1.19593245915975
1054,Tlearner,1.10202989486182,0.0580462508133168,0.98826133383014,1.2157984558935
1054,Rlearner,1.11584330470544,0.0547757944571135,1.00848472034493,1.22320188906595
1054,intercept,1.3082319192029,0.0795230112137027,1.15236681722404,1.46409702118176
1054,AIPW,1.12543519987876,0.04639175009233,1.0345073696978,1.21636303005973
1055,Tlearner,1.06203588750857,0.0617296486468223,0.941047999382485,1.18302377563465
1055,Rlearner,1.03427231725731,0.0627578606946933,0.911269170548931,1.15727546396569
1055,intercept,1.24051950020885,0.0807281353524469,1.08229235491806,1.39874664549965
1055,AIPW,1.13875439533534,0.0790708323961636,0.983775563838862,1.29373322683182
1056,Tlearner,0.962520852139843,0.0635445621848495,0.837975798844172,1.08706590543551
1056,Rlearner,0.99569429888054,0.0598592903242412,0.878372245704901,1.11301635205618
1056,intercept,1.26173717817465,0.0818149497080823,1.1013798767468,1.42209447960249
1056,AIPW,0.99623442719716,0.0506756003380296,0.896910250534622,1.0955586038597
1057,Tlearner,1.00616001531613,0.0612446311427974,0.88612274402981,1.12619728660246
1057,Rlearner,1.01721002866334,0.0627488840406365,0.894224475873617,1.14019558145307
1057,intercept,1.23673219274059,0.0820605974274135,1.07589342178286,1.39757096369832
1057,AIPW,1.06040136667298,0.0564502139577744,0.949758947315738,1.17104378603021
1058,Tlearner,0.996970985189118,0.0591684511783247,0.881002951858585,1.11293901851965
1058,Rlearner,1.04401820853748,0.0581127286940824,0.930119353253735,1.15791706382123
1058,intercept,1.14982131661473,0.0705086391920641,1.01162438379828,1.28801824943117
1058,AIPW,1.03082029630192,0.0469643085173768,0.938770251607866,1.12287034099598
1059,Tlearner,0.979777911754758,0.0588303568921959,0.864472531048416,1.0950832924611
1059,Rlearner,1.0462071001079,0.0569945953374592,0.934499745933042,1.15791445428275
1059,intercept,1.15325994826628,0.0792819880925081,0.997867251604965,1.3086526449276
1059,AIPW,1.05874614431064,0.0494840817629141,0.961757344055324,1.15573494456595
1060,Tlearner,0.898774571532188,0.0643260897168288,0.772697752420911,1.02485139064346
1060,Rlearner,0.891560516316973,0.0665393790657884,0.761145729794369,1.02197530283958
1060,intercept,1.09237133387932,0.0917332808772566,0.912574103359895,1.27216856439874
1060,AIPW,0.918426651879974,0.0450276194533841,0.830172517751341,1.00668078600861
1061,Tlearner,0.971410266034122,0.0619008875261185,0.850086755871865,1.09273377619638
1061,Rlearner,1.01240829609109,0.0585621638863655,0.897628564017078,1.1271880281651
1061,intercept,1.2463866864062,0.0800855605305329,1.08941898776635,1.40335438504604
1061,AIPW,1.00451512662712,0.0401147928644667,0.925890132612766,1.08314012064148
1062,Tlearner,0.9434411874741,0.0646353356666636,0.816758257438782,1.07012411750942
1062,Rlearner,0.953739703377748,0.0622230531118468,0.831784760270405,1.07569464648509
1062,intercept,1.16784005914968,0.0850080176214874,1.00122434461156,1.33445577368779
1062,AIPW,1.0017091889817,0.0495084403951429,0.904672645807223,1.09874573215618
1063,Tlearner,1.17609914168161,0.0676761136232487,1.0434563963664,1.30874188699681
1063,Rlearner,1.13799503823409,0.0631509733224515,1.01422140493343,1.26176867153474
1063,intercept,1.30726353882166,0.0830359250444699,1.1445131257345,1.47001395190882
1063,AIPW,1.13728237348436,0.0607770246493585,1.01815940517162,1.2564053417971
1064,Tlearner,1.08088468871544,0.0594813060255791,0.964303471151899,1.19746590627898
1064,Rlearner,1.06111250166632,0.0563555800152184,0.950657594508623,1.17156740882401
1064,intercept,1.18589170916491,0.0778123291897367,1.03337954395302,1.33840387437679
1064,AIPW,1.09190540911588,0.054509868048478,0.985066067740861,1.19874475049089
1065,Tlearner,0.940626698691408,0.0594989571062188,0.824010885645525,1.05724251173729
1065,Rlearner,0.988756104402939,0.059829542009047,0.871492356853681,1.1060198519522
1065,intercept,1.21164289086484,0.0785608407003288,1.0576636430922,1.36562213863749
1065,AIPW,1.00214268156171,0.0483113899566403,0.907452357246695,1.09683300587672
1066,Tlearner,1.00462288655196,0.065881713370314,0.875497101106352,1.13374867199757
1066,Rlearner,1.04292247776677,0.0631358493082322,0.919178486989291,1.16666646854426
1066,intercept,1.17878424836088,0.0770299583802459,1.02780552993559,1.32976296678616
1066,AIPW,1.0040450195346,0.0429865027971011,0.919791474052279,1.08829856501692
1067,Tlearner,1.03873084258982,0.0625129711064958,0.916207670654498,1.16125401452515
1067,Rlearner,1.08480452953535,0.0605324931880752,0.966163022992303,1.20344603607839
1067,intercept,1.15041201238631,0.0849687646053348,0.983873233759852,1.31695079101276
1067,AIPW,1.04771590077178,0.0550178273886326,0.939880959090058,1.1555508424535
1068,Tlearner,0.819551007824717,0.0660075694976267,0.690178548902344,0.94892346674709
1068,Rlearner,0.869316169264869,0.0649432337844303,0.742029770007821,0.996602568521918
1068,intercept,1.11218590447114,0.0873732509643288,0.94093433258106,1.28343747636123
1068,AIPW,0.894870538566098,0.0606390874592539,0.77601792714596,1.01372314998624
1069,Tlearner,1.09331417415711,0.0630950270559931,0.969650193523783,1.21697815479044
1069,Rlearner,1.09077584487043,0.0578111021126551,0.97746816682306,1.2040835229178
1069,intercept,1.25799745344134,0.0822024134918747,1.09688072299727,1.41911418388542
1069,AIPW,1.09941623554332,0.0487476008754386,1.00387093782746,1.19496153325918
1070,Tlearner,0.944831784485871,0.0628971554173469,0.821555625137852,1.06810794383389
1070,Rlearner,0.973600145713188,0.0587361471818496,0.858479412646119,1.08872087878026
1070,intercept,1.18437537541116,0.074763990617336,1.03783795380118,1.33091279702114
1070,AIPW,0.956680108193119,0.0447752561479584,0.868920606143121,1.04443961024312
1071,Tlearner,0.895301213576804,0.0595015421271721,0.778680333982954,1.01192209317065
1071,Rlearner,0.878042352175082,0.0596435806759142,0.761143082141281,0.994941622208883
1071,intercept,1.14095336779208,0.0783149173605635,0.987456129765378,1.29445060581879
1071,AIPW,0.917066441622434,0.0489564604984657,0.821111779045441,1.01302110419943
1072,Tlearner,1.07941884426651,0.0598018566571268,0.962209359009917,1.19662832952311
1072,Rlearner,1.06681726704498,0.0579450465148531,0.953247062793366,1.18038747129659
1072,intercept,1.21551605336539,0.0785260765619948,1.06160494330388,1.3694271634269
1072,AIPW,1.12716442289603,0.0668379056761693,0.996162127770742,1.25816671802133
1073,Tlearner,1.0292368043157,0.062220290366044,0.907287276090627,1.15118633254077
1073,Rlearner,1.06494621101608,0.0605934918035249,0.946185149383653,1.18370727264852
1073,intercept,1.16530100303581,0.0769051479586816,1.0145669130368,1.31603509303483
1073,AIPW,1.01862850829842,0.0462486045295069,0.927981243420586,1.10927577317625
1074,Tlearner,0.974978910146319,0.0600595985559796,0.857264260050665,1.09269356024197
1074,Rlearner,0.978566090414595,0.0573862392964166,0.866091128185421,1.09104105264377
1074,intercept,1.2403498584436,0.0808730421670139,1.08183869579626,1.39886102109095
1074,AIPW,1.00226323936805,0.0430425073301464,0.917899925000958,1.08662655373513
1075,Tlearner,1.02171749364595,0.0678291771426097,0.888774749345446,1.15466023794645
1075,Rlearner,1.05700826127345,0.0653088964011655,0.92900517645711,1.18501134608979
1075,intercept,1.22808834881044,0.0889661482746515,1.05371469819213,1.40246199942876
1075,AIPW,1.0572309709412,0.058403892363797,0.942759341908162,1.17170259997425
1076,Tlearner,0.995333850688593,0.0660893135000528,0.865801176465513,1.12486652491167
1076,Rlearner,1.02919394637763,0.0643501122283018,0.903070044009047,1.15531784874621
1076,intercept,1.21479176257311,0.0824038152562525,1.05328028467086,1.37630324047537
1076,AIPW,1.01836225557047,0.0484440402379244,0.923411936704138,1.1133125744368
1078,Tlearner,1.07821288741102,0.0607181626867883,0.959207475337469,1.19721829948457
1078,Rlearner,1.05442926846793,0.0572771153913786,0.942168185162483,1.16669035177338
1078,intercept,1.2795017725801,0.0761923011166788,1.13016486239141,1.42883868276879
1078,AIPW,1.02229565139071,0.0618578664836939,0.901054233082671,1.14353706969875
1079,Tlearner,0.988533647635828,0.0624177784485826,0.866197049881606,1.11087024539005
1079,Rlearner,1.09519546187936,0.0629770898778363,0.971762633867663,1.21862828989107
1079,intercept,1.25432447589722,0.0773468280118689,1.10272469299396,1.40592425880049
1079,AIPW,1.09663401676974,0.0509863333404735,0.99670080342241,1.19656723011707
1080,Tlearner,0.0942772853493082,0.590187815864521,-1.06246957785951,1.25102414855813
1080,Rlearner,1.03450158360669,0.0576127053002274,0.92158275616632,1.14742041104705
1080,intercept,1.22780148933226,0.0774542187507249,1.07599122058084,1.37961175808368
1080,AIPW,1.02020807689098,0.0525991212648754,0.917113799211821,1.12330235457013
1082,Tlearner,1.01070839196906,0.0572684567590747,0.898464279271087,1.12295250466704
1082,Rlearner,0.93272210711814,0.0549098953173092,0.825100689901349,1.04034352433493
1082,intercept,1.16423941023881,0.0748349211733767,1.01756296473899,1.31091585573863
1082,AIPW,0.95755184145468,0.0583949356343294,0.843097767611394,1.07200591529797
1083,Tlearner,0.936191012119576,0.0631257774908932,0.812466761741336,1.05991526249782
1083,Rlearner,0.997879912299222,0.0595086684292061,0.881245065410042,1.1145147591884
1083,intercept,1.25152053145514,0.0769212831126948,1.10075481655426,1.40228624635602
1083,AIPW,1.09332001950673,0.112105266249053,0.873593697658583,1.31304634135487
1085,Tlearner,0.928206818700357,0.0612500940977875,0.808158840219004,1.04825479718171
1085,Rlearner,1.02350843050513,0.0596146698721383,0.906665824605496,1.14035103640477
1085,intercept,1.23049178534714,0.080925674440644,1.07187746344347,1.3891061072508
1085,AIPW,1.01107897683664,0.0511692544862536,0.910787238043584,1.1113707156297
1086,Tlearner,1.02085604990095,0.0643905601222883,0.894652871116902,1.14705922868499
1086,Rlearner,1.03900057766084,0.0576099730974003,0.926087105239611,1.15191405008206
1086,intercept,1.11557622737736,0.0778604069638901,0.962969829728138,1.26818262502659
1086,AIPW,1.03215464201813,0.0608899637074879,0.912810313151449,1.1514989708848
1087,Tlearner,0.897796228051112,0.0654372977169179,0.769541481280327,1.0260509748219
1087,Rlearner,0.929729547948161,0.0600313865693073,0.812070192330317,1.047388903566
1087,intercept,1.13943358392963,0.0794841985832289,0.983644554706505,1.29522261315276
1087,AIPW,0.944795937215001,0.0537980454724138,0.83935176808907,1.05024010634093
1088,Tlearner,0.920611442662631,0.0587408231991064,0.805481544770148,1.03574134055511
1088,Rlearner,0.93729146655894,0.0543196031630948,0.830827000704766,1.04375593241311
1088,intercept,1.05789270211451,0.0690742578589607,0.922507156710949,1.19327824751807
1088,AIPW,0.907375931057717,0.0456324784723943,0.817936273251824,0.99681558886361
1089,Tlearner,1.10777547963475,0.0585852535218525,0.992950492706767,1.22260046656273
1089,Rlearner,1.08072433635572,0.0571347374401382,0.968742308706892,1.19270636400454
1089,intercept,1.17166748625657,0.0736907577627411,1.0272336010416,1.31610137147154
1089,AIPW,1.18081306842413,0.0815096954633138,1.02105406531604,1.34057207153223
1090,Tlearner,0.989659488615551,0.0585617070803402,0.8748806518649,1.1044383253662
1090,Rlearner,0.963617855607471,0.0594055879026279,0.847185042837893,1.08005066837705
1090,intercept,1.22135843842833,0.0806478803365122,1.06328859296877,1.3794282838879
1090,AIPW,1.02043089638069,0.0711546091606089,0.880967862425893,1.15989393033548
1091,Tlearner,0.962341978585901,0.062789039637539,0.839277722272466,1.08540623489933
1091,Rlearner,0.974000359277991,0.0626336232585983,0.851240713469888,1.09676000508609
1091,intercept,1.14209892655245,0.0831016259894478,0.979219739613132,1.30497811349177
1091,AIPW,1.07513804391518,0.088998381353066,0.900701216463167,1.24957487136719
1092,Tlearner,1.05765220743594,0.0591615667998825,0.941697667239205,1.17360674763267
1092,Rlearner,1.06424152921625,0.0582784714564064,0.950017824087647,1.17846523434485
1092,intercept,1.19956756512183,0.07642020566897,1.04978396201065,1.34935116823301
1092,AIPW,1.03486246410263,0.0525875207983956,0.931790923337777,1.13793400486749
1093,Tlearner,1.06203508822861,0.0614968413524777,0.941503494014783,1.18256668244244
1093,Rlearner,1.02735665142808,0.0593456665376325,0.911041282375793,1.14367202048036
1093,intercept,1.26333575536582,0.0888827445632956,1.08912557602176,1.43754593470988
1093,AIPW,1.14385213769285,0.0561191701669964,1.03385856416554,1.25384571122016
1094,Tlearner,0.996976950696052,0.0658790373409851,0.867856410171552,1.12609749122055
1094,Rlearner,0.961216972775218,0.0636767577271756,0.836412820977671,1.08602112457276
1094,intercept,1.21876968879689,0.0937404787005793,1.03503835054376,1.40250102705003
1094,AIPW,0.987052670702352,0.0544746330244097,0.880282389974509,1.0938229514302
1095,Tlearner,0.905725804946225,0.0647298000787038,0.778857728065488,1.03259388182696
1095,Rlearner,0.901652104894163,0.0630573065015109,0.778062055189098,1.02524215459923
1095,intercept,1.19584059151163,0.088801446260781,1.0217897568405,1.36989142618276
1095,AIPW,0.868597137858666,0.0603350978864663,0.750340346001192,0.98685392971614
1096,Tlearner,1.08049205286269,0.0610968035305175,0.960744518372359,1.20023958735303
1096,Rlearner,1.1089529028692,0.0599086332548521,0.991534139326669,1.22637166641173
1096,intercept,1.27069301553381,0.0778371155256948,1.11813226910345,1.42325376196417
1096,AIPW,1.20819968225545,0.0697117625698205,1.0715646276186,1.3448347368923
1097,Tlearner,1.0063182162278,0.0548599697950854,0.898794651236477,1.11384178121912
1097,Rlearner,1.06248600845091,0.0545084112412889,0.955651485563488,1.16932053133834
1097,intercept,1.18410504310842,0.0799795830070398,1.02734506041462,1.34086502580221
1097,AIPW,0.98680252882843,0.0669815967132658,0.855518599270429,1.11808645838643
1098,Tlearner,0.898178741931339,0.0634117710512501,0.773893954474989,1.02246352938769
1098,Rlearner,0.890837882294009,0.0614321609540488,0.770433059331606,1.01124270525641
1098,intercept,1.12562628767909,0.0757215055681177,0.977212136765575,1.2740404385926
1098,AIPW,0.899926051898225,0.048769722322455,0.804337396146213,0.995514707650237
1099,Tlearner,1.02577186181271,0.0573131616549931,0.9134401291288,1.13810359449662
1099,Rlearner,1.04912577950492,0.0540880369822287,0.943115175025282,1.15513638398456
1099,intercept,1.14540976129504,0.0799395063059712,0.988728328935333,1.30209119365474
1099,AIPW,0.987998649237713,0.0611804916640745,0.868084885576127,1.1079124128993
1100,Tlearner,1.04888493697597,0.0633017771797255,0.924815733546326,1.17295414040561
1100,Rlearner,1.04903523589834,0.063981708077035,0.923633392397999,1.17443707939869
1100,intercept,1.29137179835601,0.0795715387724346,1.13541158236204,1.44733201434998
1100,AIPW,1.05787194254349,0.0539897240065595,0.952052083490632,1.16369180159635
1101,Tlearner,1.16205182281512,0.0618512004938214,1.04082569744666,1.28327794818357
1101,Rlearner,1.15993140055837,0.0600486750875242,1.04223816006747,1.27762464104926
1101,intercept,1.23577634574114,0.0817367677535134,1.07557228094425,1.39598041053802
1101,AIPW,1.14397079822776,0.0517945173214055,1.04245354427781,1.24548805217772
1103,Tlearner,1.03439668423808,0.0588591937694589,0.919034784290879,1.14975858418529
1103,Rlearner,1.01461706423724,0.0548753923506713,0.907063271592419,1.12217085688206
1103,intercept,1.22365670565694,0.0757897176988552,1.07510885896718,1.3722045523467
1103,AIPW,0.98728856162083,0.0752976215836472,0.839705223316881,1.13487189992478
1104,Tlearner,1.02151576467441,0.0645007835443944,0.895096551952786,1.14793497739604
1104,Rlearner,1.05100399074837,0.0663996199606332,0.920863127038378,1.18114485445835
1104,intercept,1.19305032973812,0.0918671806662434,1.01299065563228,1.37311000384396
1104,AIPW,1.07706729910045,0.0494506593277438,0.980144006818071,1.17399059138283
1105,Tlearner,1.06279498826701,0.0644012980581474,0.936570763515413,1.18901921301861
1105,Rlearner,1.08537284505531,0.0573079634037031,0.97305130075671,1.1976943893539
1105,intercept,1.22694878862668,0.0721204153222802,1.08559277459501,1.36830480265835
1105,AIPW,1.13713851754523,0.0457432345313262,1.04748177786383,1.22679525722663
1106,Tlearner,1.04071982986384,0.0607096328964362,0.921731135872176,1.1597085238555
1106,Rlearner,1.05171503525265,0.0589175176906035,0.936238822520563,1.16719124798473
1106,intercept,1.25609981548109,0.0834045366770701,1.09262692359403,1.41957270736814
1106,AIPW,1.0695569099911,0.0499793712220826,0.971597342395818,1.16751647758638
1107,Tlearner,1.09251058963644,0.0600600007947899,0.974795151167207,1.21022602810568
1107,Rlearner,1.07624279060214,0.0580284013512208,0.962509213873316,1.18997636733097
1107,intercept,1.21226497337371,0.0752413999870854,1.06479182939902,1.3597381173484
1107,AIPW,1.08061107407166,0.0475298990040527,0.98745247202372,1.17376967611961
1108,Tlearner,0.97061839232691,0.0561978701909998,0.860472590744693,1.08076419390913
1108,Rlearner,1.00410606739456,0.054165795485287,0.897943059049432,1.11026907573968
1108,intercept,1.16570135041778,0.0742763615456409,1.02011968178833,1.31128301904724
1108,AIPW,1.01009714886436,0.0585609780719199,0.895317631843394,1.12487666588532
1109,Tlearner,0.913847121606441,0.0599285042039247,0.796389411719392,1.03130483149349
1109,Rlearner,0.977227131663117,0.0585362316553906,0.862498225827858,1.09195603749838
1109,intercept,1.13914051507783,0.079305129537886,0.983702461183578,1.29457856897209
1109,AIPW,0.988511646556345,0.0453251329409526,0.899674385992078,1.07734890712061
1110,Tlearner,0.95662124910085,0.055676767338206,0.84749679034235,1.06574570785935
1110,Rlearner,0.952181696191938,0.0548436502378875,0.844690116944967,1.05967327543891
1110,intercept,1.08642222083541,0.0743488088727269,0.940698555444863,1.23214588622595
1110,AIPW,0.989094210042706,0.0627096886299617,0.866183220327981,1.11200519975743
1111,Tlearner,1.0725976330807,0.0628607764733181,0.949392775152778,1.19580249100863
1111,Rlearner,1.0805721784127,0.0578213050558209,0.967244502964185,1.19389985386121
1111,intercept,1.26280747315829,0.0849145725325007,1.09637491099458,1.42924003532199
1111,AIPW,1.11055303817,0.0563432057025428,1.00012035499302,1.22098572134698
1112,Tlearner,0.996184830886154,0.0632138609306392,0.872287940138378,1.12008172163393
1112,Rlearner,0.978168157748259,0.0594942096755363,0.861561649495534,1.09477466600098
1112,intercept,1.05299997975585,0.0802876742353576,0.89563613825455,1.21036382125715
1112,AIPW,1.04114315165224,0.0926572877378096,0.859534867686133,1.22275143561835
1113,Tlearner,0.988218075631168,0.0596173882494555,0.871370141809893,1.10506600945244
1113,Rlearner,1.03055357146336,0.0565792720944286,0.919660235886788,1.14144690703993
1113,intercept,1.07249689255574,0.0738553288677257,0.927740447974997,1.21725333713648
1113,AIPW,1.11053899548781,0.0797561492994658,0.954216942860859,1.26686104811477
1114,Tlearner,1.02153593964695,0.0591215854826379,0.90565976139207,1.13741211790182
1114,Rlearner,1.03745231796005,0.0592396735535741,0.921344691339135,1.15355994458097
1114,intercept,1.1612202529802,0.0766683245168885,1.0109503369271,1.3114901690333
1114,AIPW,1.04438969628976,0.0509055168952658,0.944614883175035,1.14416450940448
1115,Tlearner,1.09376490934264,0.0603265392182448,0.975527065162942,1.21200275352235
1115,Rlearner,1.10784769255976,0.060985654606442,0.988318005957538,1.22737737916199
1115,intercept,1.23099368649894,0.0766430943809832,1.08077322151222,1.38121415148567
1115,AIPW,1.06366030366068,0.0824491449905636,0.902059979479176,1.22526062784219
1118,Tlearner,1.06014498776475,0.0590542454419037,0.944400793564434,1.17588918196507
1118,Rlearner,1.07040652625299,0.0575077255081188,0.957693455424266,1.18311959708172
1118,intercept,1.22995257258021,0.083585287345486,1.06612540938306,1.39377973577736
1118,AIPW,1.08450536470039,0.0482599683201562,0.989915826792887,1.1790949026079
1119,Tlearner,1.04317759393758,0.0624370575987899,0.920803209743296,1.16555197813186
1119,Rlearner,1.07032353935162,0.0577728556599372,0.957090822974115,1.18355625572913
1119,intercept,1.23712777952474,0.0780080912047787,1.08423192076337,1.3900236382861
1119,AIPW,1.04099539439958,0.0573672994848592,0.928555487409256,1.1534353013899
1120,Tlearner,1.10029197388982,0.0631259664404996,0.976567353177156,1.22401659460248
1120,Rlearner,1.11712052396847,0.0641840397852896,0.991322117607012,1.24291893032992
1120,intercept,1.22083271295697,0.0843971454268534,1.05541430792033,1.3862511179936
1120,AIPW,1.09018433617157,0.0567757029433045,0.978903958402697,1.20146471394045
1121,Tlearner,1.01948422456167,0.060940793298402,0.900042464507503,1.13892598461584
1121,Rlearner,1.05636901739689,0.0598189904944013,0.939125950436324,1.17361208435746
1121,intercept,1.21136482710836,0.0751298759894616,1.06411027016902,1.35861938404771
1121,AIPW,1.05516358557504,0.0693620373141344,0.919213992439339,1.19111317871075
1123,Tlearner,0.962473491186471,0.0609715646664104,0.842971420359252,1.08197556201369
1123,Rlearner,1.02599157239035,0.0542979594084095,0.919569527515854,1.13241361726485
1123,intercept,1.19776330129709,0.0809433837785149,1.0391142690912,1.35641233350297
1123,AIPW,1.00055468921013,0.0441717474786643,0.913978064151944,1.08713131426831
1124,Tlearner,1.18237152553379,0.0607895870495084,1.06322612428169,1.30151692678589
1124,Rlearner,1.15756958466469,0.0587504275255046,1.04242086263837,1.27271830669101
1124,intercept,1.27161931895025,0.0813109125112667,1.11224993042817,1.43098870747233
1124,AIPW,1.17892804411139,0.0431659149511875,1.09432285080706,1.26353323741572
1125,Tlearner,0.974984400016589,0.059015675201525,0.859315802098287,1.09065299793489
1125,Rlearner,0.97482879910596,0.056560691119683,0.863971881570686,1.08568571664123
1125,intercept,1.13309868864188,0.0744199214491643,0.98723564260152,1.27896173468224
1125,AIPW,1.03491976912588,0.0796071075048987,0.878889838416284,1.19094969983549
1126,Tlearner,1.06220710823044,0.064049003723408,0.936673367686891,1.18774084877399
1126,Rlearner,1.03973590465057,0.0578371646461782,0.926377144976144,1.15309466432499
1126,intercept,1.19680724322323,0.0793107011814422,1.0413582689076,1.35225621753885
1126,AIPW,1.0380665561521,0.0508756520632778,0.938350278108078,1.13778283419613
1127,Tlearner,1.0531793134981,0.0603245429243249,0.934945381982579,1.17141324501361
1127,Rlearner,1.0568832423536,0.0573624292774432,0.94445494690409,1.16931153780312
1127,intercept,1.17596546029691,0.0715962715140791,1.03563676812932,1.31629415246451
1127,AIPW,1.04891913772319,0.0672522285153638,0.917104769833081,1.18073350561331
1128,Tlearner,0.930682981944783,0.0614331054314253,0.810276307840738,1.05108965604883
1128,Rlearner,0.986247687725355,0.0603374555628101,0.867988447903461,1.10450692754725
1128,intercept,1.15011735407437,0.0812916935678083,0.990785634681465,1.30944907346727
1128,AIPW,0.97041649367182,0.0526427913014738,0.867236622720931,1.07359636462271
1129,Tlearner,0.936787512401577,0.0606495091806307,0.81791665872751,1.05565836607564
1129,Rlearner,0.991991380556802,0.0595869195282455,0.875203164331755,1.10877959678185
1129,intercept,1.14316180585578,0.074859068574229,0.996438031450294,1.28988558026127
1129,AIPW,0.973449110614911,0.050477328048972,0.874513547638925,1.0723846735909
1130,Tlearner,1.12396510211267,0.069661925678084,0.987430236689922,1.26049996753542
1130,Rlearner,0.995631648743191,0.0600297968884273,0.877975408842619,1.11328788864376
1130,intercept,1.16736595518397,0.0857105876155443,0.999373203457508,1.33535870691044
1130,AIPW,1.0176424472034,0.0501325354572977,0.919382677707096,1.1159022166997
1131,Tlearner,1.07614025237822,0.0638169399275706,0.951061348516623,1.20121915623981
1131,Rlearner,1.09649436374351,0.0615452064177709,0.975867975743597,1.21712075174343
1131,intercept,1.28992962007501,0.0837477466068289,1.12578403672563,1.45407520342439
1131,AIPW,1.07716553291487,0.05043641946573,0.978310150762034,1.1760209150677
1132,Tlearner,0.953742292128922,0.0703913026013934,0.81577787420533,1.09170671005251
1132,Rlearner,0.932153760798788,0.0560707626211225,0.822257085475693,1.04205043612188
1132,intercept,1.04176923970865,0.0745694725893963,0.895613073433438,1.18792540598387
1132,AIPW,0.90263380047226,0.0562273617585686,0.792428171425466,1.01283942951905
1133,Tlearner,0.931594301130722,0.0588023988806502,0.816343717120089,1.04684488514135
1133,Rlearner,1.03516761972942,0.0597360724463908,0.918087069156615,1.15224817030222
1133,intercept,1.18084098741432,0.0758549894678456,1.03216520805734,1.32951676677129
1133,AIPW,1.02719265775185,0.0487517670361354,0.93163919436102,1.12274612114267
1134,Tlearner,0.9700819879907,0.0605761582124909,0.851354899572417,1.08880907640898
1134,Rlearner,1.04662846032837,0.058416725208886,0.932133782824179,1.16112313783256
1134,intercept,1.19658028204398,0.0807646206554951,1.03828162555921,1.35487893852875
1134,AIPW,1.15035486331245,0.103601726383819,0.947295479600163,1.35341424702473
1135,Tlearner,0.930104780596359,0.068087779997284,0.796655184014396,1.06355437717832
1135,Rlearner,0.864513801612537,0.059735390385721,0.747434587854084,0.981593015370991
1135,intercept,1.17598971804435,0.0804135197457064,1.01837921934276,1.33360021674593
1135,AIPW,0.864430847604731,0.0575386485256437,0.751655096494469,0.977206598714992
1136,Tlearner,1.01633492503929,0.0621560164607156,0.89451137135381,1.13815847872477
1136,Rlearner,1.0823351426353,0.0632738326125453,0.958320709550893,1.2063495757197
1136,intercept,1.26083135475103,0.0780004256108001,1.10795052055386,1.4137121889482
1136,AIPW,1.10226474002358,0.0525088769076428,0.999347341284603,1.20518213876256
1137,Tlearner,1.09003543873849,0.0604213040167968,0.971611858966627,1.20845901851036
1137,Rlearner,1.09453556427712,0.0592138587906487,0.978478533661807,1.21059259489243
1137,intercept,1.1680996605293,0.0727561955307967,1.02549751728893,1.31070180376966
1137,AIPW,1.06227100491003,0.0588001821616832,0.947022647873133,1.17751936194693
1138,Tlearner,1.03220802470288,0.0625239542724902,0.909663326157772,1.15475272324799
1138,Rlearner,1.00336648797547,0.0620495580247002,0.881751588990429,1.12498138696051
1138,intercept,1.14946284300297,0.0895006447847891,0.974041579224787,1.32488410678116
1138,AIPW,0.995173657728808,0.0619089663301061,0.8738320837218,1.11651523173582
1139,Tlearner,0.943247123207027,0.0630775292697353,0.819617437604574,1.06687680880948
1139,Rlearner,0.885059537506457,0.0602733868317757,0.766925870089926,1.00319320492299
1139,intercept,1.04433712724982,0.0810247972661574,0.88552852460815,1.20314572989149
1139,AIPW,0.925158686792329,0.0531735002809426,0.820938626241681,1.02937874734298
1140,Tlearner,1.04996618207364,0.0599594555054486,0.932447808750324,1.16748455539695
1140,Rlearner,1.11706393106063,0.0547610239433189,1.00973429637518,1.22439356574607
1140,intercept,1.22339676937115,0.0754122147154338,1.0755888285289,1.3712047102134
1140,AIPW,1.10515145704861,0.046796509091535,1.0134302992292,1.19687261486801
1141,Tlearner,1.00650757534812,0.0642944397063547,0.880492789117479,1.13252236157875
1141,Rlearner,0.97337028656642,0.062181128996687,0.851497513214874,1.09524305991797
1141,intercept,1.12460147599708,0.0896900774272186,0.948808924239731,1.30039402775443
1141,AIPW,0.97176833145115,0.0513013857078156,0.871217615463832,1.07231904743847
1142,Tlearner,0.882010924269619,0.063753925601238,0.757055526218146,1.00696632232109
1142,Rlearner,0.932910220932938,0.0570176251440225,0.821157729166648,1.04466271269923
1142,intercept,1.1520573901803,0.0802419530579254,0.994783162186762,1.30933161817383
1142,AIPW,0.915644633710874,0.0583124088305796,0.801352312402938,1.02993695501881
1143,Tlearner,1.11128688892299,0.0615655916502438,0.990620546601609,1.23195323124437
1143,Rlearner,1.11803026744745,0.0626292553158588,0.995279182649801,1.2407813522451
1143,intercept,1.18520164775637,0.0875910812372927,1.01352312853127,1.35688016698146
1143,AIPW,1.04466976048656,0.0896831679388889,0.868890751326334,1.22044876964678
1144,Tlearner,1.14036606249102,0.0655314833929422,1.01192671518737,1.26880540979467
1144,Rlearner,1.11634502906252,0.0606341188322183,0.99750433991705,1.23518571820799
1144,intercept,1.27108359270152,0.0866566893615069,1.10123648155297,1.44093070385008
1144,AIPW,1.14446320556628,0.0434322443933765,1.05933600655526,1.2295904045773
1145,Tlearner,0.931406493850043,0.0649551714457041,0.804096697206838,1.05871629049325
1145,Rlearner,1.01694979359106,0.0638723755865141,0.891762237834477,1.14213734934764
1145,intercept,1.16232766403908,0.0821046091706457,1.00140263006461,1.32325269801354
1145,AIPW,0.915614835578145,0.0480763348763651,0.821385219220469,1.00984445193582
1146,Tlearner,1.01348594327311,0.0566733873632262,0.902408145159299,1.12456374138692
1146,Rlearner,1.08511325784312,0.0564315757051477,0.97450940187019,1.19571711381606
1146,intercept,1.21992479422698,0.0700748370902481,1.08257811353009,1.35727147492386
1146,AIPW,1.10282851963814,0.0459697121977662,1.01272788373052,1.19292915554577
1147,Tlearner,0.905181441957004,0.0582121395938521,0.791087744890036,1.01927513902397
1147,Rlearner,0.934718253752313,0.0561744841303784,0.824618288006654,1.04481821949797
1147,intercept,1.07520215600886,0.0774790234492814,0.923343270048269,1.22706104196945
1147,AIPW,0.772145188319684,0.164295344328023,0.450126313436759,1.09416406320261
1148,Tlearner,1.02279764328965,0.0621267170356957,0.901031515421977,1.14456377115733
1148,Rlearner,1.10135298765156,0.0588403518394886,0.986028017208501,1.21667795809463
1148,intercept,1.22655266223771,0.0803710630935122,1.06902537857443,1.38407994590099
1148,AIPW,1.11374627850558,0.0467215022992946,1.02217213399896,1.20532042301219
1149,Tlearner,1.06680038050416,0.0634084039715569,0.94252219240274,1.19107856860558
1149,Rlearner,1.1376825833177,0.0615359630789172,1.01707431192904,1.25829085470636
1149,intercept,1.26372805268379,0.0820107319347036,1.10298701809178,1.42446908727581
1149,AIPW,1.10629867649735,0.0461419915149863,1.01586037312798,1.19673697986672
1150,Tlearner,1.06680715076506,0.0714964277993614,0.926676727255041,1.20693757427507
1150,Rlearner,1.09984220232567,0.0595540667420862,0.983118376378284,1.21656602827305
1150,intercept,1.17313062372519,0.0820545065583513,1.01230379087082,1.33395745657955
1150,AIPW,1.04343906958185,0.0870169271119366,0.872885892442457,1.21399224672125
1151,Tlearner,1.09545739021716,0.0621451312883343,0.973655171077507,1.2172596093568
1151,Rlearner,1.06248241052087,0.0619662712836262,0.941030750548728,1.18393407049302
1151,intercept,1.27928644378855,0.086138711909125,1.11045456844666,1.44811831913043
1151,AIPW,1.15352929403789,0.0529780097214583,1.04969239498383,1.25736619309195
1152,Tlearner,1.11887006972662,0.0618236897687677,0.997697864388458,1.24004227506478
1152,Rlearner,1.13116151153487,0.0587934458754808,1.01592847509192,1.24639454797781
1152,intercept,1.15341451155909,0.0727479244799453,1.01082857957839,1.29600044353978
1152,AIPW,1.16331473482228,0.0519135714029828,1.06156413487244,1.26506533477213
1153,Tlearner,1.10246275162499,0.058027638983351,0.988730669109729,1.21619483414025
1153,Rlearner,1.14214150002399,0.0579979997693336,1.02846750930074,1.25581549074725
1153,intercept,1.3348543552445,0.0755484437016141,1.18677940558934,1.48292930489966
1153,AIPW,1.17148353520954,0.0644170365085126,1.04522614365285,1.29774092676622
1154,Tlearner,1.02835850893556,0.0580084457037169,0.914664044557123,1.14205297331399
1154,Rlearner,0.993555366648935,0.0574351072861892,0.88098462491981,1.10612610837806
1154,intercept,1.11025662246032,0.0771894429413622,0.958965314295254,1.26154793062539
1154,AIPW,1.00742533217603,0.0484064890203192,0.912548613696203,1.10230205065585
1155,Tlearner,1.00104359951427,0.0628778428285961,0.87780529214465,1.12428190688389
1155,Rlearner,1.03211650868284,0.0591459659712806,0.916192545548298,1.14804047181738
1155,intercept,1.08075028774305,0.0760191376248722,0.931752777998302,1.2297477974878
1155,AIPW,1.01963453231524,0.0846252672221498,0.853769008559831,1.18550005607066
1156,Tlearner,1.02004870285667,0.061478482903255,0.899553090542126,1.14054431517121
1156,Rlearner,1.02235506424972,0.0576298383649939,0.909402656619465,1.13530747187997
1156,intercept,1.09220884571652,0.0789465071395947,0.93747369172291,1.24694399971012
1156,AIPW,1.05793215303877,0.0585492162918952,0.943175689106658,1.17268861697089
1157,Tlearner,1.07742522103305,0.0615874541481536,0.956716029003157,1.19813441306294
1157,Rlearner,1.08110668256945,0.060979715363889,0.961588636668727,1.20062472847018
1157,intercept,1.22472207893447,0.0906970334334499,1.04695589340491,1.40248826446403
1157,AIPW,1.06179950399964,0.101921530761663,0.862033303706783,1.2615657042925
1158,Tlearner,0.935213891052379,0.0587282494077743,0.820108637338056,1.0503191447667
1158,Rlearner,0.909655669147173,0.060791476512454,0.79050656461575,1.0288047736786
1158,intercept,1.03051026632184,0.0816380754695561,0.870499638401505,1.19052089424217
1158,AIPW,0.942397274592758,0.0462359109447283,0.851774889141091,1.03301966004443
1159,Tlearner,1.00579569081522,0.0615731679183253,0.885114499281261,1.12647688234917
1159,Rlearner,0.987371337884897,0.0559302234047746,0.87775011436426,1.09699256140553
1159,intercept,1.18161066674994,0.0771217525221123,1.0304520318066,1.33276930169328
1159,AIPW,0.997623777578282,0.0432662129898887,0.9128220001181,1.08242555503846
1160,Tlearner,0.936911077102058,0.0635275884140651,0.812399291785807,1.06142286241831
1160,Rlearner,0.960111980306702,0.0587215608174413,0.845019835988539,1.07520412462487
1160,intercept,1.08909344485156,0.0790841001190218,0.934088608618278,1.24409828108484
1160,AIPW,0.96874568129117,0.055116982268797,0.860716396044328,1.07677496653801
1161,Tlearner,1.01062146665146,0.0605034994404948,0.892036786809452,1.12920614649347
1161,Rlearner,1.06230962964808,0.0563672113552115,0.951831925482905,1.17278733381325
1161,intercept,1.17378086999006,0.0722305998889953,1.03220889420763,1.31535284577249
1161,AIPW,1.05578838690823,0.0425149143104111,0.972459154859828,1.13911761895664
1162,Tlearner,0.994568145251645,0.0687707197937561,0.859780011264987,1.1293562792383
1162,Rlearner,1.0039795745934,0.0671392406819268,0.872389080907453,1.13557006827934
1162,intercept,1.2633160200371,0.0951890129478687,1.07674555465928,1.44988648541492
1162,AIPW,1.02842406339997,0.0626620381143322,0.905606468695881,1.15124165810406
1163,Tlearner,1.03464926513837,0.0649025876577071,0.907442530825815,1.16185599945093
1163,Rlearner,1.10408299941731,0.058871775698719,0.9886964393419,1.21946955949272
1163,intercept,1.20451681401898,0.0779797631062895,1.05167647833065,1.35735714970731
1163,AIPW,1.06522771177442,0.0487608209045851,0.969656502801436,1.16079892074741
1164,Tlearner,1.08942747882084,0.062353504731215,0.967216855237816,1.21163810240387
1164,Rlearner,1.07711751622065,0.0594585945534536,0.960580812324508,1.19365422011678
1164,intercept,1.27535409176777,0.0768885700581929,1.12465249445371,1.42605568908182
1164,AIPW,1.11475426913326,0.0506389630528862,1.0155019015496,1.21400663671691
1165,Tlearner,1.09158217582297,0.0569177431831603,0.980025449102675,1.20313890254326
1165,Rlearner,1.0909043923463,0.055219741793701,0.98267568719504,1.19913309749755
1165,intercept,1.2544548826819,0.0784302542843769,1.10073158428452,1.40817818107928
1165,AIPW,1.14090800697843,0.0570786474411404,1.02903385799379,1.25278215596306
1166,Tlearner,1.01835035991572,0.0640216259395829,0.892870278842439,1.14383044098899
1166,Rlearner,1.02431735006526,0.0626107810071759,0.901602474247273,1.14703222588325
1166,intercept,1.05197717391601,0.0824100208056393,0.890453533136958,1.21350081469506
1166,AIPW,1.06248437094971,0.0617432180519591,0.941467663567868,1.18350107833155
1167,Tlearner,1.01463102815209,0.0576158747698459,0.90170598866542,1.12755606763876
1167,Rlearner,1.06774060293472,0.0542301616971658,0.961451439132493,1.17402976673695
1167,intercept,1.16458035766328,0.0858636756387538,0.996287553411323,1.33287316191524
1167,AIPW,0.991446257023749,0.0472659888638488,0.898804918850606,1.08408759519689
1168,Tlearner,1.07152447409581,0.0601770953013185,0.953579534610991,1.18946941358063
1168,Rlearner,1.12808767688143,0.0610355946872788,1.00846010951938,1.24771524424348
1168,intercept,1.30124062767888,0.0780492995672766,1.14826400052702,1.45421725483074
1168,AIPW,1.15767111592721,0.0611241276710664,1.03786782569192,1.2774744061625
1169,Tlearner,1.06408480851053,0.0601856759355296,0.94612305129169,1.18204656572936
1169,Rlearner,1.06623754389614,0.0558453787413412,0.956782612860112,1.17569247493217
1169,intercept,1.0614840159943,0.0755652881195966,0.913376051279888,1.20959198070871
1169,AIPW,1.08311136883276,0.0495679703273066,0.985958146991243,1.18026459067429
1170,Tlearner,0.975110080966513,0.0601835750010312,0.857152441503626,1.0930677204294
1170,Rlearner,0.990893965224629,0.057502553622852,0.878191031104756,1.1035968993445
1170,intercept,1.04695934129065,0.0750067986777074,0.899946015882348,1.19397266669896
1170,AIPW,0.971054499397025,0.053284817516636,0.866616257064418,1.07549274172963
1172,Tlearner,1.01264197922163,0.0586608204502706,0.897668883835533,1.12761507460773
1172,Rlearner,1.03127926740235,0.0565367477285142,0.920469278051437,1.14208925675327
1172,intercept,1.23211364802607,0.078910377488194,1.07744930814921,1.38677798790293
1172,AIPW,1.02047393416726,0.0481800274785651,0.92604108030927,1.11490678802525
1173,Tlearner,1.03948359625127,0.060465419291515,0.920973552129784,1.15799364037275
1173,Rlearner,1.09053053448373,0.0588695287940377,0.975148378260573,1.20591269070689
1173,intercept,1.29091150776552,0.0777352658767228,1.13855038664715,1.4432726288839
1173,AIPW,1.05085868046981,0.0495457322786273,0.953749045203696,1.14796831573592
1174,Tlearner,1.10871818531855,0.0587039654719156,0.99366052724391,1.22377584339319
1174,Rlearner,1.08723287343811,0.0584418738426433,0.972688905517496,1.20177684135872
1174,intercept,1.28106748044222,0.0720921778922092,1.13976681177349,1.42236814911095
1174,AIPW,1.09879032779467,0.0388613857931872,1.02262201164002,1.17495864394932
1175,Tlearner,1.00325488641749,0.0622205808021396,0.881304788948136,1.12520498388685
1175,Rlearner,0.996101694233902,0.0624287143080133,0.873743662589055,1.11845972587875
1175,intercept,1.11779421046277,0.0813150634964825,0.958416686009666,1.27717173491588
1175,AIPW,1.01012773287836,0.0493423392997306,0.913416747850884,1.10683871790583
1176,Tlearner,1.00788634455667,0.0632524826757031,0.883913756579546,1.13185893253379
1176,Rlearner,1.04706843496529,0.0586315622518421,0.93215268459436,1.16198418533622
1176,intercept,1.22666569359864,0.0751669074603134,1.07933855497642,1.37399283222085
1176,AIPW,0.926295762967756,0.0991053170194148,0.732049341609703,1.12054218432581
1177,Tlearner,1.00365994455348,0.0609407370916345,0.884218294662551,1.12310159444441
1177,Rlearner,1.0294032984775,0.0628541870939291,0.906211355495858,1.15259524145914
1177,intercept,1.08257740655364,0.0813584425511278,0.923114859153426,1.24203995395385
1177,AIPW,1.05578941808357,0.0519281770811632,0.954010191004487,1.15756864516265
1178,Tlearner,1.11034964358748,0.0624653071992633,0.987919891193697,1.23277939598127
1178,Rlearner,1.17261792363,0.058043787414814,1.05885419077067,1.28638165648934
1178,intercept,1.36090330287411,0.0793378085746767,1.20540119806774,1.51640540768048
1178,AIPW,1.1654735378215,0.0530066727065483,1.06158045931667,1.26936661632634
1179,Tlearner,1.08119905385856,0.0618543965432326,0.959966664348367,1.20243144336876
1179,Rlearner,1.16192027169864,0.0577851779515632,1.04866340407333,1.27517713932394
1179,intercept,1.24519418918284,0.0752768946365066,1.09765147569528,1.39273690267039
1179,AIPW,1.02435576157875,0.0960088188907811,0.836178476552814,1.21253304660468
1180,Tlearner,0.978374317282068,0.0617983105686701,0.857251854262053,1.09949678030208
1180,Rlearner,1.0258059591555,0.0584527996645857,0.911240577017379,1.14037134129362
1180,intercept,1.22025148147405,0.079799360416178,1.06384473505834,1.37665822788976
1180,AIPW,1.0518562809301,0.0560674741355313,0.941964031624454,1.16174853023574
1181,Tlearner,0.994297172014024,0.0613159484377819,0.874120121398056,1.11447422262999
1181,Rlearner,0.984939934507284,0.0636494671290082,0.860189271299262,1.10969059771531
1181,intercept,1.16826396880423,0.0855519770241232,1.00058209383695,1.33594584377152
1181,AIPW,1.01406730930856,0.0616971006108229,0.893140992111348,1.13499362650577
1182,Tlearner,0.893803262025563,0.0664633964899179,0.763537398615119,1.02406912543601
1182,Rlearner,0.902454929572462,0.0615716992716908,0.781776616533017,1.02313324261191
1182,intercept,1.14153895577185,0.08355129897094,0.977778409788811,1.3052995017549
1182,AIPW,0.932053243883416,0.0504543988738309,0.833162622090708,1.03094386567612
1183,Tlearner,0.920729691253765,0.0601751549126502,0.802788554860852,1.03867082764668
1183,Rlearner,0.985147666714901,0.0580191503281675,0.871432221658077,1.09886311177172
1183,intercept,1.08760783506383,0.0791996939058471,0.932376435008367,1.24283923511929
1183,AIPW,0.993430163497452,0.0470863269105883,0.901140962752699,1.0857193642422
1184,Tlearner,1.06604500336942,0.0587899708847254,0.950818777783204,1.18127122895564
1184,Rlearner,1.08657332275046,0.0558152908033358,0.977177362989297,1.19596928251163
1184,intercept,1.22173939398766,0.0746484758638793,1.07542838129446,1.36805040668086
1184,AIPW,1.06053448408431,0.0536570560433156,0.955366654239407,1.1657023139292
1185,Tlearner,0.939786122281558,0.0599262104531502,0.822332908063416,1.0572393364997
1185,Rlearner,1.00742969230664,0.0568501361631708,0.896005472910622,1.11885391170265
1185,intercept,1.20274735890904,0.0769555796716437,1.05191442275262,1.35358029506546
1185,AIPW,1.0389738682767,0.0484905574174285,0.943932375738536,1.13401536081486
1186,Tlearner,1.01205326278599,0.060290893711934,0.893885282514869,1.13022124305712
1186,Rlearner,0.992620145242041,0.0588459135182247,0.877284274108962,1.10795601637512
1186,intercept,1.13695561582436,0.0782519684186808,0.983581757723745,1.29032947392497
1186,AIPW,1.03672600220857,0.047869834001257,0.942901127566104,1.13055087685103
1188,Tlearner,1.03902846553494,0.0594133523727757,0.922580434683508,1.15547649638636
1188,Rlearner,1.11089429533112,0.0587150382609777,0.995814934988716,1.22597365567353
1188,intercept,1.28353516855179,0.0752674562968083,1.13601095421005,1.43105938289353
1188,AIPW,1.12115902568581,0.0482613946824117,1.02656669210828,1.21575135926333
1189,Tlearner,1.00253424094968,0.0629264504502169,0.879200664392314,1.12586781750705
1189,Rlearner,1.03536333921089,0.0593024133919558,0.919132744766348,1.15159393365543
1189,intercept,1.20482002418208,0.0791565571206193,1.04967317222567,1.3599668761385
1189,AIPW,1.02030281155951,0.0471893182681118,0.927811747754016,1.11279387536501
1190,Tlearner,0.968533945784726,0.061121837193075,0.848737346217378,1.08833054535207
1190,Rlearner,0.957464528376914,0.0531637154527398,0.853265560805208,1.06166349594862
1190,intercept,1.14237763106621,0.0690437072793017,1.00705196479878,1.27770329733364
1190,AIPW,1.00344186657341,0.055764598404723,0.894143253700155,1.11274047944667
1191,Tlearner,0.994897475265194,0.067683357918898,0.86224053139142,1.12755441913897
1191,Rlearner,0.969175905967929,0.0617261438337862,0.848194887149169,1.09015692478669
1191,intercept,1.2170864856576,0.0762779567419897,1.0675816904433,1.3665912808719
1191,AIPW,0.955576170615771,0.0714086463325502,0.815615223803973,1.09553711742757
1192,Tlearner,0.974977489356851,0.061556784830406,0.854328408085174,1.09562657062853
1192,Rlearner,0.991666578202242,0.0642436283852152,0.865751380331046,1.11758177607344
1192,intercept,1.07585767754325,0.0830569046790207,0.913066144372366,1.23864921071413
1192,AIPW,0.989335056808823,0.0602630542642652,0.871219470450864,1.10745064316678
1193,Tlearner,1.01010903232082,0.0663714827842323,0.880023316463204,1.14019474817844
1193,Rlearner,0.955297487655731,0.0608714340753286,0.835991669180782,1.07460330613068
1193,intercept,1.19431775389495,0.0832271719181961,1.03119249693529,1.35744301085462
1193,AIPW,1.0079375524908,0.0465731456791327,0.916654186959704,1.0992209180219
1194,Tlearner,1.04063842829777,0.0608051350577684,0.921462553509447,1.15981430308609
1194,Rlearner,1.12271821035865,0.057148342230823,1.01070951781007,1.23472690290724
1194,intercept,1.2665160055074,0.0661650298766324,1.1368325469492,1.3961994640656
1194,AIPW,1.1368518149081,0.0434944290520535,1.05160273396607,1.22210089585012
1195,Tlearner,1.04540238703727,0.0628806549561009,0.922158567999027,1.16864620607552
1195,Rlearner,1.00911246463009,0.0618020155208764,0.887982740037185,1.13024218922299
1195,intercept,1.29815429103459,0.083090144925185,1.13529760698123,1.46101097508796
1195,AIPW,1.09861015736483,0.0620448995832849,0.977002154181591,1.22021816054807
1197,Tlearner,1.050836621418,0.0683047787735068,0.91696171504995,1.18471152778605
1197,Rlearner,1.10267694332694,0.0614160286288768,0.982303739140864,1.22305014751302
1197,intercept,1.3575388425116,0.0882639164797344,1.18454156621132,1.53053611881188
1197,AIPW,1.12103103768765,0.0515751764845137,1.019943691778,1.2221183835973
1198,Tlearner,1.03094977678891,0.064850904864569,0.903844338889524,1.1580552146883
1198,Rlearner,1.05198025986339,0.0628057285757801,0.928883293832061,1.17507722589472
1198,intercept,1.14347276099102,0.0801117706537858,0.986453690509604,1.30049183147244
1198,AIPW,1.0918263957476,0.0528374477235165,0.988264998209503,1.19538779328569
1199,Tlearner,0.943089527431839,0.0631929065069769,0.819233706599758,1.06694534826392
1199,Rlearner,0.985068143521522,0.0594971210994966,0.86845592898269,1.10168035806035
1199,intercept,1.14836970801006,0.0834694886241347,0.984769510306754,1.31196990571336
1199,AIPW,0.995191369970235,0.0521827492402627,0.89291318145932,1.09746955848115
1200,Tlearner,1.09460627852273,0.0607088358855598,0.975619146643682,1.21359341040178
1200,Rlearner,1.11500211374398,0.0560255008136456,1.00519414993341,1.22481007755454
1200,intercept,1.27872386293961,0.0681057954793083,1.14523650380016,1.41221122207905
1200,AIPW,1.10634376484778,0.0514168689578052,1.00556670169048,1.20712082800508
1201,Tlearner,1.03469059376591,0.059751984450074,0.917578856238963,1.15180233129285
1201,Rlearner,1.07302566592606,0.0568167306231416,0.96166692018539,1.18438441166673
1201,intercept,1.26780960283173,0.0775708798301623,1.11577067836461,1.41984852729885
1201,AIPW,1.08197092021178,0.0433283890177499,0.997047277736989,1.16689456268657
1202,Tlearner,1.04344478471669,0.0649234440881934,0.91619717255153,1.17069239688185
1202,Rlearner,1.0521416418648,0.0627142137200287,0.929224041654796,1.1750592420748
1202,intercept,1.15659708301789,0.0811013459731939,0.997638444910427,1.31555572112535
1202,AIPW,0.9933109416198,0.0605956991901049,0.874543371207195,1.11207851203241
1203,Tlearner,1.01537543460638,0.0619017180325479,0.894050296681432,1.13670057253133
1203,Rlearner,1.03259142353375,0.0617562313050272,0.911551434354977,1.15363141271253
1203,intercept,1.13480516252858,0.0818142270521601,0.974449277506345,1.29516104755081
1203,AIPW,1.03543328184565,0.0622334491577269,0.913455721496508,1.1574108421948
1204,Tlearner,0.890003336491209,0.0624229833436099,0.76765653733019,1.01235013565223
1204,Rlearner,0.910934095796075,0.0631253196850205,0.787210742700858,1.03465744889129
1204,intercept,1.12663817297893,0.0767170601492111,0.976272735086477,1.27700361087139
1204,AIPW,0.947051802594943,0.0505771704380669,0.847920548536332,1.04618305665355
1205,Tlearner,0.83440267968829,0.0634726196094205,0.709998631249415,0.958806728127164
1205,Rlearner,0.840942946581069,0.0614758469584112,0.720452500623487,0.961433392538651
1205,intercept,1.09528312706379,0.080521055224506,0.937461858823762,1.25310439530383
1205,AIPW,0.684772543465334,0.146281080042185,0.398061626582651,0.971483460348016
1206,Tlearner,0.96469154633429,0.0618301324861792,0.843506713502039,1.08587637916654
1206,Rlearner,0.941470316780509,0.0608870640627356,0.822133864093164,1.06080676946785
1206,intercept,1.2194699064258,0.0762037755284666,1.07011050639,1.36882930646159
1206,AIPW,0.976253114676152,0.048453589187336,0.881284079868974,1.07122214948333
1207,Tlearner,0.872783836168844,0.0667477388266773,0.741960672019071,1.00360700031862
1207,Rlearner,0.884957068343746,0.0622546598762738,0.762940177116458,1.00697395957103
1207,intercept,1.01189145322089,0.0829062998711529,0.849395105473427,1.17438780096835
1207,AIPW,0.915305193950694,0.0584543193892252,0.800734727947813,1.02987565995358
1208,Tlearner,1.08849465985412,0.0656886879541204,0.959747197272359,1.21724212243589
1208,Rlearner,1.13026489791342,0.0595752380954687,1.0134995768759,1.24703021895093
1208,intercept,1.22802917114295,0.0797356042142845,1.07174738688296,1.38431095540295
1208,AIPW,1.10141017399564,0.0478840094855413,1.00755751540398,1.1952628325873
1209,Tlearner,0.985320933550033,0.0594771475501837,0.868747866448498,1.10189400065157
1209,Rlearner,1.03377959445927,0.0611739093308601,0.913880935377261,1.15367825354127
1209,intercept,1.06552185622342,0.0779651273414479,0.912710206634181,1.21833350581266
1209,AIPW,1.04351472283229,0.0567082588321878,0.932366535521207,1.15466291014338
1210,Tlearner,1.05276866509919,0.0612100635817103,0.932799144987629,1.17273818521075
1210,Rlearner,1.07157804463666,0.0607076367425242,0.952593263034776,1.19056282623855
1210,intercept,1.28112591582367,0.083939700968307,1.11660410192578,1.44564772972155
1210,AIPW,1.1196511766326,0.0541373953829183,1.01354188168208,1.22576047158312
1212,Tlearner,1.03265684757813,0.0627899705510841,0.909590766707673,1.15572292844858
1212,Rlearner,1.01672084950213,0.0593776073265646,0.900342877653904,1.13309882135036
1212,intercept,1.14279717091682,0.0813718524834621,0.983308340049233,1.3022860017844
1212,AIPW,1.03977191708839,0.0527092079357253,0.93646186953437,1.14308196464241
1214,Tlearner,1.01473047361388,0.0582556103988515,0.900551575334733,1.12890937189302
1214,Rlearner,1.01769548074007,0.0593055138875065,0.901458809435917,1.13393215204422
1214,intercept,1.1684591826985,0.0812385671500346,1.00923159108443,1.32768677431257
1214,AIPW,0.966032508561471,0.071333618579022,0.826218616146588,1.10584640097635
1215,Tlearner,0.940590391138083,0.0665230015680152,0.810207703921272,1.07097307835489
1215,Rlearner,0.99246761611058,0.066554706228612,0.862022788900857,1.1229124433203
1215,intercept,1.25120458024579,0.0923031892949434,1.0702903292277,1.43211883126388
1215,AIPW,0.962098980943473,0.0666426594479544,0.831479368425482,1.09271859346146
1216,Tlearner,0.997472653029851,0.0614564545340276,0.877020215525634,1.11792509053407
1216,Rlearner,1.06329401631314,0.0631348257604959,0.939552031652357,1.18703600097392
1216,intercept,1.20987378130041,0.0855767365564,1.04214337764987,1.37760418495095
1216,AIPW,1.12137995322477,0.0776262409669787,0.969232520929492,1.27352738552005
1217,Tlearner,0.986205500153187,0.0592137847818587,0.870148614592438,1.10226238571394
1217,Rlearner,1.0285544359134,0.0586026127325843,0.913695425557588,1.14341344626922
1217,intercept,1.17067663822229,0.0760606430063235,1.0215977779299,1.31975549851468
1217,AIPW,1.12521730366913,0.0696555128247139,0.988692498532694,1.26174210880557
1219,Tlearner,0.898486040116627,0.0633315929760121,0.774358398800094,1.02261368143316
1219,Rlearner,0.997865462603147,0.0583579949323543,0.883485894325762,1.11224503088053
1219,intercept,1.26388224255202,0.085341875283441,1.09661216699648,1.43115231810757
1219,AIPW,0.963659175009002,0.0491978774485021,0.867231335209938,1.06008701480807
1220,Tlearner,0.999399989054279,0.0613187431158436,0.879217460969962,1.1195825171386
1220,Rlearner,1.02533155105542,0.0588683685425496,0.909951668883391,1.14071143322745
1220,intercept,1.16706542133868,0.0740739025399406,1.0218805723604,1.31225027031697
1220,AIPW,1.03797274728643,0.0491546530336909,0.941629627340394,1.13431586723246
1221,Tlearner,1.11652679828561,0.0683760476959538,0.982512207396352,1.25054138917488
1221,Rlearner,1.10718945185895,0.0592782097460871,0.991006295688609,1.22337260802929
1221,intercept,1.36429484036459,0.0829494641440016,1.20171389064235,1.52687579008683
1221,AIPW,1.09780176323438,0.0453017182185694,1.00901039552598,1.18659313094277
1222,Tlearner,1.0650702671557,0.0616930577579523,0.944154095853965,1.18598643845744
1222,Rlearner,1.07948484200542,0.0574677275815722,0.96685016567218,1.19211951833866
1222,intercept,1.18509128735665,0.0743631021821678,1.0393396070796,1.3308429676337
1222,AIPW,1.0481305405093,0.0504142832387441,0.949318545361362,1.14694253565724
1223,Tlearner,0.959450690953352,0.0610918469907829,0.839712871102386,1.07918851080432
1223,Rlearner,0.958386069607522,0.0624177167352483,0.836049592809212,1.08072254640583
1223,intercept,1.02825628764483,0.0825124212646613,0.866531941966091,1.18998063332356
1223,AIPW,1.02109649653434,0.0584103521712945,0.906612206278601,1.13558078679008
1224,Tlearner,0.900897778209578,0.0633810873544999,0.776673129693771,1.02512242672538
1224,Rlearner,0.927987267624338,0.0574402178289165,0.815406509415527,1.04056802583315
1224,intercept,1.16316864984938,0.0883835103913079,0.989936969482413,1.33640033021634
1224,AIPW,0.946832531043694,0.0495422851357888,0.849729652177548,1.04393540990984
1225,Tlearner,0.98847337764897,0.0612406844180941,0.868443841800922,1.10850291349702
1225,Rlearner,0.958637607297944,0.058859527539022,0.843275053174418,1.07400016142147
1225,intercept,1.13909135805315,0.0762305171412363,0.989679544456326,1.28850317164997
1225,AIPW,0.949441495972217,0.0538722203393466,0.843851944107098,1.05503104783734
1226,Tlearner,1.07370263657185,0.0639734266622506,0.948317024346228,1.19908824879748
1226,Rlearner,1.07268550331291,0.061355416063145,0.952431097572678,1.19293990905315
1226,intercept,1.16844589462379,0.0804376276618896,1.01078814440649,1.3261036448411
1226,AIPW,1.07382064074757,0.0608228057376518,0.954607941501769,1.19303333999336
1229,Tlearner,1.07804297449075,0.0602953376316032,0.959866284297123,1.19621966468437
1229,Rlearner,1.076922370886,0.060613055713993,0.958122964693653,1.19572177707835
1229,intercept,1.2928819067837,0.0849466559149297,1.12638646119044,1.45937735237696
1229,AIPW,1.07377755454028,0.0520181922225306,0.971821897784116,1.17573321129644
1230,Tlearner,0.871793782657472,0.061477296786099,0.751300495089838,0.992287070225106
1230,Rlearner,0.910002082736622,0.0634416780808879,0.785658678579297,1.03434548689395
1230,intercept,1.09929481148212,0.0919047564812683,0.919161488778837,1.27942813418541
1230,AIPW,1.02269483408857,0.111176276961079,0.804789331244854,1.24060033693228
1231,Tlearner,1.09074609310365,0.0578226549200594,0.977415771969845,1.20407641423745
1231,Rlearner,1.1350284768173,0.0568948061342265,1.02351670588683,1.24654024774778
1231,intercept,1.32144217312645,0.0762446712939213,1.17200261739037,1.47088172886254
1231,AIPW,1.1389766655813,0.0491418548001737,1.04265863017296,1.23529470098964
1232,Tlearner,1.01970015621346,0.0637844246387346,0.894684981146929,1.14471533127999
1232,Rlearner,1.03483460449024,0.0628657582046235,0.911619982548379,1.15804922643211
1232,intercept,1.11467947059071,0.0893234408880116,0.939605526450207,1.28975341473121
1232,AIPW,0.9542797123869,0.0849330144156453,0.787811004132235,1.12074842064156
1233,Tlearner,1.00486698617367,0.0637048784184836,0.880007718833935,1.1297262535134
1233,Rlearner,1.00739885555483,0.0561992779498547,0.897250294815954,1.1175474162937
1233,intercept,1.22411506499602,0.0732908210945811,1.08046505565064,1.3677650743414
1233,AIPW,0.958581302009211,0.0498075813476122,0.860958442567891,1.05620416145053
1234,Tlearner,1.08191041403442,0.0574799479814773,0.969251786157485,1.19456904191135
1234,Rlearner,1.07762638338699,0.057134065606695,0.965645672507517,1.18960709426646
1234,intercept,1.25730247991212,0.0799754200456919,1.10055065662256,1.41405430320167
1234,AIPW,1.09878002849552,0.0449311481496732,1.01071497812216,1.18684507886888
1235,Tlearner,1.07112066814877,0.0615608544657962,0.950463610538293,1.19177772575924
1235,Rlearner,1.11929217325157,0.0609342976342379,0.999863144465221,1.23872120203792
1235,intercept,1.3322514831549,0.0813822477481351,1.17274227756855,1.49176068874124
1235,AIPW,1.10285515648046,0.0499859852667018,1.00488262535772,1.2008276876032
1236,Tlearner,0.933141649112903,0.0692459041738132,0.797422170855317,1.06886112737049
1236,Rlearner,0.929090971963318,0.060452281235491,0.81060667795847,1.04757526596817
1236,intercept,1.22782617468487,0.0841444261095875,1.06290309951008,1.39274924985967
1236,AIPW,0.914369979724426,0.0534197150445362,0.809667338237135,1.01907262121172
1237,Tlearner,1.0954622030329,0.0621815476153903,0.973588609203771,1.21733579686203
1237,Rlearner,1.09476922698756,0.0572684080222209,0.982525209812058,1.20701324416305
1237,intercept,1.3328851047013,0.0812520052362197,1.17363117443831,1.49213903496429
1237,AIPW,1.11741117856103,0.0462981270975595,1.02666684944981,1.20815550767225
1238,Tlearner,1.04545721024871,0.0577096667630389,0.932348341833351,1.15856607866408
1238,Rlearner,1.07482310725255,0.0592508212274419,0.958693631592338,1.19095258291275
1238,intercept,1.17236828247455,0.0787173029237652,1.01808236874397,1.32665419620513
1238,AIPW,1.10199152906015,0.0458319189153564,1.01216096798605,1.19182209013424
1239,Tlearner,0.964609744136845,0.0631723800856655,0.840794154351265,1.08842533392242
1239,Rlearner,1.04526494924622,0.0598273845857378,0.928005430168951,1.1625244683235
1239,intercept,1.1646064267221,0.0783074963571117,1.01112373386216,1.31808911958204
1239,AIPW,1.10181372804112,0.0528990374942592,0.998131614552369,1.20549584152987
1240,Tlearner,0.938752368082451,0.0573504250785248,0.82634760043048,1.05115713573442
1240,Rlearner,0.980711270083547,0.0565029684920297,0.869967486819568,1.09145505334753
1240,intercept,1.08790029491512,0.0721217410181959,0.946541682519461,1.22925890731079
1240,AIPW,0.909854767216262,0.0753993786968873,0.762071984970363,1.05763754946216
1241,Tlearner,1.03916245708299,0.0631571439671836,0.915376729540897,1.16294818462508
1241,Rlearner,0.998589772259734,0.0625397529517788,0.876014108872215,1.12116543564725
1241,intercept,1.14799747063993,0.0839798032260615,0.983397056316854,1.31259788496302
1241,AIPW,0.987108911534635,0.0547360033657589,0.879826344937747,1.09439147813152
1242,Tlearner,1.04415195382156,0.0641538617801164,0.918412695263372,1.16989121237975
1242,Rlearner,1.0633987821719,0.0615781369460851,0.9427078515225,1.1840897128213
1242,intercept,1.30344424242022,0.0844274213483704,1.13796649657741,1.46892198826302
1242,AIPW,1.06398290981074,0.0487806329327534,0.968372869262541,1.15959295035893
1243,Tlearner,0.959257629590424,0.0631544972621308,0.835477089494915,1.08303816968593
1243,Rlearner,0.934014989325127,0.0596327616823626,0.817136924129037,1.05089305452122
1243,intercept,1.07091449734363,0.0849588398859126,0.904395171167241,1.23743382352002
1243,AIPW,0.902349102034389,0.0537071424895837,0.797083102754805,1.00761510131397
1244,Tlearner,0.965945215109089,0.0575503554187178,0.853148591190923,1.07874183902726
1244,Rlearner,0.963605290201282,0.0569069767421302,0.852069665317648,1.07514091508492
1244,intercept,1.09847135150952,0.0722276392027744,0.956905178672086,1.24003752434696
1244,AIPW,0.977383124748582,0.0471857496393452,0.884899055455465,1.0698671940417
1245,Tlearner,0.949569200979227,0.0587153505838919,0.834489228495156,1.0646491734633
1245,Rlearner,0.952526425720861,0.0569091017848324,0.840986635830065,1.06406621561166
1245,intercept,1.20967885345709,0.0728468023297208,1.06689912089084,1.35245858602334
1245,AIPW,0.966717868739884,0.0477476595775795,0.873132455967828,1.06030328151194
1246,Tlearner,1.06999009110723,0.0619056727579656,0.948657202062891,1.19132298015156
1246,Rlearner,1.01288231807775,0.061525003247833,0.892295527563284,1.13346910859221
1246,intercept,1.20367277857709,0.091344752500305,1.02463706367649,1.38270849347769
1246,AIPW,1.00367739247994,0.0516953384581854,0.902354529101901,1.10500025585799
1247,Tlearner,1.1121052179236,0.0615793533545011,0.991411903157517,1.23279853268969
1247,Rlearner,1.05524744676152,0.0614747738240006,0.934759104108729,1.1757357894143
1247,intercept,1.18997753981782,0.0855033648156892,1.02239094477907,1.35756413485657
1247,AIPW,1.10129555272934,0.0477911296493733,1.00762493861657,1.19496616684211
1248,Tlearner,1.04209372126361,0.0587737067989764,0.926899372699701,1.15728806982752
1248,Rlearner,1.10591501649679,0.0570758055799327,0.994048493171512,1.21778153982207
1248,intercept,1.29664208424894,0.0745726082383439,1.15047977210178,1.44280439639609
1248,AIPW,1.1090729311906,0.0447343219834713,1.021393660103,1.19675220227821
1249,Tlearner,1.04390698327071,0.0615579208433859,0.923255675454501,1.16455829108691
1249,Rlearner,1.04864144691585,0.0601347220056991,0.930779557564353,1.16650333626735
1249,intercept,1.2036519684943,0.0777687550075048,1.05122520867959,1.35607872830901
1249,AIPW,1.05788963343853,0.0505528809867461,0.958805986704506,1.15697328017255
1250,Tlearner,0.956482517975426,0.0648360814304051,0.829406133473126,1.08355890247773
1250,Rlearner,0.995595722596562,0.0624265374692015,0.873241957477387,1.11794948771574
1250,intercept,1.28388117633067,0.085017763052563,1.11724636074765,1.4505159919137
1250,AIPW,1.0178609110872,0.0493646055261261,0.921106284255991,1.11461553791841
1251,Tlearner,0.923940144142356,0.0606706144883784,0.80502792482522,1.04285236345949
1251,Rlearner,0.978301683964735,0.058389933841502,0.863859516575714,1.09274385135376
1251,intercept,1.0718056398905,0.0770651517133355,0.920757942532363,1.22285333724864
1251,AIPW,0.979306866075947,0.0439947067260502,0.893077240892888,1.065536491259
1252,Tlearner,0.937563440817723,0.0647866267561135,0.810583985695902,1.06454289593954
1252,Rlearner,0.913460106922461,0.0606142959506021,0.794658269911029,1.03226194393389
1252,intercept,1.04215956975503,0.0888040613369235,0.868103609534665,1.2162155299754
1252,AIPW,0.839912920735746,0.129829836219705,0.585446441745124,1.09437939972637
1253,Tlearner,1.02271088324993,0.0640972682460584,0.897082545980257,1.14833922051961
1253,Rlearner,1.00027662415922,0.0627621133813759,0.877265142338105,1.12328810598034
1253,intercept,1.20003388629795,0.0928857154545893,1.01797788400696,1.38208988858894
1253,AIPW,1.02329120601529,0.0670518322232244,0.89186961485777,1.15471279717281
1254,Tlearner,1.06999358910143,0.0577163597958193,0.956871602582866,1.18311557561999
1254,Rlearner,1.07969127084953,0.0551374527095995,0.971623849339432,1.18775869235962
1254,intercept,1.27271285525506,0.0714969633760126,1.13257880703807,1.41284690347204
1254,AIPW,1.11909009215194,0.0441039050860629,1.03264643818326,1.20553374612063
1255,Tlearner,0.920929079257785,0.05820047145505,0.806858251322635,1.03499990719293
1255,Rlearner,0.929295915373493,0.0566809069519118,0.81820337913668,1.04038845161031
1255,intercept,1.05623518126105,0.0751531342287489,0.908935038172699,1.20353532434939
1255,AIPW,0.961042486328775,0.0526707871274103,0.857807743559051,1.0642772290985
1256,Tlearner,0.970335228309763,0.0612054943543002,0.850374663719366,1.09029579290016
1256,Rlearner,1.0041476413429,0.0604650210574801,0.88563837774578,1.12265690494001
1256,intercept,1.1267498406724,0.0841591227655783,0.961797960051862,1.29170172129293
1256,AIPW,0.983586068396863,0.0459915152314424,0.893442698543235,1.07372943825049
1258,Tlearner,0.958005804900674,0.065144377703011,0.830325170807498,1.08568643899385
1258,Rlearner,0.927075869355707,0.0576459954836624,0.81409179435477,1.04005994435664
1258,intercept,1.10782981946852,0.0792177225430356,0.952563083284173,1.26309655565287
1258,AIPW,0.973200502888702,0.0455167579472254,0.883987657312141,1.06241334846526
1259,Tlearner,1.10275747511978,0.0622344684884847,0.980780158285359,1.2247347919542
1259,Rlearner,1.05392112015792,0.0622928524937072,0.931829372775989,1.17601286753985
1259,intercept,1.25199315388384,0.0886905512264743,1.07815967347995,1.42582663428773
1259,AIPW,1.0810217663321,0.0505859260059389,0.981873351360462,1.18017018130374
1260,Tlearner,0.950590575071566,0.0644637018933891,0.824244041050397,1.07693710909274
1260,Rlearner,0.970902124098893,0.0616062177597513,0.850156156066048,1.09164809213174
1260,intercept,1.22360720165194,0.079474814165091,1.06783656588836,1.37937783741552
1260,AIPW,0.970182233886427,0.0481453611433356,0.875817326045489,1.06454714172736
1261,Tlearner,0.983545056730924,0.0642620309411477,0.857593790512876,1.10949632294897
1261,Rlearner,0.946694603230114,0.0612438885131545,0.826658787471145,1.06673041898908
1261,intercept,1.02418497787206,0.0815863292823691,0.864275772478619,1.18409418326551
1261,AIPW,0.925736506856724,0.0485935756903257,0.830493098503686,1.02097991520976
1262,Tlearner,0.998310285374429,0.0607327861424754,0.879276211854404,1.11734435889445
1262,Rlearner,1.01084278165401,0.0603675884088898,0.892524482539043,1.12916108076897
1262,intercept,1.14171966415594,0.0752124097111604,0.994303341122065,1.28913598718981
1262,AIPW,1.0156399207583,0.0449288991868374,0.927579278352098,1.1037005631645
1263,Tlearner,0.925982048195396,0.062997152071629,0.802509899006411,1.04945419738438
1263,Rlearner,0.96862274302647,0.0602266791066992,0.850580621068888,1.08666486498405
1263,intercept,1.12122393409876,0.0765123733954409,0.971259682243695,1.27118818595382
1263,AIPW,1.06527236990854,0.0986480887178811,0.871922116021494,1.25862262379559
1264,Tlearner,1.13730912702051,0.066742040682127,1.00649713102884,1.26812112301219
1264,Rlearner,1.07241041416656,0.0566481180161988,0.961382143062832,1.18343868527028
1264,intercept,1.20718257603848,0.072269836694981,1.06553369611632,1.34883145596065
1264,AIPW,1.02982001293424,0.0535883527347396,0.92478684157415,1.13485318429433
1265,Tlearner,0.772640123160171,0.0941416305237041,0.588125917887834,0.957154328432507
1265,Rlearner,1.01432430225653,0.055488399328834,0.905569038012237,1.12307956650082
1265,intercept,1.18243169441508,0.066244374564371,1.05259272026892,1.31227066856125
1265,AIPW,0.984726123940547,0.0473604409982015,0.891899659584072,1.07755258829702
1266,Tlearner,1.00372721312976,0.0641869966680939,0.877923011384503,1.12953141487502
1266,Rlearner,1.04254432509363,0.0605168551155759,0.923933468609475,1.16115518157779
1266,intercept,1.26953828469344,0.0840914113681851,1.1047191184118,1.43435745097508
1266,AIPW,1.04855362639737,0.0527261875117893,0.945210298874261,1.15189695392048
1267,Tlearner,1.04191421098085,0.0656037217371087,0.913333279124332,1.17049514283737
1267,Rlearner,1.04907541252812,0.0590126556943002,0.933412732735232,1.16473809232101
1267,intercept,1.29366429242317,0.089407675979183,1.11842524750397,1.46890333734236
1267,AIPW,1.07303721379111,0.0496704988779874,0.975683035990256,1.17039139159197
1268,Tlearner,1.03877855814409,0.0643910045707174,0.912574508257134,1.16498260803105
1268,Rlearner,1.02975205814122,0.0605608474688971,0.911054978228955,1.14844913805348
1268,intercept,1.20535247734597,0.0876274985482326,1.03360258019143,1.3771023745005
1268,AIPW,0.995487487334188,0.0440453855256907,0.909158531703834,1.08181644296454
1269,Tlearner,1.03867255134005,0.063477153485802,0.914259616666758,1.16308548601334
1269,Rlearner,1.00582527891012,0.0607923905436701,0.886674382910431,1.1249761749098
1269,intercept,1.16202822780327,0.0823526622305389,1.00061700983141,1.32343944577513
1269,AIPW,0.989358173263893,0.0659269453641973,0.860141360350066,1.11857498617772
1270,Tlearner,1.88645294233672,0.429788338654287,1.04408327759901,2.72882260707442
1270,Rlearner,1.08469468234177,0.0590635119734898,0.968932326073281,1.20045703861026
1270,intercept,1.27283533307346,0.0744869671958307,1.12684087736963,1.41882978877729
1270,AIPW,1.06066500263852,0.0701386157545697,0.923193315759564,1.19813668951748
1271,Tlearner,0.966424832985281,0.0590542662775799,0.850680597947787,1.08216906802278
1271,Rlearner,0.950575638232374,0.0546707520229043,0.843422933259762,1.05772834320499
1271,intercept,1.08326962847784,0.0791488694682779,0.928137844320014,1.23840141263566
1271,AIPW,0.916077442333905,0.0550782267439375,0.808124117915788,1.02403076675202
1272,Tlearner,1.04359240784246,0.0597461421032225,0.926492121104936,1.16069269457999
1272,Rlearner,0.989514595098347,0.0572876963829907,0.87723277343042,1.10179641676627
1272,intercept,1.08515398944782,0.0708693748788006,0.946250014685375,1.22405796421027
1272,AIPW,0.987373418603416,0.0531620912316329,0.883175719789415,1.09157111741742
1273,Tlearner,0.945168906462324,0.0680967997702909,0.811701631450119,1.07863618147453
1273,Rlearner,1.03296138863073,0.0606305999972971,0.914127596274971,1.15179518098648
1273,intercept,1.1554676069315,0.0771016970888152,1.00434828063743,1.30658693322558
1273,AIPW,0.994468043770708,0.0525357086957432,0.891498054727051,1.09743803281436
1274,Tlearner,1.09960642936607,0.0601671386363565,0.981681004585987,1.21753185414616
1274,Rlearner,1.15442913774532,0.0568305463295584,1.04304331371765,1.26581496177299
1274,intercept,1.32583018326668,0.0726285757773555,1.18347817474306,1.4681821917903
1274,AIPW,0.916207247943906,0.289256146551387,0.349265200703188,1.48314929518462
1275,Tlearner,1.11823221605164,0.0642014232977572,0.992399738631821,1.24406469347145
1275,Rlearner,1.18557529556715,0.0602346878746062,1.06751747671291,1.30363311442139
1275,intercept,1.35789120477734,0.0760290577651007,1.20887425155774,1.50690815799694
1275,AIPW,1.26322090725916,0.0581600626168913,1.14922718453005,1.37721462998827
1276,Tlearner,1.10545962997667,0.0610500315716749,0.98580376684115,1.22511549311218
1276,Rlearner,1.0730572976481,0.059912946603049,0.955630080098453,1.19048451519775
1276,intercept,1.26003628763469,0.0882743994181251,1.08701846477516,1.43305411049421
1276,AIPW,1.10809577794709,0.0495686912891817,1.0109411430203,1.20525041287389
1277,Tlearner,1.02751735822574,0.0630604474804658,0.903921152315045,1.15111356413643
1277,Rlearner,1.06397060105168,0.0577428056714462,0.950796781569347,1.17714442053401
1277,intercept,1.14099993848388,0.0774281703276334,0.989240724641716,1.29275915232604
1277,AIPW,1.01957019582626,0.0475916011801495,0.926290657513166,1.11284973413935
1278,Tlearner,1.0011715507646,0.0612373115919582,0.881148625534305,1.1211944759949
1278,Rlearner,1.03048741393061,0.0606635295795722,0.911589080779571,1.14938574708165
1278,intercept,1.1672867109812,0.081540933937794,1.00746648046312,1.32710694149928
1278,AIPW,1.00606648319406,0.0503948012623112,0.907292672719935,1.10484029366819
1279,Tlearner,0.943293473138984,0.0603716829412482,0.824967148888067,1.0616197973899
1279,Rlearner,0.997858811785425,0.0604633075306634,0.879352906639155,1.11636471693169
1279,intercept,1.08059434892244,0.0819940242247831,0.919886061441869,1.24130263640302
1279,AIPW,0.986306328602833,0.0450173227726799,0.89807237596838,1.07454028123729
1280,Tlearner,0.953857837430536,0.0625837530274963,0.831195935479294,1.07651973938178
1280,Rlearner,0.946625291572507,0.0616180123332736,0.825856206600346,1.06739437654467
1280,intercept,1.0528479902291,0.080166769891421,0.895721121241916,1.20997485921629
1280,AIPW,0.959495891159454,0.0506973970341553,0.86012899297251,1.0588627893464
1281,Tlearner,1.0650237943764,0.0607896795379341,0.94587821185032,1.18416937690248
1281,Rlearner,1.04496488143244,0.0606834927919292,0.926027421104168,1.16390234176072
1281,intercept,1.22065896512231,0.0828838329011904,1.05820665263597,1.38311127760864
1281,AIPW,1.02889717981838,0.055254173838663,0.920598999094605,1.13719536054216
1282,Tlearner,0.959979603444687,0.0633106710743941,0.835892968301813,1.08406623858756
1282,Rlearner,0.988097179552388,0.0565950114044558,0.877172995495021,1.09902136360975
1282,intercept,1.12068563486926,0.0669433632083179,0.989476642980961,1.25189462675757
1282,AIPW,0.967941580230402,0.050654568944185,0.8686586250998,1.067224535361
1283,Tlearner,1.00318445979052,0.0623004361569144,0.881077848701833,1.12529107087921
1283,Rlearner,0.996472848886539,0.0605612718223929,0.877774937256709,1.11517076051637
1283,intercept,1.18438921801514,0.0822897209454741,1.02310136496201,1.34567707106827
1283,AIPW,0.946097308336823,0.0910812319939729,0.767578093628636,1.12461652304501
1284,Tlearner,1.08025841210507,0.0620558572536167,0.958631166858226,1.20188565735192
1284,Rlearner,1.11920076000564,0.0579342013171844,1.00565181195087,1.23274970806042
1284,intercept,1.18888887575302,0.0738978972273742,1.04404899718737,1.33372875431867
1284,AIPW,1.12217815133157,0.043682301875675,1.03656083965525,1.20779546300789
1285,Tlearner,0.890521607435562,0.0611019159914178,0.770764052705991,1.01027916216513
1285,Rlearner,0.907712864995257,0.0620918859794243,0.786015004743418,1.0294107252471
1285,intercept,1.02406363463812,0.0780944029793222,0.870998604798645,1.17712866447759
1285,AIPW,0.97753329915714,0.0768882232872741,0.826832381514082,1.1282342168002
1286,Tlearner,0.911124362663527,0.148754479291732,0.619570940712723,1.20267778461433
1286,Rlearner,0.933194835101785,0.055454199574374,0.824506601144516,1.04188306905905
1286,intercept,1.10795467589491,0.0732492921074914,0.964386063364224,1.25152328842559
1286,AIPW,0.903154183774052,0.0482964154992921,0.808493209395439,0.997815158152664
1287,Tlearner,1.04795270318896,0.0613621164194042,0.927685164991773,1.16822024138615
1287,Rlearner,1.06091309235505,0.0576972983797441,0.947828465525494,1.17399771918461
1287,intercept,1.21125255576311,0.0843896171661238,1.04584890611751,1.37665620540871
1287,AIPW,1.03531611838643,0.0525109356911139,0.932394684431842,1.13823755234101
1288,Tlearner,0.938457807760875,0.0615401335693795,0.817841362361107,1.05907425316064
1288,Rlearner,1.01187949317444,0.0594144111576507,0.895429387142788,1.12832959920609
1288,intercept,1.22801290095063,0.0797251079168031,1.0717516894337,1.38427411246757
1288,AIPW,0.950811294042137,0.05749541780834,0.838120275137791,1.06350231294648
1289,Tlearner,1.04969783549762,0.0603570864018018,0.931400119938312,1.16799555105692
1289,Rlearner,1.00211228904763,0.0550866557477272,0.894144427753325,1.11008015034193
1289,intercept,1.15332251877864,0.0751506387797298,1.00602726677037,1.30061777078691
1289,AIPW,0.985856969740107,0.0714537730654538,0.845807574531817,1.1259063649484
1290,Tlearner,1.00181896524743,0.0686579604478047,0.867251835517756,1.1363860949771
1290,Rlearner,0.986004021531627,0.0605357208708297,0.867356188846631,1.10465185421662
1290,intercept,1.09501818383497,0.0789976680559548,0.940182754445295,1.24985361322464
1290,AIPW,1.05198820645415,0.0758274679306342,0.903366369310103,1.20061004359819
1291,Tlearner,0.889536024479626,0.0610174888108284,0.769943943983327,1.00912810497593
1291,Rlearner,0.933331932966157,0.060172149936002,0.815396686219249,1.05126717971307
1291,intercept,1.16518521707965,0.0822764746940406,1.00392332667933,1.32644710747997
1291,AIPW,0.927019477081256,0.0633553566947544,0.802842977959537,1.05119597620297
1293,Tlearner,0.917063248286268,0.062435786560245,0.794691355281758,1.03943514129078
1293,Rlearner,0.89444629952213,0.0540679327082319,0.78847509869546,1.0004175003488
1293,intercept,1.16286064418486,0.0726853188149316,1.0203974193076,1.30532386906213
1293,AIPW,0.919096393467562,0.0433097979819425,0.834209189422955,1.00398359751217
1294,Tlearner,1.05409396399088,0.0608496802697733,0.934830782191343,1.17335714579041
1294,Rlearner,1.07226247681222,0.0592760519635749,0.956083549817892,1.18844140380656
1294,intercept,1.22424259599882,0.0769990115332514,1.07332453339364,1.37516065860399
1294,AIPW,1.07641677983467,0.0415597346913565,0.994959699839613,1.15787385982973
1295,Tlearner,0.965869151419746,0.0641026492474138,0.840230267581211,1.09150803525828
1295,Rlearner,1.00938482156987,0.0614902578387968,0.888866130805745,1.12990351233399
1295,intercept,1.15338399426856,0.0827829460348458,0.991129420040257,1.31563856849685
1295,AIPW,1.06879995721566,0.0778862335044554,0.916142939546924,1.22145697488439
1296,Tlearner,1.04337682422874,0.0596218016748705,0.926520240252601,1.16023340820487
1296,Rlearner,1.08047480262338,0.0535799497069411,0.975460030904313,1.18548957434246
1296,intercept,1.25699257887666,0.0802996705677134,1.09960522456394,1.41437993318938
1296,AIPW,1.35157032014042,0.29937782245217,0.764789788134166,1.93835085214667
1297,Tlearner,0.954722144061254,0.0602454845903207,0.836643164033063,1.07280112408945
1297,Rlearner,0.991407110301296,0.0612039586834542,0.871449555570448,1.11136466503214
1297,intercept,1.11338978828276,0.0802213648370015,0.956155913202235,1.27062366336328
1297,AIPW,1.00813214001727,0.075727011613575,0.859707197254664,1.15655708277988
1299,Tlearner,0.9858454489283,0.0659009191360214,0.856682020873611,1.11500887698299
1299,Rlearner,1.04971710041845,0.0606994544259796,0.930748355862297,1.1686858449746
1299,intercept,1.25916066288476,0.07773617083375,1.10679776805061,1.41152355771891
1299,AIPW,1.05798783909405,0.0505431109698399,0.958923341593161,1.15705233659493
1300,Tlearner,0.979684611843183,0.0625602357358526,0.857068802936577,1.10230042074979
1300,Rlearner,1.00653198099779,0.0590644796059128,0.8907677282046,1.12229623379098
1300,intercept,1.14680676312144,0.0821871911149213,0.985719868536192,1.30789365770668
1300,AIPW,1.0107606648292,0.0502647195328869,0.912241814544745,1.10927951511366
1301,Tlearner,1.00869449068377,0.0588053538516942,0.893438115036316,1.12395086633122
1301,Rlearner,0.969271115112544,0.0573438837928605,0.856879168144887,1.0816630620802
1301,intercept,1.24755357986335,0.0773088056715028,1.0960283207472,1.39907883897949
1301,AIPW,1.03584748298741,0.0553520927790399,0.927357381140496,1.14433758483433
1302,Tlearner,1.0208372691256,0.0644536159217423,0.894510503245609,1.14716403500559
1302,Rlearner,1.07410379418552,0.0573668300074449,0.961666873463701,1.18654071490735
1302,intercept,1.28398474939242,0.0711475761430902,1.14453550015197,1.42343399863288
1302,AIPW,1.06435213265771,0.0429373694968185,0.98019488844395,1.14850937687148
1303,Tlearner,1.04078436449849,0.0583030765384577,0.926512434295228,1.15505629470175
1303,Rlearner,1.07771356871486,0.0574482627117729,0.965117042825389,1.19031009460433
1303,intercept,1.17394117417069,0.0822894175099544,1.01265391585118,1.3352284324902
1303,AIPW,1.06480751331263,0.0464728329230889,0.973720760783373,1.15589426584188
1304,Tlearner,0.954061877121716,0.0587196874054045,0.838973404623673,1.06915034961976
1304,Rlearner,0.93720143324672,0.0606618638718175,0.818306364822887,1.05609650167055
1304,intercept,1.10876190719572,0.082350001693979,0.947355903875518,1.27016791051592
1304,AIPW,0.941640938666111,0.0811703945625782,0.782546965323458,1.10073491200876
1305,Tlearner,0.885218757241597,0.0619082105356882,0.763880894244325,1.00655662023887
1305,Rlearner,0.953349991139082,0.0594473047959433,0.836835414761058,1.06986456751711
1305,intercept,1.09908913447227,0.0847441521248086,0.932990596307646,1.2651876726369
1305,AIPW,0.955116363634559,0.0622751088520271,0.833057150284586,1.07717557698453
1306,Tlearner,1.08204234208851,0.057610920147221,0.969127013483746,1.19495767069328
1306,Rlearner,1.12790073241726,0.0543468385483633,1.02138288618885,1.23441857864566
1306,intercept,1.30853389483738,0.0685142089060078,1.1742460453816,1.44282174429315
1306,AIPW,1.12266858429757,0.0594019006728221,1.00624085897884,1.2390963096163
1307,Tlearner,0.936310150889053,0.0637185537583823,0.811424080375644,1.06119622140246
1307,Rlearner,0.943800658258434,0.0571967806997013,0.831697028055383,1.05590428846148
1307,intercept,1.13972435030706,0.0790533401642306,0.984779803585164,1.29466889702895
1307,AIPW,0.912883169690944,0.0599428984681127,0.795395088693443,1.03037125068844
1308,Tlearner,0.965025482634755,0.0616019531459032,0.84428787309146,1.08576309217805
1308,Rlearner,0.949138237285973,0.0571279498151022,0.837169513137761,1.06110696143418
1308,intercept,1.09063351294874,0.0790389228407098,0.935717224180949,1.24554980171653
1308,AIPW,0.970970395824437,0.0449086084985943,0.882949523167192,1.05899126848168
1309,Tlearner,0.968684629052134,0.0612016788855109,0.848731542643147,1.08863771546112
1309,Rlearner,0.917692551197412,0.0618797634996469,0.796410443366248,1.03897465902858
1309,intercept,1.09219643675966,0.0821866721173235,0.931110559409707,1.25328231410961
1309,AIPW,0.924277339158958,0.0529316355894756,0.820531333403586,1.02802334491433
1310,Tlearner,0.949226479781116,0.0593829793434495,0.832837978973269,1.06561498058896
1310,Rlearner,0.941012014616511,0.0586911385098531,0.825979496925547,1.05604453230747
1310,intercept,1.07146025374386,0.0794774649507856,0.915684422440318,1.2272360850474
1310,AIPW,0.953889706406558,0.0550604862552082,0.84597115334635,1.06180825946677
1311,Tlearner,0.990051408794019,0.0616715871738033,0.869177319063942,1.1109254985241
1311,Rlearner,1.04223610543016,0.0552715337812329,0.933905889848654,1.15056632101167
1311,intercept,1.20617865017341,0.0735592900310565,1.06200244171254,1.35035485863428
1311,AIPW,1.04193293756391,0.047008924846734,0.94979544486431,1.13407043026351
1312,Tlearner,0.999680425899525,0.0660196412797742,0.870284306718914,1.12907654508014
1312,Rlearner,1.01770133255679,0.0609978158222812,0.898147810409507,1.13725485470406
1312,intercept,1.19054592607874,0.0811397978902374,1.03151192221388,1.34957992994361
1312,AIPW,1.03941016320197,0.0629577679381391,0.916012938043213,1.16280738836072
1313,Tlearner,0.946390007052066,0.0597968029549098,0.829190426869805,1.06358958723433
1313,Rlearner,0.945578484865927,0.0599558473823885,0.828067183333865,1.06308978639799
1313,intercept,1.09720821293865,0.0775716748192005,0.945167730293013,1.24924869558428
1313,AIPW,0.957956061787336,0.0557672757568878,0.848652201303836,1.06725992227084
1314,Tlearner,0.98467676070993,0.0582190120569544,0.870569593862796,1.09878392755706
1314,Rlearner,0.961392791404561,0.0563928395172407,0.850864856964822,1.0719207258443
1314,intercept,1.13774667504374,0.0730648127034443,0.994539642144994,1.2809537079425
1314,AIPW,1.01023574940444,0.045809788384912,0.920448564170009,1.10002293463886
1315,Tlearner,0.942563381454152,0.0618453992099957,0.821348626393059,1.06377813651525
1315,Rlearner,0.972369537952911,0.0634622203544539,0.847985871679236,1.09675320422659
1315,intercept,1.07716973772213,0.0829489321414978,0.914589830724797,1.23974964471947
1315,AIPW,0.971119851999715,0.0448432932597913,0.883226997210524,1.05901270678891
1316,Tlearner,1.05816152818979,0.0581431574887961,0.94420303356431,1.17212002281527
1316,Rlearner,1.04882139304235,0.059726105262008,0.931760377791969,1.16588240829274
1316,intercept,1.19167635370846,0.0752251124059712,1.04423513339276,1.33911757402417
1316,AIPW,1.15572236065957,0.0746115293605747,1.00948376311284,1.30196095820629
1317,Tlearner,0.98426286706499,0.0621264633628298,0.862497236386997,1.10602849774298
1317,Rlearner,1.02606606878031,0.0637896233584436,0.901040704410385,1.15109143315023
1317,intercept,1.14690137488072,0.0868403881174733,0.976694214170469,1.31710853559096
1317,AIPW,0.939882378082175,0.0742001569960849,0.794450070369848,1.0853146857945
1318,Tlearner,1.0175221848888,0.0643133465376102,0.891470341949835,1.14357402782776
1318,Rlearner,1.02515488550978,0.0604733160434506,0.906629364038909,1.14368040698065
1318,intercept,1.23913328604129,0.079060896888545,1.08417392813974,1.39409264394284
1318,AIPW,1.00690520052515,0.0540854435914882,0.900897731085833,1.11291266996447
1319,Tlearner,1.04157936887071,0.0593451373521997,0.925265037002811,1.1578937007386
1319,Rlearner,1.10138521522888,0.058484817759838,0.986757078777213,1.21601335168055
1319,intercept,1.15009898394254,0.0819040644823426,0.989567017557148,1.31063095032793
1319,AIPW,1.04061105563803,0.12577324893218,0.794095487730958,1.28712662354511
1320,Tlearner,1.04455277595103,0.0601450511511151,0.926670641846521,1.16243491005553
1320,Rlearner,1.0890580379692,0.057990859344463,0.975398042221522,1.20271803371687
1320,intercept,1.27748306010423,0.0793863256496212,1.12188586183098,1.43308025837749
1320,AIPW,1.08134027161287,0.0490653263546393,0.985172231957776,1.17750831126796
1321,Tlearner,1.0999641866667,0.0615740102087558,0.979281344273833,1.22064702905956
1321,Rlearner,1.0886716951535,0.0625177093506721,0.966139236430241,1.21120415387676
1321,intercept,1.2721082815224,0.0801728513829401,1.11496949281184,1.42924707023296
1321,AIPW,1.13931044125183,0.0499038388506016,1.04149891710465,1.23712196539901
1322,Tlearner,0.951749982475619,0.122222892904937,0.712197514295646,1.19130245065559
1322,Rlearner,0.846855868225331,0.0603195357265516,0.728631750637112,0.965079985813549
1322,intercept,1.09669962452776,0.0749456242271858,0.949806201042472,1.24359304801304
1322,AIPW,0.847407622886049,0.0467933906659653,0.755692577180757,0.939122668591341
1323,Tlearner,0.99190715226211,0.0628421029417641,0.868738893783494,1.11507541074073
1323,Rlearner,0.979834009091865,0.0553672429764087,0.871316206934826,1.0883518112489
1323,intercept,1.10789759227111,0.0723141448608412,0.966161868343857,1.24963331619835
1323,AIPW,1.01424504218045,0.066844740008771,0.883229351763254,1.14526073259764
1324,Tlearner,1.09809416810882,0.0580556806398111,0.984307124956834,1.21188121126081
1324,Rlearner,1.06235225927552,0.0616721147935426,0.941477135429752,1.18322738312128
1324,intercept,1.27073262082214,0.0765823733687711,1.12063116901935,1.42083407262493
1324,AIPW,1.05103409223578,0.117752638039276,0.820238921678794,1.28182926279276
1325,Tlearner,1.16841555218167,0.0638292073029224,1.0433126047062,1.29351849965714
1325,Rlearner,1.1614591031508,0.0623352420270406,1.03928427381022,1.28363393249139
1325,intercept,1.25559440497132,0.0799709100850811,1.09885142120456,1.41233738873808
1325,AIPW,1.17119272610031,0.0468156839173521,1.0794339856223,1.26295146657832
1326,Tlearner,1.00016039830763,0.0616749821051978,0.879279654634291,1.12104114198097
1326,Rlearner,1.01700203754852,0.0634996696740134,0.892544971957266,1.14145910313978
1326,intercept,1.09770594036006,0.0914549299335987,0.918454277690209,1.27695760302992
1326,AIPW,1.0244514537566,0.0517977916615234,0.922927782100016,1.12597512541319
1327,Tlearner,1.1118794817885,0.0632069605945254,0.987996115450984,1.23576284812601
1327,Rlearner,1.1107315239666,0.0592422760841213,0.994618796479544,1.22684425145366
1327,intercept,1.29159008106289,0.0833894089305203,1.12814683955907,1.45503332256671
1327,AIPW,1.10803754925792,0.0482939424488889,1.0133814220581,1.20269367645774
1328,Tlearner,0.940471962771591,0.0569803630856808,0.828792503297641,1.05215142224554
1328,Rlearner,0.934124190901325,0.0558603017970035,0.82464001121366,1.04360837058899
1328,intercept,1.02334738581181,0.0766429504773446,0.873127202876218,1.17356756874741
1328,AIPW,0.846139602749425,0.104458475324901,0.641400991112618,1.05087821438623
1329,Tlearner,1.05801509933097,0.0638145193784578,0.932940939658456,1.18308925900348
1329,Rlearner,1.12381367522175,0.0609505286273597,1.00435283427344,1.24327451617005
1329,intercept,1.32273273697127,0.0802420485756971,1.1654583217629,1.48000715217963
1329,AIPW,1.12101128624093,0.0474419529301672,1.02802505849781,1.21399751398406
1330,Tlearner,0.973106121208206,0.0606227479366046,0.854287718608611,1.0919245238078
1330,Rlearner,0.967357382791083,0.0578878275630024,0.853899325624333,1.08081543995783
1330,intercept,1.16970757654853,0.0772035212917629,1.01838867481668,1.32102647828039
1330,AIPW,0.99171432625022,0.0515710597377633,0.890635049164204,1.09279360333624
1331,Tlearner,0.933977958263017,0.0607480490350612,0.814913970023224,1.05304194650281
1331,Rlearner,0.964008195849221,0.0566631299560152,0.852950501884118,1.07506588981432
1331,intercept,1.13462331853937,0.0770096988536857,0.983684308786145,1.28556232829259
1331,AIPW,0.940989235626197,0.0425576832912795,0.857576176375289,1.0244022948771
1332,Tlearner,1.03134320910507,0.0583663522721857,0.916947260742604,1.14573915746753
1332,Rlearner,1.07634442687576,0.0543506486396637,0.96981911300563,1.18286974074589
1332,intercept,1.13245709696666,0.0755529643586292,0.984373286823748,1.28054090710958
1332,AIPW,1.08183295226715,0.08001812024129,0.924997436594218,1.23866846794007
1333,Tlearner,1.03741100753429,0.0597038935775187,0.920393526385537,1.15442848868303
1333,Rlearner,1.04342979437231,0.0589895241873316,0.927812451499984,1.15904713724463
1333,intercept,1.10818745680682,0.0753123002120742,0.96057534839115,1.25579956522248
1333,AIPW,1.07333252667751,0.0486246613844337,0.978028190364016,1.168636862991
1334,Tlearner,0.94943595438328,0.0629165107906465,0.826121859200687,1.07275004956587
1334,Rlearner,0.963626936874406,0.057650591719564,0.850633853416638,1.07662002033217
1334,intercept,1.05925447805256,0.0840826778628098,0.89445242944145,1.22405652666366
1334,AIPW,0.896046437972322,0.0757858387194028,0.747506194082292,1.04458668186235
1335,Tlearner,1.06301240051472,0.0598766033135539,0.945656414503564,1.18036838652588
1335,Rlearner,1.0796117360419,0.0572304832953495,0.967442049965189,1.1917814221186
1335,intercept,1.25780542298191,0.0804133338791679,1.10019528857874,1.41541555738508
1335,AIPW,1.0371906498315,0.076139767605713,0.887956705324307,1.1864245943387
1336,Tlearner,0.937676380865624,0.0621753670743659,0.815814900674309,1.05953786105694
1336,Rlearner,1.01935473307447,0.0604557953864564,0.900863551460298,1.13784591468865
1336,intercept,1.09979672660596,0.0857205151497338,0.931784516912479,1.26780893629944
1336,AIPW,1.00940957310034,0.0604140289108111,0.890998076435146,1.12782106976553
1337,Tlearner,0.979836558278276,0.065030113086049,0.852379878719053,1.1072932378375
1337,Rlearner,0.987360300980419,0.0587576581345786,0.872197407220728,1.10252319474011
1337,intercept,1.11837880912157,0.082813451552361,0.956064444078945,1.2806931741642
1337,AIPW,0.937431599115268,0.0610758323030862,0.817722967801219,1.05714023042932
1338,Tlearner,0.919294998950997,0.060940454578713,0.799853902775221,1.03873609512677
1338,Rlearner,0.946283235388159,0.0564291809771166,0.835684072995917,1.0568823977804
1338,intercept,0.988897027352462,0.0736489490532672,0.844545087208059,1.13324896749687
1338,AIPW,0.894389582970295,0.0438337997431295,0.808475335473761,0.980303830466829
1340,Tlearner,1.08566563996881,0.0730909210476561,0.942410067118546,1.22892121281908
1340,Rlearner,1.10426295042011,0.0605803321704784,0.985527681194502,1.22299821964572
1340,intercept,1.24316285375472,0.0780659885901996,1.09015351611793,1.39617219139152
1340,AIPW,1.01472278488014,0.0581095663462211,0.900828034841545,1.12861753491873
1341,Tlearner,0.879484999093761,0.0626632912329322,0.756667205124469,1.00230279306305
1341,Rlearner,0.87256933858969,0.058329230702378,0.758246147167101,0.986892530012279
1341,intercept,1.01002159963125,0.0803163184255825,0.852601615517111,1.16744158374539
1341,AIPW,0.862911439291242,0.0580626029223927,0.749108737563352,0.976714141019131
1342,Tlearner,1.04714336923312,0.0609078043858938,0.927766266259362,1.16652047220689
1342,Rlearner,1.02705663795317,0.0610846648115305,0.907332894914867,1.14678038099147
1342,intercept,1.22949625307275,0.0792654937363751,1.07413588534945,1.38485662079604
1342,AIPW,0.996882343079196,0.0504803321458889,0.897940892073254,1.09582379408514
1343,Tlearner,0.897067815487828,0.0611990945874288,0.777119794210008,1.01701583676565
1343,Rlearner,0.927511349272143,0.063645487817677,0.802768485371014,1.05225421317327
1343,intercept,1.08920136781384,0.0846153548729514,0.923355272262854,1.25504746336482
1343,AIPW,0.927948931273697,0.0449421670430644,0.839862283869291,1.0160355786781
1344,Tlearner,0.953861203865829,0.0642892423095938,0.827856604345656,1.079865803386
1344,Rlearner,0.966055449732489,0.0577658010003333,0.852836560233728,1.07927433923125
1344,intercept,1.13842557604243,0.0798472998182034,0.981924868398754,1.29492628368611
1344,AIPW,1.02869311761864,0.130515975007429,0.772881806604084,1.2845044286332
1345,Tlearner,0.990497668266766,0.065135398065956,0.862834633938813,1.11816070259472
1345,Rlearner,1.00781073961469,0.0589816751236338,0.892208780624521,1.12341269860485
1345,intercept,1.26085132339945,0.0844749645316996,1.09528039291732,1.42642225388158
1345,AIPW,1.03117313840728,0.0461483550337315,0.940722362541165,1.12162391427339
1347,Tlearner,0.982777244355374,0.0606903820576841,0.863826281314338,1.10172820739641
1347,Rlearner,0.956841493190416,0.0576639068473178,0.8438223125618,1.06986067381903
1347,intercept,1.08674716223358,0.0786915294771907,0.932511764458286,1.24098256000887
1347,AIPW,0.941224739035138,0.0539641363145904,0.835455031858541,1.04699444621174
1348,Tlearner,0.944603017365299,0.0587344523475619,0.829485606112394,1.0597204286182
1348,Rlearner,0.962463491016352,0.057330707439719,0.8500973692263,1.0748296128064
1348,intercept,1.08994253026228,0.0781358184316852,0.936796326136175,1.24308873438838
1348,AIPW,0.9572207529793,0.0455137998789855,0.868013705216488,1.04642780074211
1349,Tlearner,1.02203346393877,0.0589903571694196,0.906414488451558,1.13765243942599
1349,Rlearner,1.03440699370376,0.0536719122472493,0.929211978717753,1.13960200868976
1349,intercept,1.22067819090734,0.0712817884254154,1.08096588559352,1.36039049622115
1349,AIPW,0.990808899455729,0.0523400627599322,0.888222376446262,1.0933954224652
1350,Tlearner,0.923106152305689,0.0649291752907485,0.795847307189934,1.05036499742144
1350,Rlearner,0.915019192933392,0.0595483247970663,0.798306620991448,1.03173176487533
1350,intercept,0.994812864465842,0.0779306728022862,0.842068745773361,1.14755698315832
1350,AIPW,0.838705447973053,0.0764081999107413,0.688945376148,0.988465519798106
1351,Tlearner,1.01681989317098,0.0621291589524308,0.89504897923445,1.13859080710751
1351,Rlearner,1.05883664337055,0.0619072775803331,0.937500608932169,1.18017267780892
1351,intercept,1.29174865251301,0.0906336602623543,1.1141066783988,1.46939062662722
1351,AIPW,1.09277833060525,0.0669192433467793,0.961616613645563,1.22394004756494
1352,Tlearner,1.1521586176646,0.0578924863334648,1.03869142947553,1.26562580585367
1352,Rlearner,1.13224882900884,0.0533020278184822,1.02777877418166,1.23671888383602
1352,intercept,1.31390228258395,0.0666070141894064,1.18335253477271,1.44445203039519
1352,AIPW,1.13271554754989,0.0501848160393679,1.03435330811273,1.23107778698705
1353,Tlearner,0.922243811747416,0.064751764862975,0.795332684680578,1.04915493881425
1353,Rlearner,0.927083575363333,0.0602069603200332,0.809080101517436,1.04508704920923
1353,intercept,1.15334332768678,0.0747074438901296,1.00691673766213,1.29976991771143
1353,AIPW,1.07583846255741,0.17477196418461,0.733285412755575,1.41839151235925
1354,Tlearner,1.03659660350042,0.0611861834141192,0.916673887657285,1.15651931934356
1354,Rlearner,1.03283037267159,0.058999115198611,0.917194231762579,1.14846651358059
1354,intercept,1.16674161389312,0.0807185690421336,1.00853321857054,1.3249500092157
1354,AIPW,1.05011735350021,0.0606256261900368,0.93129112616774,1.16894358083268
1356,Tlearner,0.982955492086186,0.0640692773101191,0.857382016042843,1.10852896812953
1356,Rlearner,0.93852866542304,0.0570331902081084,0.826745666691725,1.05031166415435
1356,intercept,1.15420976235199,0.0720563883612312,1.01297924116398,1.29544028354
1356,AIPW,0.962589295621032,0.0434210834536094,0.877483972051957,1.04769461919011
1357,Tlearner,0.905177527852178,0.0604795204536118,0.786639845960845,1.02371520974351
1357,Rlearner,0.856363068981368,0.059182744305972,0.74036702163542,0.972359116327316
1357,intercept,1.15452088847873,0.0726505511074571,1.01212580830811,1.29691596864935
1357,AIPW,0.906904273508318,0.0475115690913252,0.813781598089321,1.00002694892732
1358,Tlearner,0.989563576701934,0.0647197946154865,0.862715110168751,1.11641204323512
1358,Rlearner,0.938191497426344,0.0610754042828638,0.818485904690708,1.05789709016198
1358,intercept,1.12922036690334,0.086855617794696,0.958983356025732,1.29945737778094
1358,AIPW,0.944563184380542,0.0607583717832416,0.825476775685389,1.0636495930757
1359,Tlearner,0.905661396655405,0.0632231204918647,0.781746357501114,1.0295764358097
1359,Rlearner,0.964898937514008,0.061704500833497,0.843960338196333,1.08583753683168
1359,intercept,1.13476803265716,0.0760601151875896,0.985690206889483,1.28384585842483
1359,AIPW,0.903593843033187,0.0654923511286236,0.775228834821085,1.03195885124529
1360,Tlearner,0.979620307890332,0.065441920843446,0.851356499958057,1.10788411582261
1360,Rlearner,1.02467579115974,0.061988393620103,0.903180772204847,1.14617081011464
1360,intercept,1.14998865856812,0.0775046944773458,0.998079457392526,1.30189785974372
1360,AIPW,1.00293506625755,0.0451366792426459,0.91446717494196,1.09140295757313
1362,Tlearner,0.989096476291445,0.0587784212205417,0.873892887631059,1.10430006495183
1362,Rlearner,1.05601437988976,0.0595709694175387,0.939257425307248,1.17277133447227
1362,intercept,1.17793002940273,0.0771077544831487,1.02679883061576,1.3290612281897
1362,AIPW,1.03725794195294,0.0501189472621367,0.939024805319149,1.13549107858673
1363,Tlearner,0.983219959449591,0.0672140100766558,0.851482920442833,1.11495699845635
1363,Rlearner,1.06397290807632,0.0623546763975295,0.941759988069516,1.18618582808313
1363,intercept,1.19549056263039,0.0858606940817899,1.02720360223008,1.36377752303069
1363,AIPW,1.06231506749246,0.0581730992670994,0.94829579292895,1.17633434205598
1364,Tlearner,1.1345650032275,0.0589940701841619,1.01893875036511,1.25019125608988
1364,Rlearner,1.17869804224034,0.0575159639137333,1.06596882443331,1.29142726004736
1364,intercept,1.347216468962,0.0741260561670068,1.20192939887467,1.49250353904933
1364,AIPW,1.17842829799847,0.0702546291986701,1.04072922476908,1.31612737122786
1365,Tlearner,1.00409915596056,0.0645083035289277,0.877665204340085,1.13053310758104
1365,Rlearner,0.985567034714244,0.0578799832246322,0.872124352168183,1.09900971726031
1365,intercept,1.14290326121651,0.0856979588060925,0.974935261956568,1.31087126047645
1365,AIPW,0.984113046734047,0.0510539505955507,0.884047303566768,1.08417878990133
1366,Tlearner,1.0354292987286,0.0592935263764394,0.9192161225144,1.15164247494279
1366,Rlearner,1.0265651851921,0.0563653004477864,0.916091226336662,1.13703914404754
1366,intercept,1.21916796986376,0.08234501123357,1.05777174784597,1.38056419188156
1366,AIPW,1.02420983165241,0.0486370104861369,0.92888129109958,1.11953837220524
1367,Tlearner,0.681901510365948,0.153012024354365,0.382003453429826,0.98179956730207
1367,Rlearner,1.01576658709764,0.0582243633515783,0.901648931905773,1.12988424228951
1367,intercept,1.16651817183353,0.0750625704372687,1.01939553377649,1.31364080989058
1367,AIPW,1.00748042979373,0.0464710284734486,0.916397213985774,1.09856364560169
1368,Tlearner,0.943795941496629,0.0616478849183491,0.822968307333595,1.06462357565966
1368,Rlearner,0.916853884737387,0.0593513494760182,0.800527377330542,1.03318039214423
1368,intercept,1.06695018316639,0.0810211237259039,0.90814878066362,1.22575158566916
1368,AIPW,0.91975753515828,0.0596270332393927,0.80288855000907,1.03662652030749
1369,Tlearner,1.02882627710093,0.0634038604462464,0.904556994145488,1.15309556005638
1369,Rlearner,1.01660563537598,0.0583987320178628,0.902146223878162,1.1310650468738
1369,intercept,1.16500064626162,0.0822625845069477,1.003765980628,1.32623531189524
1369,AIPW,0.808244008094497,0.197446233876492,0.421249389696573,1.19523862649242
1370,Tlearner,0.895745837328622,0.0617017358365111,0.774812657305455,1.01667901735179
1370,Rlearner,0.9134852348599,0.0597799878487772,0.796318611680055,1.03065185803975
1370,intercept,1.08193044127326,0.0790151891222739,0.927060670593606,1.23680021195292
1370,AIPW,0.879413102145795,0.0625498352771453,0.756815425002591,1.002010779289
1371,Tlearner,0.954677727879471,0.0543947630696605,0.848065951315347,1.0612895044436
1371,Rlearner,0.949262513610291,0.0552164263689781,0.841040306572086,1.0574847206485
1371,intercept,1.06194987720577,0.0743329501486423,0.916257294914435,1.20764245949711
1371,AIPW,1.05221630176753,0.07985831192083,0.895694010402705,1.20873859313236
1372,Tlearner,1.00497245417501,0.0623115020591619,0.882844154316459,1.12710075403356
1372,Rlearner,0.942649038703889,0.0579798355230802,0.829010649249095,1.05628742815868
1372,intercept,1.12122340810255,0.0839735050263631,0.956635338250883,1.28581147795423
1372,AIPW,0.995904095769789,0.0581923769254414,0.881847036995924,1.10996115454365
1373,Tlearner,1.13489493144982,0.0640632581140077,1.00933325281407,1.26045661008556
1373,Rlearner,1.0943516168969,0.0617609016442368,0.973302474021475,1.21540075977232
1373,intercept,1.39242573483399,0.082157022593346,1.23139797055104,1.55345349911695
1373,AIPW,1.07495924617013,0.0602051017556687,0.956957246729017,1.19296124561124
1374,Tlearner,1.12728037490383,0.0575479727997145,1.0144884208331,1.24007232897457
1374,Rlearner,1.07543274261163,0.0564026118532463,0.964885654745273,1.18597983047798
1374,intercept,1.27577042693151,0.0814846172788555,1.11606057706495,1.43548027679806
1374,AIPW,1.13079790945501,0.0510568788768803,1.03072642685633,1.2308693920537
1375,Tlearner,0.975051794804577,0.0622605003474107,0.853023456464209,1.09708013314495
1375,Rlearner,1.10319480303245,0.0573980823047117,0.990696628933545,1.21569297713135
1375,intercept,1.33154953729569,0.0750678196505357,1.18441661078064,1.47868246381074
1375,AIPW,1.02344456527698,0.0525349775340664,0.920476009310214,1.12641312124375
1377,Tlearner,1.05340106743795,0.0635009139358412,0.928941563138326,1.17786057173758
1377,Rlearner,1.04727550527003,0.0675871370767035,0.914807150781517,1.17974385975854
1377,intercept,1.20738050557069,0.0913574837657739,1.02831983738978,1.38644117375161
1377,AIPW,1.08866452307897,0.0602905013795895,0.970495140374976,1.20683390578297
1378,Tlearner,1.01414390160818,0.0644580293578567,0.887808485552351,1.140479317664
1378,Rlearner,1.02120214140789,0.0610932077060819,0.901461654603949,1.14094262821184
1378,intercept,1.143608169624,0.0828937500880034,0.981136419451518,1.30607991979649
1378,AIPW,1.02248841658754,0.0517576346542743,0.921043452665159,1.12393338050991
1379,Tlearner,0.95259320615638,0.0600782411688559,0.834842017210911,1.07034439510185
1379,Rlearner,0.949774304068613,0.0584004663922364,0.835311493259488,1.06423711487774
1379,intercept,1.22737012293189,0.0790374757571767,1.07245667044783,1.38228357541596
1379,AIPW,0.93911420282551,0.0564421932528637,0.828487504049897,1.04974090160112
1380,Tlearner,1.02017308461854,0.0664456004459835,0.889942100813274,1.15040406842381
1380,Rlearner,1.04006653166389,0.0615714330257089,0.919388740456976,1.16074432287079
1380,intercept,1.1901619447455,0.0808907068247985,1.03161615936889,1.3487077301221
1380,AIPW,1.01382116128123,0.0461213621388837,0.923423291489021,1.10421903107344
1381,Tlearner,0.88719336846162,0.0680976542383554,0.753724418722782,1.02066231820046
1381,Rlearner,0.965999934328488,0.0593017419449951,0.849770655895809,1.08222921276117
1381,intercept,1.18859150390007,0.0793866165263967,1.03299373550833,1.34418927229181
1381,AIPW,0.977013317118773,0.047223286826248,0.884455674939327,1.06957095929822
1382,Tlearner,1.01753100674683,0.0600592842319125,0.899816972715026,1.13524504077863
1382,Rlearner,1.0472737561117,0.0603055413273745,0.929077067041856,1.16547044518155
1382,intercept,1.21742920567657,0.0826885727823456,1.05535960302317,1.37949880832996
1382,AIPW,1.07116801134253,0.047454283004773,0.978157616653176,1.16417840603189
1384,Tlearner,0.994911756457375,0.0649843130099091,0.867544843397875,1.12227866951687
1384,Rlearner,1.04989797588098,0.0626945112021353,0.927018991896454,1.17277695986551
1384,intercept,1.33344186072566,0.0881031424248079,1.16075970157303,1.50612401987828
1384,AIPW,1.03987264456953,0.0526461144687586,0.936686260210765,1.1430590289283
1385,Tlearner,0.86100392861297,0.0673724012947808,0.72895644852322,0.99305140870272
1385,Rlearner,0.910064627199887,0.0630341156872286,0.786520030655588,1.03360922374419
1385,intercept,1.12555438880554,0.0772432054689706,0.974157706086355,1.27695107152472
1385,AIPW,0.918958005445678,0.0652655262179492,0.791037574058497,1.04687843683286
1386,Tlearner,0.921751949995022,0.058960068997547,0.806192338233833,1.03731156175621
1386,Rlearner,0.95605214305465,0.0557455331453255,0.846792905790829,1.06531138031847
1386,intercept,1.15248718112355,0.0756376882790356,1.00423731209664,1.30073705015046
1386,AIPW,0.976474203058648,0.0435688916863295,0.891079175353442,1.06186923076385
1387,Tlearner,0.999000905868422,0.0660591807324074,0.869527290784681,1.12847452095216
1387,Rlearner,1.02822074259583,0.0596622332192649,0.911284914248844,1.14515657094282
1387,intercept,1.23644292952153,0.0816091287279429,1.07648903721476,1.3963968218283
1387,AIPW,1.04156149793571,0.0607267587460034,0.922537050793546,1.16058594507788
1388,Tlearner,0.864306466533463,0.0631304845795689,0.740572990430947,0.988039942635979
1388,Rlearner,0.843256618474339,0.0618919084847834,0.721950706909714,0.964562530038963
1388,intercept,0.986681482240645,0.0780128614593995,0.833776273780222,1.13958669070107
1388,AIPW,0.79079781911046,0.0542114950625917,0.684543288787781,0.89705234943314
1389,Tlearner,1.02463278793341,0.0615549556519895,0.903987291785553,1.14527828408127
1389,Rlearner,0.950556231684338,0.0647572993761388,0.823634257171028,1.07747820619765
1389,intercept,1.19703133018326,0.0848754957575053,1.03067535849855,1.36338730186797
1389,AIPW,0.981917754537467,0.0639808786155438,0.856515232451001,1.10732027662393
1390,Tlearner,1.03067865096886,0.0600436031824161,0.912995351229307,1.14836195070841
1390,Rlearner,1.02552097502299,0.0567017469755594,0.914387593090395,1.13665435695559
1390,intercept,1.19213148817314,0.0728437764348996,1.04935768636074,1.33490528998555
1390,AIPW,1.00964963249699,0.0502105300006116,0.911236993695787,1.10806227129818
1391,Tlearner,1.02255713673035,0.0643967495566401,0.89634182687789,1.14877244658281
1391,Rlearner,1.05102677465409,0.0599181928554926,0.933589274638604,1.16846427466959
1391,intercept,1.13174769332755,0.0765765207858799,0.981657712587222,1.28183767406787
1391,AIPW,0.958194450749336,0.130461453865842,0.702490001172286,1.21389890032639
1392,Tlearner,1.07722246778564,0.0596780352986286,0.960255667932222,1.19418926763907
1392,Rlearner,1.09930255850633,0.0557163291628428,0.990100559996376,1.20850455701628
1392,intercept,1.22325341494457,0.0695521768447206,1.08693114832892,1.35957568156022
1392,AIPW,1.05952459308234,0.0449200392246976,0.971481316201938,1.14756786996275
1393,Tlearner,0.996480415977344,0.0594553530333186,0.879950065343926,1.11301076661076
1393,Rlearner,1.06796514425473,0.0586904861616189,0.952933905142807,1.18299638336665
1393,intercept,1.19300627429441,0.0783252409208256,1.03948880208959,1.34652374649923
1393,AIPW,1.08374909902078,0.053922236405069,0.978061515666842,1.18943668237471
1394,Tlearner,1.11157583325324,0.0647779825191349,0.984613320524573,1.23853834598191
1394,Rlearner,1.09852067015002,0.0577315794554678,0.985368853646691,1.21167248665335
1394,intercept,1.32716805209598,0.0742423389607025,1.181653067733,1.47268303645895
1394,AIPW,1.08648937701201,0.0440092452700798,1.00023125628265,1.17274749774137
1395,Tlearner,0.897769310098323,0.0695172008643329,0.761518100098193,1.03402052009845
1395,Rlearner,0.94948356076516,0.0673655016436312,0.81744960374317,1.08151751778715
1395,intercept,1.01337785693227,0.0937241785138446,0.829678467045139,1.19707724681941
1395,AIPW,0.940716986272693,0.0528873605470108,0.837057759600551,1.04437621294483
1397,Tlearner,0.91715224712733,0.0616643430013411,0.796292355714377,1.03801213854028
1397,Rlearner,0.962982898351811,0.0594383546097291,0.846485864016422,1.0794799326872
1397,intercept,1.07817639382972,0.0844037535672859,0.912745036837836,1.2436077508216
1397,AIPW,1.01250771765026,0.0490758179288256,0.916319114509766,1.10869632079076
1399,Tlearner,1.01407078869315,0.0632221899629081,0.890157573342104,1.1379840040442
1399,Rlearner,1.00891179025635,0.0609722438292116,0.889408388294499,1.1284151922182
1399,intercept,1.22329853888,0.0778377116251773,1.07073662409465,1.37586045366535
1399,AIPW,1.02419339320409,0.0572935921472102,0.911897952595558,1.13648883381262
1400,Tlearner,1.01390090197221,0.0606066469284649,0.895114056768687,1.13268774717574
1400,Rlearner,1.03120638357389,0.0578418506669213,0.917838439467583,1.1445743276802
1400,intercept,1.15565052975299,0.0745200136895593,1.00959130292145,1.30170975658452
1400,AIPW,1.01401211859322,0.0430718959179855,0.929591202593966,1.09843303459247
1401,Tlearner,1.01283716221777,0.062617990360927,0.890108156326074,1.13556616810946
1401,Rlearner,0.957003623676401,0.0634359108594614,0.832671523065363,1.08133572428744
1401,intercept,1.22953430296517,0.0859864023521017,1.06100095435505,1.39806765157529
1401,AIPW,0.994491489670165,0.0692502524324319,0.858760994902598,1.13022198443773
1402,Tlearner,1.00080467935502,0.0592308531289735,0.884714340448653,1.11689501826139
1402,Rlearner,1.09165637588477,0.0602427197159791,0.973582814910714,1.20972993685883
1402,intercept,1.20554261974937,0.0833687428708726,1.04213988372246,1.36894535577628
1402,AIPW,1.05699601016245,0.0569247389933615,0.945423521735457,1.16856849858943
1403,Tlearner,1.0167726485894,0.0595317461380743,0.900092570221995,1.13345272695681
1403,Rlearner,1.04236650763746,0.0564413774885541,0.931743440522063,1.15298957475285
1403,intercept,1.25626249133407,0.0852883348009905,1.08909735512413,1.42342762754401
1403,AIPW,1.0417068418008,0.0514669203594381,0.940831677896302,1.1425820057053
1404,Tlearner,1.02610652689762,0.0605391397131763,0.907451993404752,1.14476106039048
1404,Rlearner,1.06021691526306,0.0598839016693725,0.942846624737354,1.17758720578877
1404,intercept,1.12804792317876,0.0802092686075615,0.970837756707936,1.28525808964958
1404,AIPW,1.0932245657234,0.0566940278251315,0.982104271186143,1.20434486026066
1405,Tlearner,1.08811282384843,0.0603843874050503,0.969761599306014,1.20646404839084
1405,Rlearner,1.10493681231321,0.0588794437726468,0.989535223089071,1.22033840153735
1405,intercept,1.27645420595406,0.0746611338556478,1.13011838359699,1.42279002831112
1405,AIPW,1.09319137582566,0.0502428338334449,0.994715421512109,1.19166733013921
1406,Tlearner,1.03145247561358,0.0634488237759789,0.907095066151228,1.15580988507592
1406,Rlearner,1.0735936359975,0.0666820083829924,0.942899301150035,1.20428797084496
1406,intercept,1.45355301657343,0.0927158150093161,1.27183001915517,1.63527601399169
1406,AIPW,1.12565830413766,0.0555530416255853,1.01677434255152,1.23454226572381
1407,Tlearner,1.03470479494359,0.0602388504683059,0.91663881755562,1.15277077233157
1407,Rlearner,1.06992937536846,0.0537261954964301,0.964627967169097,1.17523078356782
1407,intercept,1.22632783793847,0.0721327309865676,1.0849476852048,1.36770799067214
1407,AIPW,1.08431467322919,0.0502087145124235,0.985905592784837,1.18272375367354
1408,Tlearner,0.862194935648993,0.0621626088816865,0.740358461055838,0.984031410242148
1408,Rlearner,0.85380102306088,0.0603137507809907,0.735588243757614,0.972013802364147
1408,intercept,0.984801429634409,0.0818718166119087,0.824332669075068,1.14527019019375
1408,AIPW,0.84153931660876,0.0496393472988946,0.744246195902927,0.938832437314593
1409,Tlearner,0.872045127483571,0.0623031493111304,0.749933198710334,0.994157056256809
1409,Rlearner,0.926846098215215,0.0600710530477668,0.809108997728198,1.04458319870223
1409,intercept,1.12970371979419,0.0789307846456418,0.974999381888729,1.28440805769965
1409,AIPW,0.962346143751439,0.0615245240942209,0.841758076526766,1.08293421097611
1411,Tlearner,0.999635630043174,0.0670013107586372,0.868315474039269,1.13095578604708
1411,Rlearner,1.05026625871987,0.0624609578722538,0.927845030850379,1.17268748658936
1411,intercept,1.37528740312129,0.086872413156775,1.20501747333401,1.54555733290857
1411,AIPW,1.00485797860806,0.0724558947045725,0.862844424987096,1.14687153222902
1413,Tlearner,1.04132222751323,0.0644125445014278,0.915075960137847,1.16756849488861
1413,Rlearner,1.06449412205285,0.0594497274014731,0.947974797455237,1.18101344665046
1413,intercept,1.25485489072038,0.083954642391378,1.09030379163328,1.41940598980748
1413,AIPW,1.030994530637,0.0589339938494703,0.915483902692036,1.14650515858196
1414,Tlearner,0.943137832044621,0.0615803245141916,0.822442613840516,1.06383305024873
1414,Rlearner,0.961698987909516,0.0583016565930547,0.847429840748107,1.07596813507093
1414,intercept,1.08320363808176,0.0804669211960407,0.925488472537522,1.240918803626
1414,AIPW,0.986221134536594,0.0474574285058472,0.893204574665133,1.07923769440805
1415,Tlearner,1.09605342700763,0.0638758028205202,0.970859153995833,1.22124770001944
1415,Rlearner,1.04381784382397,0.0630161843250462,0.920308392103738,1.16732729554419
1415,intercept,1.21427497270163,0.0841870361234142,1.04926838189974,1.37928156350352
1415,AIPW,0.946923874689034,0.150234539515224,0.652464177239195,1.24138357213887
1416,Tlearner,0.956457954731239,0.0610876853840802,0.836728291479528,1.07618761798295
1416,Rlearner,0.963669665339612,0.0590576047686417,0.847918886979873,1.07942044369935
1416,intercept,1.21187497377789,0.0828586865524241,1.04947194813514,1.37427799942064
1416,AIPW,0.951879259046916,0.0476279992027661,0.858528380609494,1.04523013748434
1417,Tlearner,0.929884263230308,0.0575692767341982,0.81705055421526,1.04271797224536
1417,Rlearner,0.887162666519467,0.0589196469019571,0.771682280609814,1.00264305242912
1417,intercept,1.07396765444775,0.0794033284226978,0.918337130739265,1.22959817815624
1417,AIPW,0.921700703828618,0.0485703285140764,0.826502859941028,1.01689854771621
1418,Tlearner,0.952624133886047,0.0615900878278722,0.831909779938759,1.07333848783334
1418,Rlearner,1.02079807291953,0.0607242364963867,0.901780756397922,1.13981538944114
1418,intercept,1.1838624949061,0.0843163536089398,1.01860244183258,1.34912254797962
1418,AIPW,1.04165762980999,0.0464514785241511,0.950612731902652,1.13270252771732
1419,Tlearner,0.884338898745859,0.0596342122291927,0.767457990530223,1.00121980696149
1419,Rlearner,0.952551642524477,0.0576489269149535,0.839561822023787,1.06554146302517
1419,intercept,1.12964452803227,0.0717773917305099,0.988960840240466,1.27032821582406
1419,AIPW,0.855248901443982,0.141554017331738,0.577803027473775,1.13269477541419
1420,Tlearner,0.970213486043702,0.0608076600983316,0.851032662266819,1.08939430982059
1420,Rlearner,0.962474634460544,0.0598165455558681,0.845236359491443,1.07971290942964
1420,intercept,1.30149618016365,0.0828884502424283,1.13903481768849,1.46395754263881
1420,AIPW,0.96172716168145,0.0607809643309822,0.842596471592725,1.08085785177018
1421,Tlearner,0.996776161743433,0.0672837555678085,0.864902424085932,1.12864989940093
1421,Rlearner,1.02994198694923,0.0650229535086803,0.902499339903795,1.15738463399467
1421,intercept,1.26529791742206,0.085348614051121,1.09801463388186,1.43258120096226
1421,AIPW,1.03440788707808,0.0490128761527739,0.938342649818642,1.13047312433752
1422,Tlearner,1.06144449816065,0.0595296441198033,0.944768539673347,1.17812045664795
1422,Rlearner,1.08047922815812,0.055025220683421,0.972631777377248,1.18832667893899
1422,intercept,1.23245337178589,0.0737189588866886,1.08796421236799,1.3769425312038
1422,AIPW,1.14768894198619,0.0699640538596445,1.01055939642128,1.28481848755109
1423,Tlearner,1.06663873915524,0.0586554952560911,0.951676080957943,1.18160139735254
1423,Rlearner,1.07699140095147,0.0545748339663233,0.970026691915224,1.18395610998772
1423,intercept,1.23856382088439,0.0742425849039498,1.09304835447265,1.38407928729613
1423,AIPW,1.05863236761992,0.049886411243891,0.960855001581896,1.15640973365795
1425,Tlearner,1.01607005000653,0.0619411391342664,0.894667648141979,1.13747245187107
1425,Rlearner,1.00398726276511,0.0645402800873665,0.877490638241741,1.13048388728847
1425,intercept,1.11102431036294,0.0900205478365995,0.934584036603201,1.28746458412267
1425,AIPW,1.02687744262127,0.0622141332257601,0.904937741498775,1.14881714374376
1426,Tlearner,1.02884047571292,0.0645375005737039,0.902349298936225,1.15533165248961
1426,Rlearner,1.08705065494841,0.0591726726365817,0.971074347711731,1.20302696218509
1426,intercept,1.18577361088572,0.0745497473204788,1.03965610613759,1.33189111563386
1426,AIPW,1.03322168813567,0.0475086499063649,0.940104734319193,1.12633864195214
1427,Tlearner,0.983099693268709,0.0626635602782401,0.860281371980304,1.10591801455711
1427,Rlearner,0.9955522621677,0.0640499139482865,0.870016737616169,1.12108778671923
1427,intercept,1.09228607476365,0.0905947565471109,0.914720351931312,1.26985179759599
1427,AIPW,1.00817792028415,0.0448668478708212,0.920238898457339,1.09611694211096
1428,Tlearner,1.11220294795691,0.0595035068396539,0.995578217597353,1.22882767831646
1428,Rlearner,1.1107136721706,0.0575140170359836,0.997988270173845,1.22343907416735
1428,intercept,1.34092127928918,0.0791821614452902,1.18572424285641,1.49611831572195
1428,AIPW,1.11843899861389,0.0427937482738316,1.03456325199718,1.2023147452306
1429,Tlearner,0.968295983397729,0.0662428478120436,0.838462387452756,1.0981295793427
1429,Rlearner,0.983172223558735,0.0641483000624687,0.857443865766828,1.10890058135064
1429,intercept,1.13534866441249,0.0835098057498757,0.971669445142737,1.29902788368225
1429,AIPW,1.01349492593811,0.0492333099423274,0.916997638451152,1.10999221342508
1430,Tlearner,0.994033026880048,0.0657699978746499,0.865126199782458,1.12293985397764
1430,Rlearner,0.982674957118528,0.0633401634585646,0.858530517964862,1.1068193962722
1430,intercept,1.14180447395202,0.082671967849956,0.979767416966108,1.30384153093794
1430,AIPW,1.03963316828604,0.0573767637649788,0.927174711306679,1.1520916252654
1431,Tlearner,0.99483434773513,0.0696798089166201,0.858264431808922,1.13140426366134
1431,Rlearner,1.09166613005288,0.0626106270674878,0.968951555951132,1.21438070415462
1431,intercept,1.26745673147871,0.0757537592881972,1.11897936327384,1.41593409968357
1431,AIPW,1.0283503160425,0.0487877006479928,0.932726422772431,1.12397420931256
1432,Tlearner,0.988272431177069,0.0595321135508863,0.871591632693783,1.10495322966036
1432,Rlearner,0.974514361263332,0.0590572527345003,0.858764272877832,1.09026444964883
1432,intercept,1.11203455913477,0.0793811515431643,0.956447502110167,1.26762161615937
1432,AIPW,0.996603255317706,0.0423635644710506,0.913570668954447,1.07963584168097
1433,Tlearner,1.02832269225367,0.0673981222422498,0.896224800033232,1.16042058447411
1433,Rlearner,0.9981242138053,0.0626008543409123,0.875428793895674,1.12081963371493
1433,intercept,1.34752443398709,0.0832224280391289,1.1844084750304,1.51064039294378
1433,AIPW,0.989385327002779,0.0450112106113504,0.901163354204532,1.07760729980103
1434,Tlearner,1.11354454185001,0.0572637444645936,1.0013096650795,1.22577941862052
1434,Rlearner,1.11346621656549,0.0569663921313557,1.00181413965885,1.22511829347213
1434,intercept,1.3293797177014,0.0761613060223317,1.18010355789763,1.47865587750517
1434,AIPW,1.14147984102457,0.0444559219125831,1.05434623407591,1.22861344797323
1435,Tlearner,1.12669615566876,0.0592318234154597,1.01060391503582,1.2427883963017
1435,Rlearner,1.07974004400469,0.0573765119251954,0.967284147072772,1.1921959409366
1435,intercept,1.37758869572468,0.0787176198105805,1.22330216089594,1.53187523055342
1435,AIPW,1.15011716847505,0.0701709371804908,1.01258213160129,1.28765220534881
1436,Tlearner,0.964035283894949,0.0620349755746775,0.842448965986759,1.08562160180314
1436,Rlearner,0.953421622071653,0.0587549005810588,0.838264133017546,1.06857911112576
1436,intercept,1.00952982952436,0.0818173666488786,0.849167790892557,1.16989186815616
1436,AIPW,0.977343006259508,0.0544855671549605,0.870551294635785,1.08413471788323
1438,Tlearner,0.960276240269813,0.0598723307065738,0.842928628414457,1.07762385212517
1438,Rlearner,0.910016694014209,0.0614722278531966,0.789533341372504,1.03050004665591
1438,intercept,1.07595370089813,0.0833712653269825,0.912546020857244,1.23936138093902
1438,AIPW,0.958928793412082,0.0546873930751557,0.851741502984777,1.06611608383939
1439,Tlearner,1.06644556608699,0.0593442545840433,0.950132964412885,1.18275816776109
1439,Rlearner,1.01626552126487,0.0565694367551912,0.905391462598979,1.12713957993076
1439,intercept,1.16084498285339,0.0756037880222155,1.01266155832985,1.30902840737694
1439,AIPW,1.06027400454034,0.0631532390572146,0.936493655988202,1.18405435309248
1440,Tlearner,0.983305322096506,0.0652577312997927,0.85540251903612,1.11120812515689
1440,Rlearner,0.97986526120341,0.0658442345942093,0.850812932809153,1.10891758959767
1440,intercept,1.10375996491573,0.0855980094576404,0.935987866378758,1.27153206345271
1440,AIPW,0.957357445971144,0.0544753532765857,0.850585753549036,1.06412913839325
1441,Tlearner,0.88948823883727,0.0648263076289686,0.762431010633778,1.01654546704076
1441,Rlearner,0.976774810681485,0.0609303774868775,0.857353465242775,1.09619615612019
1441,intercept,1.1903947436775,0.0781690019574339,1.03718349984093,1.34360598751407
1441,AIPW,0.916200832596327,0.0748214826739757,0.769550726555334,1.06285093863732
1442,Tlearner,0.994780713620131,0.0621531947303528,0.872962690424535,1.11659873681573
1442,Rlearner,0.968047321599467,0.0562558657095653,0.857787850889598,1.07830679230934
1442,intercept,1.13134792041318,0.0737349036997362,0.986827509161701,1.27586833166467
1442,AIPW,0.956696959915102,0.0623596421038041,0.834472061391646,1.07892185843856
1443,Tlearner,1.13148689132462,0.0610169611688212,1.01189584498765,1.25107793766158
1443,Rlearner,1.14505618349495,0.0612743058662121,1.02496075081949,1.26515161617042
1443,intercept,1.19005478973843,0.0783858416565934,1.03641854009151,1.34369103938536
1443,AIPW,1.15809836616192,0.0567530564762942,1.04686237546839,1.26933435685546
1444,Tlearner,0.959661672486431,0.0610986514634336,0.839910516114135,1.07941282885873
1444,Rlearner,0.936966492929223,0.0602994090433531,0.818781822915202,1.05515116294324
1444,intercept,1.07637276516762,0.075335572512997,0.928715043042143,1.22403048729309
1444,AIPW,0.99804876450739,0.0538668058538894,0.892469825033767,1.10362770398101
1445,Tlearner,1.00889617354982,0.0646741417827717,0.882137184924547,1.13565516217509
1445,Rlearner,1.08310984775987,0.0580802584918929,0.969274632902982,1.19694506261675
1445,intercept,1.1471510941284,0.0757819961044687,0.998618381763639,1.29568380649316
1445,AIPW,1.06579776775932,0.0509822220646551,0.965872612512598,1.16572292300605
1446,Tlearner,1.09859094161899,0.0590609978942084,0.98283351285535,1.21434837038264
1446,Rlearner,1.11274926634092,0.0582580551508971,0.998565576435813,1.22693295624603
1446,intercept,1.24766984550264,0.0766164780182032,1.09750154858696,1.39783814241832
1446,AIPW,1.07836504129637,0.0698533786539968,0.941452419134537,1.2152776634582
1447,Tlearner,1.04830117988545,0.0598050570087059,0.931085422055025,1.16551693771588
1447,Rlearner,1.0661121650228,0.0609945130246053,0.94656511624001,1.18565921380558
1447,intercept,1.18088948590307,0.0847046826107524,1.01486830798599,1.34691066382014
1447,AIPW,1.24594931476704,0.147416500042969,0.957012974682824,1.53488565485126
1448,Tlearner,1.1046273205143,0.0602135607510813,0.986610910061266,1.22264373096733
1448,Rlearner,1.07607981887675,0.0593283525650188,0.959798384587217,1.19236125316628
1448,intercept,1.19892924407065,0.0732951077761402,1.05527083282941,1.34258765531188
1448,AIPW,1.17611239609146,0.0826710294384989,1.01407717839201,1.33814761379092
1449,Tlearner,1.05080735111516,0.06487179718988,0.923660965010611,1.17795373721971
1449,Rlearner,1.05499745026092,0.0568844866748554,0.943505905099152,1.16648899542268
1449,intercept,1.25142481194639,0.0799204469748248,1.09478073587573,1.40806888801704
1449,AIPW,1.07976573498241,0.0435714802010664,0.994365633788321,1.1651658361765
1450,Tlearner,0.983234620612359,0.0590846670855625,0.867430801086118,1.0990384401386
1450,Rlearner,0.997785990448471,0.0565181569562301,0.887012438341678,1.10855954255526
1450,intercept,1.17192021906896,0.0741992772224905,1.02648963571288,1.31735080242504
1450,AIPW,1.04033878000455,0.0465998492679819,0.949003075439309,1.1316744845698
1451,Tlearner,0.891974788893479,0.0596582809224673,0.775046706905871,1.00890287088109
1451,Rlearner,0.945324850782983,0.0605666435310221,0.826616410797704,1.06403329076826
1451,intercept,1.06166572507473,0.0804921533457624,0.903901104517032,1.21943034563242
1451,AIPW,0.95664020553419,0.0624641249138127,0.834210520703117,1.07906989036526
1452,Tlearner,0.85542086206662,0.0658282400835181,0.726399882337269,0.984441841795971
1452,Rlearner,0.907489571827424,0.0644252914349912,0.781218320921345,1.0337608227335
1452,intercept,1.13835490794241,0.093183186624096,0.955715862159186,1.32099395372564
1452,AIPW,0.875660644116468,0.0442397569360717,0.788950720521767,0.962370567711168
1453,Tlearner,0.966628759715404,0.0660828567956877,0.837108740400338,1.09614877903047
1453,Rlearner,1.03127930394426,0.0606756080660734,0.912357297394692,1.15020131049384
1453,intercept,1.29540708223813,0.0849979791602991,1.12881104308394,1.46200312139232
1453,AIPW,1.0041042655368,0.0731658771388285,0.860699146344699,1.14750938472891
1454,Tlearner,0.886020783534786,0.0640924368296236,0.760401915667315,1.01163965140226
1454,Rlearner,0.890996118715579,0.0585867971780272,0.776168106277093,1.00582413115407
1454,intercept,1.03856392645613,0.0799420304250128,0.881877546823101,1.19525030608915
1454,AIPW,0.86733028653276,0.0527421529714551,0.763955666708708,0.970704906356812
1455,Tlearner,1.1956923349675,0.0723833197832558,1.05382363511087,1.33756103482412
1455,Rlearner,1.15891382027824,0.0586022701094957,1.04405548145134,1.27377215910513
1455,intercept,1.33121647579617,0.0848892404220819,1.16483356456889,1.49759938702345
1455,AIPW,1.18525816609167,0.0464555704580082,1.09420524799398,1.27631108418937
1456,Tlearner,0.995172345225548,0.0609273723743365,0.875756889699188,1.11458780075191
1456,Rlearner,1.0517554569087,0.0579299561090803,0.938214829308917,1.16529608450848
1456,intercept,1.22575032795859,0.085412950193215,1.05834094557989,1.39315971033729
1456,AIPW,1.06967910567007,0.0559825879889883,0.959953233211657,1.17940497812849
1457,Tlearner,1.01844659847819,0.0634864782167912,0.894015387667991,1.14287780928839
1457,Rlearner,1.03537587915014,0.0612641491185185,0.915300353334355,1.15545140496593
1457,intercept,1.166595278437,0.082039225857172,1.00579839575694,1.32739216111705
1457,AIPW,1.01041811954541,0.0437247122680011,0.924717683500124,1.09611855559069
1458,Tlearner,0.967082984876261,0.0637838261805143,0.84206898276629,1.09209698698623
1458,Rlearner,0.992963532246093,0.0628741636041769,0.869732436023827,1.11619462846836
1458,intercept,1.14411149087814,0.0784294972010983,0.990389676363987,1.29783330539229
1458,AIPW,1.01192058225327,0.046325256639552,0.921123079239745,1.10271808526679
1459,Tlearner,1.0310499069748,0.0600325071129704,0.913388355131737,1.14871145881787
1459,Rlearner,1.07268787948313,0.0572257820115995,0.960527407753256,1.18484835121301
1459,intercept,1.20664362693138,0.0704336751653566,1.06859362360728,1.34469363025548
1459,AIPW,1.06193792872909,0.0447101297743002,0.974306074371463,1.14956978308672
1460,Tlearner,1.06886024796949,0.0576280623205281,0.955911321322427,1.18180917461656
1460,Rlearner,1.10727305527147,0.0514872612775622,1.00635987750485,1.2081862330381
1460,intercept,1.31251042561024,0.0765984887944415,1.16237738757313,1.46264346364734
1460,AIPW,1.08858798012384,0.0477016882985227,0.995092671058731,1.18208328918894
1461,Tlearner,1.03836808561295,0.0651609843441371,0.910654903101263,1.16608126812464
1461,Rlearner,0.972391086434216,0.0611295338021963,0.852579401790188,1.09220277107824
1461,intercept,1.13773556970104,0.0853662665734352,0.970417687217103,1.30505345218497
1461,AIPW,1.00264915152467,0.0562045136643226,0.892488304742599,1.11280999830674
1462,Tlearner,1.11091915703144,0.0558634673818525,1.00142877291148,1.2204095411514
1462,Rlearner,1.14623092443066,0.0515902593519276,1.0451158741478,1.24734597471352
1462,intercept,1.20002126276883,0.0694292338803011,1.06393996436344,1.33610256117422
1462,AIPW,1.13019916583429,0.0450563171677041,1.04188878418559,1.21850954748299
1463,Tlearner,0.959146017077051,0.0640612649917217,0.8335882448892,1.0847037892649
1463,Rlearner,0.986569062685771,0.0614668542260355,0.866096242159767,1.10704188321177
1463,intercept,1.11921465639661,0.0789925663124846,0.964389226424145,1.27404008636908
1463,AIPW,0.941704425443429,0.0659385983530993,0.812464772671354,1.0709440782155
1464,Tlearner,1.16551979443093,0.0594647221494923,1.04897108066724,1.28206850819462
1464,Rlearner,1.19267231128495,0.0555934747885539,1.08371110292395,1.30163351964595
1464,intercept,1.38941598067086,0.0795032002433395,1.23358970819392,1.54524225314781
1464,AIPW,1.18930675611083,0.0557561839617392,1.08002463554582,1.29858887667583
1465,Tlearner,0.998411219384677,0.062794960525345,0.875335358344386,1.12148708042497
1465,Rlearner,1.00033072496887,0.0644758295659976,0.87396042114617,1.12670102879157
1465,intercept,1.14226546835855,0.0893666286647682,0.967106876175608,1.3174240605415
1465,AIPW,1.01674345911526,0.0449866145428696,0.928569694611232,1.10491722361928
1466,Tlearner,1.12062562225845,0.0593679541657232,1.00426657025781,1.23698467425909
1466,Rlearner,1.12238354318349,0.0577614675570073,1.00917314707758,1.23559393928941
1466,intercept,1.19417160963626,0.0884701865857686,1.02077004392815,1.36757317534436
1466,AIPW,1.14969229132501,0.0496532511667257,1.05237191903822,1.24701266361179
1467,Tlearner,1.01555760612293,0.061203641829955,0.895600672413526,1.13551453983233
1467,Rlearner,1.08152744808143,0.0596241382527778,0.964666284496745,1.19838861166611
1467,intercept,1.21377037008425,0.0751927880470395,1.06639250551205,1.36114823465644
1467,AIPW,1.00344615784558,0.0692757220868952,0.867665742555263,1.13922657313589
1468,Tlearner,1.0460195370569,0.0589961272037279,0.930389252510246,1.16164982160355
1468,Rlearner,1.02744819364189,0.0588792652994599,0.912046954218768,1.14284943306501
1468,intercept,1.13151362401078,0.0756034569527134,0.983330848383464,1.2796963996381
1468,AIPW,1.05496950316206,0.0423683925712331,0.971927453722447,1.13801155260168
1469,Tlearner,0.972323624088913,0.0635941904457165,0.847681301189328,1.0969659469885
1469,Rlearner,0.977098515081551,0.058255829126708,0.862919188103684,1.09127784205942
1469,intercept,1.1283101306306,0.078046773218818,0.975338455121713,1.28128180613948
1469,AIPW,0.978616783052854,0.0777339139692238,0.826258311673175,1.13097525443253
1470,Tlearner,1.09888326581326,0.0634769505884983,0.974470728811371,1.22329580281514
1470,Rlearner,1.15244947970078,0.063148167708285,1.02868134530284,1.27621761409871
1470,intercept,1.298743264358,0.082719744751395,1.13661256464526,1.46087396407073
1470,AIPW,1.16100365683582,0.0462468246329767,1.07035988055519,1.25164743311646
1471,Tlearner,0.856078854503872,0.0616692657386548,0.735209314703079,0.976948394304665
1471,Rlearner,0.832383056595593,0.0626691568218265,0.709553766283321,0.955212346907866
1471,intercept,1.02318465935722,0.085181279556769,0.856229351425951,1.19013996728849
1471,AIPW,0.856811629496635,0.0460717039456382,0.766511089763185,0.947112169230086
1472,Tlearner,0.994213129916756,0.0611205570123278,0.874419039457566,1.11400722037595
1472,Rlearner,1.03979604273076,0.0563549296918293,0.929342410183489,1.15024967527803
1472,intercept,1.25021780688459,0.0758438106345026,1.10156393804097,1.39887167572822
1472,AIPW,1.0439149074145,0.0469930001305155,0.951808627158685,1.13602118767031
1473,Tlearner,0.957838356890251,0.058480824298877,0.843218047478237,1.07245866630226
1473,Rlearner,0.951362272823322,0.0564969837628093,0.840630219413071,1.06209432623357
1473,intercept,1.09263301098691,0.0761223067633779,0.943433289730688,1.24183273224313
1473,AIPW,0.97476138799839,0.0474216491009173,0.881814955760592,1.06770782023619
1474,Tlearner,0.953950278323991,0.064275186601495,0.82797322748547,1.07992732916251
1474,Rlearner,0.997204292247137,0.0624283744469863,0.874846926717663,1.11956165777661
1474,intercept,1.04158977584674,0.0795203736760365,0.885729843441706,1.19744970825177
1474,AIPW,0.980838075534664,0.0460276442933541,0.89062389271969,1.07105225834964
1475,Tlearner,1.05973362512796,0.0657848604194185,0.930797667977908,1.18866958227802
1475,Rlearner,1.05489547961962,0.065064143334218,0.927372101999603,1.18241885723964
1475,intercept,1.24089285364694,0.0892057580411385,1.06604956788631,1.41573613940757
1475,AIPW,1.0640828100485,0.0609090551591259,0.94470106193661,1.18346455816038
1476,Tlearner,0.960305368851542,0.0610992516454145,0.84055303614418,1.0800577015589
1476,Rlearner,0.974471772686807,0.0553288571924216,0.8660292052839,1.08291434008971
1476,intercept,1.14658089485304,0.0755305684774716,0.998540980637198,1.29462080906889
1476,AIPW,0.966006443839223,0.0449855708518469,0.877834724969604,1.05417816270884
1477,Tlearner,1.12757585165095,0.057698087360396,1.01448967844773,1.24066202485417
1477,Rlearner,1.15707677767959,0.0588205933724089,1.04179053312039,1.27236302223878
1477,intercept,1.29836059548724,0.0784358528499716,1.1446263239013,1.45209486707319
1477,AIPW,1.15841921847394,0.0585631603859161,1.04363542411754,1.27320301283033
1478,Tlearner,1.08702289334213,0.0576614163193217,0.974008594058693,1.20003719262557
1478,Rlearner,1.11239297681362,0.0581913439097429,0.998340038538536,1.2264459150887
1478,intercept,1.24092097974776,0.0765178594017666,1.09094597532029,1.39089598417522
1478,AIPW,1.09429877602773,0.0468080700410306,1.00255495874731,1.18604259330815
1479,Tlearner,1.01660501920502,0.0600423099896926,0.898924254076632,1.13428578433341
1479,Rlearner,1.01184696495649,0.0580843380346107,0.898003754342804,1.12569017557018
1479,intercept,1.06229700974365,0.078719911353316,0.908005983491147,1.21658803599615
1479,AIPW,1.00340484033121,0.0457944576188623,0.913647703398237,1.09316197726418
1480,Tlearner,1.04034889377942,0.0599908778301952,0.922768933831291,1.15792885372754
1480,Rlearner,0.99901531415008,0.0610708052886468,0.879318735277474,1.11871189302269
1480,intercept,1.21997239989974,0.08078133108033,1.0616409909823,1.37830380881719
1480,AIPW,0.955350560828005,0.0824861828684096,0.793677642405922,1.11702347925009
1481,Tlearner,0.984230323079883,0.0624577000360428,0.861815480452033,1.10664516570773
1481,Rlearner,0.920369300853392,0.0666625522346575,0.789713099355943,1.05102550235084
1481,intercept,1.15831121827898,0.0852365189098822,0.991247641215607,1.32537479534235
1481,AIPW,0.841740677857057,0.142596593929494,0.562251353755248,1.12123000195887
1483,Tlearner,0.938608784919079,0.0615126847874582,0.818046138143296,1.05917143169486
1483,Rlearner,0.928976136224046,0.0590497057494395,0.813240839657457,1.04471143279064
1483,intercept,1.16803290681008,0.0790094306923297,1.01317442265311,1.32289139096705
1483,AIPW,0.771274002277992,0.150883484728244,0.475542372210634,1.06700563234535
1484,Tlearner,1.08104541189797,0.0596802150941469,0.964074339723836,1.1980164840721
1484,Rlearner,1.06681966292621,0.0593125737329923,0.950569154579165,1.18307017127325
1484,intercept,1.13814104456763,0.0805116796089929,0.980338152534008,1.29594393660126
1484,AIPW,1.09638640790634,0.0513812037671007,0.995679248522824,1.19709356728986
1486,Tlearner,1.02056811413896,0.0605748160764499,0.901843656258979,1.13929257201894
1486,Rlearner,1.09328891572696,0.0567348998203888,0.982090555412511,1.20448727604141
1486,intercept,1.24926843854261,0.0783472023183616,1.09570792199862,1.4028289550866
1486,AIPW,1.01376216795871,0.0531990658405874,0.909491998911159,1.11803233700626
1487,Tlearner,0.992821422519545,0.0652034474752984,0.865025013800111,1.12061783123898
1487,Rlearner,1.00385463143388,0.0670709719376313,0.872397942028029,1.13531132083974
1487,intercept,1.26735725450134,0.0923776720149382,1.08629701735207,1.44841749165062
1487,AIPW,0.978708590704234,0.0616970176704057,0.857782436070238,1.09963474533823
1488,Tlearner,1.01981104085371,0.0625333357444923,0.897247954961356,1.14237412674607
1488,Rlearner,1.0272682174455,0.0587660540136027,0.912088868065308,1.1424475668257
1488,intercept,1.25931029248712,0.0725865752691797,1.11704060495953,1.40157998001471
1488,AIPW,1.05609806969358,0.0597691177834732,0.938950598837977,1.17324554054919
1489,Tlearner,0.968934757266563,0.0616182472030258,0.848165211958146,1.08970430257498
1489,Rlearner,1.03689022011754,0.0627924328697799,0.913819313191123,1.15996112704396
1489,intercept,1.1540914544346,0.0862605724786607,0.985020732376425,1.32316217649278
1489,AIPW,1.01733613730289,0.0777682205758761,0.864910424974174,1.16976184963161
1490,Tlearner,1.0613659937562,0.0635570363737058,0.936796491499635,1.18593549601277
1490,Rlearner,1.03483198721738,0.061883730278819,0.913542104641901,1.15612186979285
1490,intercept,1.22098618802677,0.0883953526505658,1.04773129683166,1.39424107922188
1490,AIPW,1.0593903284896,0.0511734275513393,0.959090410488978,1.15969024649023
1491,Tlearner,0.996503709797888,0.060356589482671,0.878206968182184,1.11480045141359
1491,Rlearner,0.955501160642164,0.0598214750732083,0.838253223996615,1.07274909728771
1491,intercept,1.11010496253744,0.0830174012693312,0.947390856049547,1.27281906902533
1491,AIPW,0.987258034732438,0.0560333148685675,0.877432737590045,1.09708333187483
1492,Tlearner,1.03028787677798,0.0611974548910726,0.91034306924596,1.15023268430999
1492,Rlearner,1.0706160593476,0.0555516074111554,0.961736909538429,1.17949520915677
1492,intercept,1.17641908032283,0.0693674057671873,1.04045896501914,1.31237919562652
1492,AIPW,1.03634444501328,0.0446340102224285,0.94886178497732,1.12382710504924
1493,Tlearner,1.06076657218486,0.0610908864127781,0.94103063503219,1.18050250933753
1493,Rlearner,1.0848166153858,0.0560840014977813,0.974893992341262,1.19473923843035
1493,intercept,1.26630899377683,0.0718029942653033,1.12557512501683,1.40704286253682
1493,AIPW,1.06788191058087,0.0498595005368401,0.970157289528668,1.16560653163308
1494,Tlearner,0.979673104088701,0.0612847236738236,0.859557252885518,1.09978895529188
1494,Rlearner,0.974137667128779,0.0603922286416571,0.855771074045023,1.09250426021254
1494,intercept,1.11754272620324,0.0786046792578076,0.963477554857933,1.27160789754854
1494,AIPW,0.961843319536754,0.0516387697604035,0.860631330806363,1.06305530826715
1495,Tlearner,0.95117415707099,0.0598094718025421,0.833949746403644,1.06839856773834
1495,Rlearner,1.00467522865109,0.0594676970231559,0.888120684242168,1.12122977306002
1495,intercept,1.13494406118326,0.0814774344032241,0.975248289752945,1.29463983261358
1495,AIPW,0.97689158444718,0.0488328255393104,0.881179246390131,1.07260392250423
1496,Tlearner,1.02270864810122,0.0568012126159031,0.911380317095853,1.1340369791066
1496,Rlearner,1.08479311242571,0.056343185720395,0.974362497639489,1.19522372721194
1496,intercept,1.22751789974531,0.0740026589663948,1.08247268817117,1.37256311131944
1496,AIPW,1.08737534368555,0.0484582672979827,0.992397139781503,1.1823535475896
1497,Tlearner,0.94650550486482,0.0626781816520464,0.82365852621035,1.06935248351929
1497,Rlearner,0.969770962682285,0.0625500035887444,0.847175208415495,1.09236671694907
1497,intercept,1.10825403303327,0.0835837032508112,0.94442997466168,1.27207809140486
1497,AIPW,0.97619554005585,0.0486214488753845,0.880897500260096,1.0714935798516
1498,Tlearner,0.996871543463961,0.0612551175079825,0.876813719279547,1.11692936764838
1498,Rlearner,0.969067307213068,0.0587496398227246,0.853920129055828,1.08421448537031
1498,intercept,1.17422996128627,0.0746801596068524,1.02785684845684,1.3206030741157
1498,AIPW,0.976217087517337,0.047465350132021,0.883185001258576,1.0692491737761
1499,Tlearner,1.05902069447038,0.0630298059327011,0.935484544889737,1.18255684405102
1499,Rlearner,0.994975565100626,0.0636747511000815,0.870175346219914,1.11977578398134
1499,intercept,1.19384263471565,0.081733101098319,1.03364575656295,1.35403951286836
1499,AIPW,1.06774264894865,0.0467419077202164,0.976128509817028,1.15935678808028
1500,Tlearner,0.967194448963252,0.0613993822826172,0.846853871016316,1.08753502691019
1500,Rlearner,0.992691283503033,0.0618113979833498,0.871543169621596,1.11383939738447
1500,intercept,1.28388181371072,0.0751882736535986,1.13651279734967,1.43125083007178
1500,AIPW,1.01644108364077,0.0455999390784758,0.927065203046962,1.10581696423459
1501,Tlearner,1.0968358268873,0.0635880373173297,0.972205563897747,1.22146608987686
1501,Rlearner,1.12754110040813,0.0608362955636963,1.00830415215045,1.24677804866581
1501,intercept,1.30109453965166,0.0780955222865785,1.14802731596997,1.45416176333335
1501,AIPW,1.15773149926486,0.0509595913139797,1.05785070028946,1.25761229824026
1502,Tlearner,1.19147962304758,0.061806934791026,1.07034025686235,1.3126189892328
1502,Rlearner,1.1661255855077,0.0617858717603691,1.04502750210397,1.28722366891144
1502,intercept,1.4478964418265,0.0839148115304376,1.28342341122685,1.61236947242616
1502,AIPW,1.15179272242526,0.0682202192846189,1.01808109262741,1.28550435222312
1503,Tlearner,1.00258454268755,0.0596381492919993,0.885695917970611,1.11947316740449
1503,Rlearner,1.04015570236231,0.0624474070526205,0.917761033611259,1.16255037111336
1503,intercept,1.21475826028683,0.0832234740619104,1.05164025112549,1.37787626944818
1503,AIPW,1.08223478365839,0.0611827920026021,0.962316511333289,1.20215305598349
1504,Tlearner,1.04520911570583,0.0577076675344329,0.932104165706532,1.15831406570513
1504,Rlearner,0.994948083174002,0.0575428359349494,0.882166197173204,1.1077299691748
1504,intercept,1.21372936361564,0.0819859238362802,1.05303695289653,1.37442177433475
1504,AIPW,1.0294290843251,0.0457999023194883,0.939661275778902,1.1191968928713
1505,Tlearner,1.04235672310376,0.0629683537381522,0.918941017611199,1.16577242859631
1505,Rlearner,1.02489834524794,0.0576330058556556,0.911939729450065,1.13785696104581
1505,intercept,1.24047772104764,0.0787686501063033,1.08609116683929,1.394864275256
1505,AIPW,1.06803407869364,0.0500832409847355,0.969870926363559,1.16619723102372
1506,Tlearner,0.947525153492251,0.0587422844848469,0.832392391532345,1.06265791545216
1506,Rlearner,0.994216924030979,0.0565268092160784,0.883426413806499,1.10500743425546
1506,intercept,1.10481232399928,0.0757406952686409,0.95636056127274,1.25326408672581
1506,AIPW,0.992209803667608,0.0507378434353873,0.892763630534249,1.09165597680097
1507,Tlearner,0.991803764692016,0.0625847919974505,0.869139826397082,1.11446770298695
1507,Rlearner,1.03404932565747,0.0602251956646714,0.916010111192837,1.1520885401221
1507,intercept,1.20939436130187,0.0781122615220138,1.05629432871872,1.36249439388501
1507,AIPW,0.786764672476907,0.263284422467143,0.270727204441307,1.30280214051251
1508,Tlearner,1.07205477296575,0.0633229851133003,0.947944002750119,1.19616554318139
1508,Rlearner,1.04720322225259,0.0599072189270532,0.92978723074161,1.16461921376357
1508,intercept,1.11002405744225,0.0841508284240134,0.945088433731181,1.27495968115331
1508,AIPW,0.99459940914134,0.0603117957445486,0.876388289482025,1.11281052880066
1509,Tlearner,1.06247535245715,0.0659787886684085,0.933159302923488,1.19179140199081
1509,Rlearner,1.04882404467273,0.0605951450675169,0.930059742702413,1.16758834664304
1509,intercept,1.18493174170859,0.0787862715090445,1.03051064955086,1.33935283386631
1509,AIPW,1.02544952399966,0.0557032709121385,0.916271113011864,1.13462793498745
1510,Tlearner,0.915408106578989,0.0599489211467205,0.797910380219385,1.03290583293859
1510,Rlearner,0.915425351373777,0.0575849145548296,0.802560992793494,1.02828970995406
1510,intercept,1.05216482591116,0.0769154888485931,0.901410467767914,1.2029191840544
1510,AIPW,0.956741696662411,0.044826363073259,0.868882025038824,1.044601368286
1512,Tlearner,1.08148724374368,0.0612229726630981,0.961492422297528,1.20148206518983
1512,Rlearner,1.11969696474027,0.0605439367190036,1.00103302928875,1.23836090019178
1512,intercept,1.23363804053805,0.0853390538480381,1.06637349499589,1.4009025860802
1512,AIPW,1.10069633784253,0.0582652046661388,0.986496536696899,1.21489613898816
1513,Tlearner,1.09961443849091,0.0629008177280319,0.976331101145849,1.22289777583597
1513,Rlearner,1.13626762531695,0.066963361374845,1.00502184873852,1.26751340189539
1513,intercept,1.31772520498987,0.0915325999582588,1.13832130907168,1.49712910090805
1513,AIPW,1.14688105271991,0.0529284926560056,1.04314120711414,1.25062089832568
1514,Tlearner,0.889246994576816,0.0586722429629917,0.774251511477169,1.00424247767646
1514,Rlearner,0.875845114695081,0.0580850130394805,0.76200058109616,0.989689648294002
1514,intercept,1.03812156296266,0.0802958341961157,0.880741727938276,1.19550139798705
1514,AIPW,0.878091941365096,0.0542007120441533,0.771858545758556,0.984325336971637
1515,Tlearner,0.981858002742323,0.0614984887628774,0.861323179663442,1.1023928258212
1515,Rlearner,0.971960800237991,0.0604408178167689,0.853498974120977,1.09042262635501
1515,intercept,1.05750142458989,0.0753865945916748,0.909743699190208,1.20525914998957
1515,AIPW,0.918206542979875,0.0604176980754693,0.799787854751956,1.0366252312078
1516,Tlearner,1.06244497457981,0.0746555550066462,0.916122775520937,1.20876717363869
1516,Rlearner,1.02060428906817,0.0599346560742922,0.903134521736759,1.13807405639957
1516,intercept,1.15890032820075,0.0762167154722032,1.00951556587524,1.30828509052627
1516,AIPW,0.99940846306927,0.0465526484817327,0.908165272045074,1.09065165409347
1517,Tlearner,0.91617167909982,0.0668873897640057,0.785074804142476,1.04726855405716
1517,Rlearner,1.0194593912606,0.0580430693232109,0.905697065834944,1.13322171668625
1517,intercept,1.2234269416595,0.0772328011741898,1.07205065135809,1.37480323196092
1517,AIPW,0.938937251417752,0.0786247996336224,0.784832644135852,1.09304185869965
1518,Tlearner,1.03532491318044,0.0700872642585101,0.897956399458822,1.17269342690206
1518,Rlearner,1.0398829051144,0.0557400724498133,0.930634370617113,1.14913143961169
1518,intercept,1.20248311453727,0.0719799898258907,1.06140233447853,1.34356389459602
1518,AIPW,1.00992021560936,0.0415228344195082,0.928535460147128,1.0913049710716
1519,Tlearner,1.05023266924886,0.0604309276916464,0.93179022742089,1.16867511107683
1519,Rlearner,1.06896235636125,0.0604785011631758,0.950426672242462,1.18749804048004
1519,intercept,1.17368900862473,0.0793937811301688,1.0180771976096,1.32930081963986
1519,AIPW,1.02248978618904,0.0592780403186893,0.906304827164408,1.13867474521367
1520,Tlearner,1.04980851336635,0.0601706067562141,0.931876291196247,1.16774073553645
1520,Rlearner,1.11490222001329,0.062458707804819,0.992485402194929,1.23731903783164
1520,intercept,1.31985871833946,0.0829524305139798,1.15727195453205,1.48244548214686
1520,AIPW,1.08167003529413,0.0502206916189444,0.983237479720995,1.18010259086726
1521,Tlearner,1.04754729579166,0.0648110443506087,0.920519983064036,1.17457460851928
1521,Rlearner,1.12369091562211,0.0580157418470596,1.0099821510655,1.23739968017872
1521,intercept,1.19589500347512,0.0697072859259708,1.05926872306021,1.33252128389002
1521,AIPW,1.09482043415283,0.0436027636268019,1.0093590174443,1.18028185086136
1522,Tlearner,1.021297979388,0.0596747700568674,0.904337579290829,1.13825837948517
1522,Rlearner,1.04228376263581,0.0587165314750266,0.927201475647642,1.15736604962397
1522,intercept,1.16869880849758,0.0790444055299654,1.01377177365885,1.32362584333631
1522,AIPW,1.08076318251182,0.052611300918658,0.977645032711246,1.18388133231239
1523,Tlearner,0.917940431645974,0.0610902695784983,0.798205703466275,1.03767515982567
1523,Rlearner,0.977414524966868,0.0569001937886691,0.865892194427727,1.08893685550601
1523,intercept,1.13869798490248,0.0748704318849406,0.991951938408,1.28544403139697
1523,AIPW,0.93807850805969,0.042373034710316,0.85502736002747,1.02112965609191
1524,Tlearner,1.03730522264246,0.0579662797344655,0.92369340204513,1.15091704323978
1524,Rlearner,1.02238696979737,0.0577147442203007,0.909268149748644,1.13550578984611
1524,intercept,1.14956265175134,0.0793652474009159,0.994006766845547,1.30511853665714
1524,AIPW,1.01232557263168,0.0460074811610009,0.922150909556116,1.10250023570724
1525,Tlearner,0.965216423687102,0.0591677947394378,0.849249676953145,1.08118317042106
1525,Rlearner,0.932100592318231,0.0584745463332884,0.817492587492667,1.04670859714379
1525,intercept,1.05711199444305,0.0766412775985909,0.906895090349813,1.20732889853629
1525,AIPW,0.924850749756504,0.047701942795621,0.831354941877087,1.01834655763592
1526,Tlearner,1.05339355680816,0.0622583252889044,0.93136948150413,1.17541763211219
1526,Rlearner,1.04280189488298,0.0586105887372178,0.927927251845349,1.15767653792062
1526,intercept,1.12427310176378,0.0880005338770189,0.951792055364823,1.29675414816274
1526,AIPW,1.04145277126011,0.0453423813128496,0.952581703886928,1.1303238386333
1527,Tlearner,0.96263995700146,0.0591700880772074,0.84666871540807,1.07861119859485
1527,Rlearner,1.00053053824854,0.0597425793991192,0.883437234282746,1.11762384221434
1527,intercept,1.12168238695404,0.0796125367243426,0.965641814974333,1.27772295893376
1527,AIPW,0.988796582096685,0.0505413221841954,0.889735590615663,1.08785757357771
1528,Tlearner,1.11783785030172,0.0598352465326422,1.00056292209167,1.23511277851177
1528,Rlearner,1.14833206038668,0.0608170711773664,1.02913279123383,1.26753132953953
1528,intercept,1.20565012336493,0.0766270865752504,1.05546103367744,1.35583921305242
1528,AIPW,1.15964530060837,0.0459054191586442,1.06967067905743,1.24961992215932
1530,Tlearner,1.01402577763657,0.0599690538294299,0.896488591943942,1.1315629633292
1530,Rlearner,1.04765939698104,0.0572162437833478,0.935517619835018,1.15980117412707
1530,intercept,1.13360727047657,0.0744865875924094,0.987613558795446,1.27960098215769
1530,AIPW,1.13315432641284,0.0616103440935514,1.01239805198948,1.2539106008362
1531,Tlearner,1.006369809171,0.0547327214983893,0.899095646258298,1.11364397208371
1531,Rlearner,1.00578850978846,0.0533016418919936,0.901319211363306,1.11025780821362
1531,intercept,1.10153295822262,0.0683400249444826,0.967586509331433,1.2354794071138
1531,AIPW,1.03793170040542,0.0421603918409611,0.955297332397139,1.12056606841371
1532,Tlearner,0.904919442054192,0.0595179442300863,0.788266414929359,1.02157246917902
1532,Rlearner,0.926687691085044,0.057609716494584,0.813774721596096,1.03960066057399
1532,intercept,1.14597934542142,0.0831639697983458,0.982977964616663,1.30898072622618
1532,AIPW,0.906487756052633,0.0565576228174118,0.795634815330506,1.01734069677476
1533,Tlearner,0.951298370438897,0.0656201669801147,0.822685206498367,1.07991153437943
1533,Rlearner,1.0469242878903,0.0591354294322566,0.931020975992766,1.16282759978783
1533,intercept,1.17450634620966,0.0736579072074295,1.0301368480831,1.31887584433622
1533,AIPW,1.0980802967021,0.0513058979519117,0.997520736716355,1.19863985668785
1534,Tlearner,0.929119076990698,0.0604508282298595,0.810637630824556,1.04760052315684
1534,Rlearner,0.901704894724391,0.0550813380053612,0.793747456013606,1.00966233343518
1534,intercept,1.14413325142252,0.0818336225065077,0.983739351309764,1.30452715153527
1534,AIPW,0.940034290626238,0.0584107322078415,0.825549255498868,1.05451932575361
1535,Tlearner,0.942217604752381,0.0601333511689904,0.82435840219146,1.0600768073133
1535,Rlearner,0.986865438928864,0.0590159143921688,0.871196372205514,1.10253450565221
1535,intercept,1.08950887085845,0.074013292237213,0.944442818073509,1.23457492364338
1535,AIPW,0.923690560479513,0.0524250805871521,0.820937402528695,1.02644371843033
1536,Tlearner,0.95183916101357,0.0683694482091189,0.817837504880821,1.08584081714632
1536,Rlearner,0.979242645746621,0.0628704159800814,0.85601889473261,1.10246639676063
1536,intercept,1.19961594745288,0.0847759399447214,1.03345510516123,1.36577678974454
1536,AIPW,0.914624045948773,0.0729067387588832,0.771726837981362,1.05752125391618
1537,Tlearner,0.906001939550375,0.0614762525564787,0.785510698635188,1.02649318046556
1537,Rlearner,0.958810027062639,0.0586701725738059,0.84381860185123,1.07380145227405
1537,intercept,1.11245521801322,0.0832300852447719,0.949324250933465,1.27558618509297
1537,AIPW,0.991433069782941,0.0517335279440668,0.89003535501257,1.09283078455331
1538,Tlearner,0.922649680549978,0.0593472802578333,0.806331148664219,1.03896821243574
1538,Rlearner,0.924602262746562,0.0560399147152689,0.814766048207938,1.03443847728518
1538,intercept,1.190613868201,0.0821342299028879,1.02963077759134,1.35159695881066
1538,AIPW,1.0179356134798,0.0731542636214894,0.874553256781684,1.16131797017792
1539,Tlearner,1.08691096605987,0.0627551154791234,0.963913199875132,1.2099087322446
1539,Rlearner,1.10236601229889,0.0579949115794485,0.988698074316583,1.21603395028119
1539,intercept,1.2132704531112,0.0830582415459887,1.05047629968106,1.37606460654134
1539,AIPW,1.09235342590971,0.0413546482039054,1.01129831543005,1.17340853638936
1540,Tlearner,1.06552951781081,0.0640368272792642,0.940019642659238,1.19103939296238
1540,Rlearner,1.09136514950086,0.0572719068844995,0.979114274681312,1.20361602432041
1540,intercept,1.30402150691889,0.0762066414317466,1.15465648971266,1.45338652412511
1540,AIPW,1.05746906058981,0.047696590655538,0.963983742904956,1.15095437827466
1541,Tlearner,1.05108460015249,0.0602983892988238,0.932901928801019,1.16926727150396
1541,Rlearner,1.09342663177521,0.0597828392217915,0.976254420006952,1.21059884354347
1541,intercept,1.18505924793286,0.0691283548538474,1.04956767241932,1.3205508234464
1541,AIPW,1.09137499712004,0.0592360941674267,0.975272252551883,1.2074777416882
1542,Tlearner,0.937882158088059,0.0639367852188353,0.812568361771869,1.06319595440425
1542,Rlearner,0.952644870079119,0.0543343952264804,0.846151412313452,1.05913832784479
1542,intercept,1.08294629444346,0.0778672315838248,0.930326520539166,1.23556606834776
1542,AIPW,0.936263182031505,0.0518118544358534,0.834711947337232,1.03781441672578
1543,Tlearner,1.03050737859851,0.0603596495475464,0.912204639365856,1.14881011783116
1543,Rlearner,1.03533119505805,0.0600003623146511,0.917732645861976,1.15292974425412
1543,intercept,1.16280454780795,0.0805265024184802,1.00497260306772,1.32063649254817
1543,AIPW,1.034317372423,0.0476149955156611,0.940991981212306,1.1276427636337
1544,Tlearner,1.00572629660464,0.0623297773611206,0.883562177812444,1.12789041539684
1544,Rlearner,0.944085785948421,0.0601517739425441,0.82619047541484,1.061981096482
1544,intercept,1.0644625360252,0.0745450182006842,0.918354300351856,1.21057077169854
1544,AIPW,0.97850233705231,0.0546036778504912,0.871479128465347,1.08552554563927
1545,Tlearner,0.873801530446757,0.0629904345851683,0.750342547289301,0.997260513604213
1545,Rlearner,0.964143578014326,0.0607822238689509,0.845012608330931,1.08327454769772
1545,intercept,1.23433178450194,0.0815502755711549,1.07449324438247,1.3941703246214
1545,AIPW,0.913987390023689,0.0445898143352166,0.826591353926665,1.00138342612071
1546,Tlearner,0.961999027961559,0.05813502654242,0.848056469698136,1.07594158622498
1546,Rlearner,1.00855461275561,0.0545740158547288,0.901591507188622,1.11551771832259
1546,intercept,1.16424379792605,0.0833737172975456,1.00083131202286,1.32765628382924
1546,AIPW,1.07038917363436,0.0539021668861623,0.964740926537479,1.17603742073124
1547,Tlearner,1.04772162421351,0.0571430524076748,0.935723299527781,1.15971994889924
1547,Rlearner,1.08696790140886,0.054741670535744,0.979676198705244,1.19425960411247
1547,intercept,1.21066100326767,0.0678531813352372,1.0776687678506,1.34365323868473
1547,AIPW,1.14345137249382,0.0917454927996359,0.963630206606529,1.3232725383811
1548,Tlearner,0.834384765445354,0.0628103282376105,0.711278784242499,0.95749074664821
1548,Rlearner,0.836103507195509,0.0544344573823239,0.729413931208174,0.942793083182844
1548,intercept,0.963419356452669,0.0726504227487429,0.821024527865132,1.1058141850402
1548,AIPW,0.916330614868741,0.0762802364797268,0.766821351368476,1.06583987836901
1549,Tlearner,1.08446542439617,0.0587370419954376,0.969342937526691,1.19958791126564
1549,Rlearner,1.13590095987047,0.0538342114728049,1.03038784424766,1.24141407549328
1549,intercept,1.30012541097803,0.0829122351390366,1.13761743010552,1.46263339185054
1549,AIPW,1.05873322148901,0.047477061291967,0.965678181356757,1.15178826162127
1550,Tlearner,1.0644189668606,0.0602018724744484,0.946425465008809,1.18241246871239
1550,Rlearner,1.07324079802014,0.057919842051088,0.95971999360976,1.18676160243052
1550,intercept,1.1669951736807,0.0793124244303237,1.01154282179727,1.32244752556413
1550,AIPW,1.09945396684648,0.0470309626053428,1.00727328014001,1.19163465355295
1551,Tlearner,1.01759877443852,0.0617439439767018,0.896582867980721,1.13861468089631
1551,Rlearner,1.12266667776134,0.0592757927791147,1.00648825875922,1.23884509676347
1551,intercept,1.21715325541896,0.0841571893842137,1.0522051642259,1.38210134661202
1551,AIPW,1.21674264475452,0.126676696162295,0.968456320276423,1.46502896923262
1552,Tlearner,0.908708742953042,0.0626726366106419,0.785872632380018,1.03154485352607
1552,Rlearner,0.890856663238305,0.0622685232734152,0.768812600251917,1.01290072622469
1552,intercept,1.0859258267313,0.0825977002164966,0.924034334306967,1.24781731915563
1552,AIPW,0.799392862509481,0.107321596838805,0.589042532705423,1.00974319231354
1553,Tlearner,1.01610025081914,0.0584685467523196,0.9015040049562,1.13069649668209
1553,Rlearner,1.07188140123713,0.0551473411617328,0.963794598716988,1.17996820375727
1553,intercept,1.14386498150567,0.0716118366164355,1.00350578173746,1.28422418127388
1553,AIPW,1.05888683583214,0.0544650702585256,0.952135298125432,1.16563837353885
1554,Tlearner,1.06257852358581,0.0619761728038484,0.941107456990641,1.18404959018099
1554,Rlearner,1.06776159223458,0.0601379897961928,0.949893298131405,1.18562988633776
1554,intercept,1.19910193554935,0.0857582571565347,1.03101575152254,1.36718811957616
1554,AIPW,1.10414893038835,0.058842807368286,0.988817027946505,1.21948083283019
1555,Tlearner,0.945879666799417,0.0695858144928518,0.809493976558542,1.08226535704029
1555,Rlearner,0.97415770076102,0.0591492572502074,0.858227286838319,1.09008811468372
1555,intercept,1.24200010915775,0.0826841060180129,1.07993926136245,1.40406095695306
1555,AIPW,0.968504803008995,0.0564767142128319,0.857810443151844,1.07919916286615
1556,Tlearner,0.919905267922093,0.0634400505119921,0.795565053741186,1.044245482103
1556,Rlearner,1.00978082594035,0.0609929977405821,0.890236747059681,1.12932490482103
1556,intercept,1.14997723912224,0.080094816321669,0.992991399131769,1.30696307911271
1556,AIPW,0.991948668485696,0.0531050866050137,0.887862698739869,1.09603463823152
1557,Tlearner,0.987916494704643,0.0640375330439375,0.862405236279732,1.11342775312955
1557,Rlearner,1.01602653880828,0.0621777045720663,0.894160477205663,1.13789260041091
1557,intercept,1.13684647934534,0.0857380054589727,0.968799988645751,1.30489297004492
1557,AIPW,1.10339829964535,0.0780430965110262,0.95043383048374,1.25636276880696
1558,Tlearner,0.970604598351538,0.0603912296417036,0.852239963271711,1.08896923343136
1558,Rlearner,1.00275800425854,0.0581311367594819,0.888823069829584,1.1166929386875
1558,intercept,1.15427991334045,0.0758260307303316,1.005660893109,1.3028989335719
1558,AIPW,1.00684764456484,0.0467518677035621,0.915213983865856,1.09848130526382
1559,Tlearner,0.961248964182695,0.0656925173904238,0.832493996043693,1.0900039323217
1559,Rlearner,1.08454930023535,0.06304334846905,0.9609866077712,1.20811199269949
1559,intercept,1.2829494475394,0.0848630578230847,1.11661785420615,1.44928104087264
1559,AIPW,1.06347644067195,0.0475801178085885,0.970219409767113,1.15673347157678
1560,Tlearner,0.933280495463202,0.0622775837796583,0.811218674210896,1.05534231671551
1560,Rlearner,0.899124996834391,0.0588036298899318,0.783872000089902,1.01437799357888
1560,intercept,1.06082556670342,0.0759844670663674,0.911896011253338,1.2097551221535
1560,AIPW,0.932921542552419,0.0486946630426062,0.837480002988911,1.02836308211593
1561,Tlearner,0.992515193963123,0.0617933475583895,0.871402458264514,1.11362792966173
1561,Rlearner,1.0361228840747,0.0582768038267529,0.921902447440159,1.15034332070924
1561,intercept,1.2125619439434,0.0753377926245422,1.06489987039929,1.3602240174875
1561,AIPW,1.01889675008601,0.0658230276254098,0.889883615940207,1.14790988423181
1562,Tlearner,1.03508230278164,0.0635372980062644,0.910551487014371,1.1596131185489
1562,Rlearner,1.01312374001589,0.0564751899613736,0.902434401671535,1.12381307836024
1562,intercept,1.12940423077969,0.0731847939612744,0.985962034615588,1.27284642694378
1562,AIPW,1.0089949900923,0.0468197629766243,0.917228254658117,1.10076172552648
1563,Tlearner,0.904250520849165,0.0582332199073849,0.79011550712689,1.01838553457144
1563,Rlearner,0.910764525707139,0.0556451850551558,0.801701967085967,1.01982708432831
1563,intercept,0.957086178823944,0.0741111713623478,0.811828282953742,1.10234407469415
1563,AIPW,0.892521860063109,0.0441736668644723,0.805941473008744,0.979102247117475
1564,Tlearner,1.00830139732549,0.0606920797149623,0.889347106937329,1.12725568771365
1564,Rlearner,0.9978164297984,0.0609799770061922,0.878297871088182,1.11733498850862
1564,intercept,1.07335115986577,0.0852478028775694,0.906265466225738,1.24043685350581
1564,AIPW,1.01519490490616,0.0488272003622487,0.919493592196155,1.11089621761617
1565,Tlearner,0.931845305399304,0.0599554352316932,0.814334811667761,1.04935579913085
1565,Rlearner,0.946676230224113,0.058510446804341,0.831997861768258,1.06135459867997
1565,intercept,1.11274936061186,0.0792388309175613,0.95744125201344,1.26805746921028
1565,AIPW,0.903945896896805,0.0613103377295022,0.783777634946981,1.02411415884663
1566,Tlearner,0.88976726177311,0.0715311186740481,0.749568845398115,1.02996567814811
1566,Rlearner,0.845871387944638,0.0663067597460529,0.715912526910824,0.975830248978452
1566,intercept,1.10212957480038,0.101163214952895,0.903849673492704,1.30040947610805
1566,AIPW,0.895341040236413,0.0694181491101624,0.759281467980495,1.03140061249233
1568,Tlearner,0.976233384179698,0.0622144511156296,0.854295300675136,1.09817146768426
1568,Rlearner,1.00910495295532,0.0616910835771515,0.888192650976857,1.13001725493379
1568,intercept,1.11031166545353,0.0855254970551004,0.942681691225528,1.27794163968152
1568,AIPW,0.961948745099855,0.0487724478173689,0.866354747377812,1.0575427428219
1569,Tlearner,1.00285844859896,0.0677805916349255,0.870010930143692,1.13570596705423
1569,Rlearner,1.00755824727565,0.062080265972921,0.885883161818055,1.12923333273324
1569,intercept,1.29306940816534,0.0857888429005614,1.12492327608024,1.46121554025044
1569,AIPW,1.02281103198492,0.0418884133767903,0.940709741766408,1.10491232220343
1570,Tlearner,0.969649648461824,0.0642473753813924,0.843727106613069,1.09557219031058
1570,Rlearner,0.997971968347343,0.0580159635873279,0.884262769187793,1.11168116750689
1570,intercept,1.24101745675856,0.0761391301048636,1.09178476175303,1.3902501517641
1570,AIPW,1.02668661460959,0.0455956511809155,0.937319138294994,1.11605409092418
1571,Tlearner,1.13107772358039,0.061639456274386,1.01026660925596,1.25188883790481
1571,Rlearner,1.17635799318701,0.059464372272245,1.05980996517013,1.2929060212039
1571,intercept,1.29805857841469,0.0807869807901411,1.13971609606601,1.45640106076336
1571,AIPW,1.12387590227903,0.0537825344334332,1.0184621347895,1.22928966976856
1572,Tlearner,1.05784044177241,0.0641159555828111,0.932175477995735,1.18350540554909
1572,Rlearner,1.07098199162758,0.057748509979961,0.957796991906005,1.18416699134916
1572,intercept,1.2885948687684,0.0771818031393189,1.13731853461534,1.43987120292147
1572,AIPW,1.05139593876259,0.0435670692295591,0.966004483072651,1.13678739445252
1573,Tlearner,1.03775117944294,0.0599406771783621,0.92026961096441,1.15523274792147
1573,Rlearner,1.06847857308126,0.0574374528559537,0.955903234119874,1.18105391204265
1573,intercept,1.3172594867834,0.0757984927892213,1.16869444091653,1.46582453265027
1573,AIPW,1.06804901496859,0.0479315005850922,0.97410327382181,1.16199475611537
1574,Tlearner,1.16012039822211,0.0594190459387525,1.04366120818643,1.2765795882578
1574,Rlearner,1.12735454045543,0.0586093954898392,1.01248223613969,1.24222684477118
1574,intercept,1.331259569789,0.0790966478132613,1.176230140075,1.48628899950299
1574,AIPW,1.12999728470143,0.0537926193102875,1.02456375085327,1.23543081854959
1575,Tlearner,0.96409090721131,0.0588484436624377,0.848750077086697,1.07943173733592
1575,Rlearner,1.02971032819912,0.0621323077451616,0.907933242742243,1.15148741365599
1575,intercept,1.13566248949677,0.0877687392715769,0.963635760524476,1.30768921846906
1575,AIPW,0.951909133951601,0.0850434096969791,0.785224050945522,1.11859421695768
1576,Tlearner,1.02126372151954,0.0570451558198037,0.909457270620253,1.13307017241883
1576,Rlearner,1.04619665187479,0.056142222413445,0.936159917932401,1.15623338581718
1576,intercept,1.17389263105433,0.0759246294043784,1.02508035742175,1.32270490468691
1576,AIPW,1.03464058979965,0.0596026672727149,0.917819361945129,1.15146181765417
1577,Tlearner,1.03563885018942,0.0620316697678023,0.914059011543641,1.15721868883519
1577,Rlearner,1.04530058948199,0.0611997855149087,0.925351214011193,1.16524996495279
1577,intercept,1.19058771515993,0.0860398962856985,1.02194951843996,1.3592259118799
1577,AIPW,1.10382256207565,0.0677131944683839,0.971104700917621,1.23654042323369
1578,Tlearner,0.934071676857621,0.0593471898515486,0.817753322164925,1.05039003155032
1578,Rlearner,0.939494201208776,0.0643515309232204,0.813367518249249,1.0656208841683
1578,intercept,1.09094296239196,0.0789250099062715,0.936249942975669,1.24563598180825
1578,AIPW,0.960102446999777,0.0697762518959999,0.823340993283617,1.09686390071594
1579,Tlearner,1.04464962895507,0.0595572152934116,0.927919631960487,1.16137962594966
1579,Rlearner,1.07457315528263,0.0580618888884034,0.960773944186996,1.18837236637827
1579,intercept,1.27639581838935,0.0866594047697312,1.10654338504068,1.44624825173803
1579,AIPW,1.10273410955608,0.052473580166785,0.999885892429186,1.20558232668298
1581,Tlearner,0.987263333129359,0.0611127621465333,0.867484520326391,1.10704214593233
1581,Rlearner,0.994314069456193,0.062019664210329,0.872757761270681,1.11587037764171
1581,intercept,1.19503999644165,0.0858583304972206,1.0267576686671,1.3633223242162
1581,AIPW,1.01862673649476,0.0597555847415161,0.901505790401385,1.13574768258813
1582,Tlearner,1.00809748953218,0.0611190273317711,0.888306397191792,1.12788858187257
1582,Rlearner,1.08528153982956,0.0550397922659796,0.977405529271671,1.19315755038744
1582,intercept,1.20356186579584,0.0748731848143691,1.05681042355968,1.35031330803201
1582,AIPW,1.05576785309133,0.0466337319066985,0.964365738554201,1.14716996762846
1583,Tlearner,1.06368892561206,0.0603006093953835,0.945501902951295,1.18187594827283
1583,Rlearner,1.11469804109179,0.0589274632283581,0.999202335463902,1.23019374671968
1583,intercept,1.20715829835043,0.0785817879418432,1.05313799398442,1.36117860271644
1583,AIPW,1.09688255591882,0.047974424773636,1.00285268336249,1.19091242847514
1584,Tlearner,1.06796678336844,0.0653995707406605,0.939785980112362,1.19614758662451
1584,Rlearner,1.12056364775689,0.0628042849166375,0.997469511245491,1.24365778426829
1584,intercept,1.29655424580691,0.0896528662645801,1.12083462792834,1.47227386368549
1584,AIPW,1.12462651044578,0.0488355691544293,1.0289087949031,1.22034422598846
1585,Tlearner,1.06103501064933,0.0616328245508437,0.940236894264199,1.18183312703446
1585,Rlearner,1.06823880125501,0.0622062838590033,0.946316725279286,1.19016087723073
1585,intercept,1.21496416820751,0.0787529172077146,1.06060845048039,1.36931988593463
1585,AIPW,1.10313822012862,0.0536451320623337,0.997993761286443,1.20828267897079
1586,Tlearner,0.957688997694054,0.0625036991061435,0.835183998545484,1.08019399684262
1586,Rlearner,1.009459107224,0.0632910574441233,0.88541091409006,1.13350730035793
1586,intercept,1.10205036009962,0.0792985759249534,0.946625151286715,1.25747556891253
1586,AIPW,1.0569926484824,0.0764588918071716,0.907133220540342,1.20685207642445
1587,Tlearner,0.879303107091188,0.0648754017792405,0.752149656121311,1.00645655806107
1587,Rlearner,0.908001694229896,0.0593531861260911,0.791671587055055,1.02433180140474
1587,intercept,1.20538165958986,0.0785564919307356,1.05141093540561,1.3593523837741
1587,AIPW,0.948053433682069,0.0431436267571,0.863491925238153,1.03261494212599
1588,Tlearner,0.881190497386803,0.0642093952067136,0.755342395312546,1.00703859946106
1588,Rlearner,0.944410380755406,0.0613470543377105,0.824172363695872,1.06464839781494
1588,intercept,1.16627850579489,0.0827290080963057,1.00412964992613,1.32842736166365
1588,AIPW,0.889891569370438,0.0564545951933984,0.779240562791377,1.0005425759495
1592,Tlearner,0.907527912516802,0.0590484237975109,0.791795128529823,1.02326069650378
1592,Rlearner,0.990891574539572,0.057519875383813,0.878154690392067,1.10362845868708
1592,intercept,1.08246842823805,0.0747640901073784,0.935930811627585,1.22900604484851
1592,AIPW,0.985649927326366,0.0503250503885758,0.887012828564757,1.08428702608797
1593,Tlearner,1.13692613384509,0.058145122587556,1.02296378769682,1.25088847999337
1593,Rlearner,1.1495043539113,0.0578198450454354,1.03617954003056,1.26282916779204
1593,intercept,1.14769469075923,0.0743314042142853,1.00200513849923,1.29338424301923
1593,AIPW,1.18713085314754,0.0528037098269006,1.08363558188682,1.29062612440827
1594,Tlearner,1.03917400310992,0.0606281809693312,0.920344951961859,1.15800305425799
1594,Rlearner,1.06145124743858,0.0586650838175023,0.946469796006253,1.17643269887091
1594,intercept,1.22864380503872,0.075591492680914,1.08048447938413,1.37680313069331
1594,AIPW,1.03709351572212,0.045383544011989,0.948141769458625,1.12604526198562
1595,Tlearner,0.972824678437075,0.0605037425666531,0.854239522076552,1.0914098347976
1595,Rlearner,1.08511855199373,0.0530589181649631,0.981124983331742,1.18911212065571
1595,intercept,1.28230664698114,0.0708866035469628,1.14336890402909,1.42124438993319
1595,AIPW,1.16558411413556,0.107849397421886,0.95419929518866,1.37696893308246
1596,Tlearner,1.04961693739708,0.0618740452622301,0.92834603710531,1.17088783768885
1596,Rlearner,1.03770959275233,0.0602612391021656,0.919599734448327,1.15581945105633
1596,intercept,1.24585530724388,0.0783688202666612,1.09225241952122,1.39945819496654
1596,AIPW,1.0928952444253,0.0486002507794119,0.997638752897653,1.18815173595295
1597,Tlearner,0.990435452280141,0.0605689294200206,0.871722532034752,1.10914837252553
1597,Rlearner,1.00087494379299,0.0539572573838905,0.895120662616002,1.10662922496997
1597,intercept,1.12548299523061,0.074731630088604,0.979009000256948,1.27195699020428
1597,AIPW,0.93756045586506,0.0455976402076565,0.848189081058053,1.02693183067207
1598,Tlearner,1.02993552311653,0.0594699090874972,0.913376643141165,1.1464944030919
1598,Rlearner,0.964683861239623,0.0583333609999494,0.850352574582549,1.0790151478967
1598,intercept,1.17094423562967,0.0746063369413742,1.02471581522458,1.31717265603477
1598,AIPW,0.951542679937122,0.054017670099268,0.845668046542556,1.05741731333169
1600,Tlearner,0.987900868440451,0.0632564129240978,0.863920577318025,1.11188115956288
1600,Rlearner,0.850741834393806,0.0619841876984267,0.729255058893919,0.972228609893693
1600,intercept,1.17330063182421,0.0810945700072728,1.01435527460995,1.33224598903846
1600,AIPW,1.02819487299893,0.0441729750543627,0.941615841892381,1.11477390410548
1601,Tlearner,1.06801784701102,0.0612211805150753,0.948026538110444,1.18800915591159
1601,Rlearner,1.07597430597685,0.0565826217914236,0.965074405114814,1.1868742068389
1601,intercept,1.14226107259019,0.0774342546726832,0.990489933431726,1.29403221174864
1601,AIPW,1.1004201887867,0.0483123682640453,1.00572794698917,1.19511243058423
1602,Tlearner,1.12574209850398,0.0615894640030588,1.00502896723086,1.2464552297771
1602,Rlearner,1.12178845189643,0.0646179818720143,0.995139534673624,1.24843736911924
1602,intercept,1.25994213373909,0.084026857008229,1.09524949400296,1.42463477347522
1602,AIPW,1.20010638145243,0.0817674399362111,1.03984219917745,1.3603705637274
1603,Tlearner,1.01727021573814,0.0621708092930997,0.895417668633954,1.13912276284232
1603,Rlearner,1.02844579275574,0.0591835699050727,0.912448127265293,1.1444434582462
1603,intercept,1.22674568224587,0.0758886309975858,1.0780039654906,1.37548739900114
1603,AIPW,0.930918924588139,0.116241709887353,0.703085173208928,1.15875267596735
1604,Tlearner,1.00265665925977,0.060983370574743,0.883131449277416,1.12218186924213
1604,Rlearner,0.985232323109069,0.0597497240498915,0.868125015885075,1.10233963033306
1604,intercept,1.25586342301965,0.077577073421173,1.10381235911415,1.40791448692515
1604,AIPW,1.03625410514374,0.0483997839339108,0.94139052863327,1.1311176816542
1605,Tlearner,0.914103989517001,0.0619569352563021,0.792670627822169,1.03553735121183
1605,Rlearner,0.898803853057744,0.0586608788011211,0.783830643306077,1.01377706280941
1605,intercept,1.13420698143841,0.0885825836048909,0.960585117572819,1.30782884530399
1605,AIPW,0.923322031198972,0.0461713492479542,0.832826186672982,1.01381787572496
1606,Tlearner,1.06061478083158,0.0622632756239197,0.938581003049206,1.18264855861395
1606,Rlearner,1.09301463449319,0.0578486872646447,0.979633290901569,1.20639597808482
1606,intercept,1.1716567482293,0.0717598151555619,1.0310075105244,1.3123059859342
1606,AIPW,1.08379912616781,0.0429127459687112,0.999690144069134,1.16790810826648
1607,Tlearner,0.841490254527853,0.0590151976357351,0.725822592621299,0.957157916434408
1607,Rlearner,0.848237651229442,0.0574288556442736,0.735679162493316,0.960796139965568
1607,intercept,1.17287872076095,0.082006673348166,1.01214564099855,1.33361180052336
1607,AIPW,0.856305129012383,0.0491144627594676,0.760040782003826,0.952569476020939
1608,Tlearner,1.14208087669987,0.0597688253547703,1.02493613160626,1.25922562179349
1608,Rlearner,1.14597876085317,0.0542838341793682,1.03958440091887,1.25237312078748
1608,intercept,1.32854085471118,0.0750963702629481,1.1813519689958,1.47572974042656
1608,AIPW,1.142782281034,0.0491849987645628,1.04637968345546,1.23918487861255
1609,Tlearner,1.02421100536759,0.0612171842325269,0.904227529036885,1.1441944816983
1609,Rlearner,1.0711554676282,0.0598594604060414,0.95383308109836,1.18847785415805
1609,intercept,1.15137918529774,0.0880434622886467,0.978813999211995,1.32394437138349
1609,AIPW,1.03929844373601,0.0853934847820745,0.871927213563147,1.20666967390888
1610,Tlearner,0.911219968395176,0.0597560688910724,0.79410022551098,1.02833971127937
1610,Rlearner,0.852552887032199,0.058067590470684,0.738742501040637,0.966363273023761
1610,intercept,0.922019417855465,0.0742501315767508,0.776489159965034,1.0675496757459
1610,AIPW,0.856775190064319,0.0420657018429993,0.774326414452041,0.939223965676598
1611,Tlearner,0.960083896483469,0.0609150032078586,0.840692684077925,1.07947510888901
1611,Rlearner,0.91601741646406,0.0594418514545013,0.799513528438858,1.03252130448926
1611,intercept,1.09136473994854,0.0787859488449749,0.93694428021239,1.24578519968469
1611,AIPW,0.988182516772386,0.0587017178191151,0.87312714984692,1.10323788369785
1612,Tlearner,0.982871073132916,0.0629227348960271,0.859544778927941,1.10619736733789
1612,Rlearner,0.973020965249238,0.0576863644512007,0.859957768525833,1.08608416197264
1612,intercept,1.13942294387452,0.0791578497428485,0.984273558378538,1.2945723293705
1612,AIPW,0.964398025828785,0.0447570217336445,0.876674263230842,1.05212178842673
1613,Tlearner,1.02906422758231,0.0611536460017861,0.909205283895494,1.14892317126912
1613,Rlearner,0.967010820631617,0.0593085226113117,0.850768252337167,1.08325338892607
1613,intercept,1.19951645208752,0.0753587321324764,1.05181333710787,1.34721956706718
1613,AIPW,1.04121185803715,0.053221636440106,0.936897450614545,1.14552626545976
1614,Tlearner,1.01007804120075,0.0624584432649153,0.887661741871082,1.13249434053043
1614,Rlearner,0.996842867856501,0.0591527932461612,0.880905523509081,1.11278021220392
1614,intercept,1.27864961605601,0.0858643321246587,1.11035552509168,1.44694370702035
1614,AIPW,1.03918842138073,0.0553164540586784,0.93076817142572,1.14760867133574
1615,Tlearner,0.874861581313898,0.0615282934704731,0.75426834208156,0.995454820546236
1615,Rlearner,0.918059034176088,0.059840503502001,0.800773802495423,1.03534426585675
1615,intercept,1.0684039203435,0.0787832424913352,0.913988765060487,1.22281907562652
1615,AIPW,0.92705422340785,0.0510671757302908,0.82696255897648,1.02714588783922
1616,Tlearner,0.979290767703508,0.0573928780734719,0.866802793710404,1.09177874169661
1616,Rlearner,1.01723164504366,0.053794356982719,0.911796642786038,1.12266664730128
1616,intercept,1.18796294412222,0.0765907850735813,1.037845005378,1.33808088286643
1616,AIPW,0.982017980319934,0.0500687970078049,0.883883138184636,1.08015282245523
1617,Tlearner,0.986390099986499,0.0620324373859657,0.864808756836771,1.10797144313623
1617,Rlearner,1.02242670634344,0.0602358961362328,0.904366519339927,1.14048689334695
1617,intercept,1.11998988808987,0.0781125474850516,0.966889295019167,1.27309048116057
1617,AIPW,1.03111646106243,0.0509306274163992,0.931292431326285,1.13094049079857
1619,Tlearner,1.01403292335292,0.0594865903910613,0.897441348623357,1.13062449808249
1619,Rlearner,1.06044968445941,0.0575246356426343,0.947703470376062,1.17319589854277
1619,intercept,1.08413068934857,0.0792247346736488,0.928850209388219,1.23941116930892
1619,AIPW,1.01406892539545,0.0449904828536568,0.925887579002282,1.10225027178862
1620,Tlearner,1.0390140353148,0.0594138445657802,0.922565039782812,1.15546303084679
1620,Rlearner,1.06916472255189,0.058613738436247,0.954283906217597,1.18404553888619
1620,intercept,1.25886934693852,0.0746942901570953,1.11246853823061,1.40527015564643
1620,AIPW,1.21578947529597,0.141630507941875,0.938193679729894,1.49338527086204
1621,Tlearner,1.03149745411084,0.064160341354675,0.905745495819876,1.15724941240179
1621,Rlearner,1.02056658239649,0.0586823368036758,0.905551315732636,1.13558184906034
1621,intercept,1.16750767318461,0.0776349940540849,1.0153430848386,1.31967226153062
1621,AIPW,1.13325869012015,0.120150210911084,0.89776427673443,1.36875310350588
1622,Tlearner,1.07893216385787,0.0599511617145619,0.961430046065991,1.19643428164975
1622,Rlearner,1.07105092757707,0.0580720661000663,0.957231769513106,1.18487008564102
1622,intercept,1.14864362748396,0.0765039716269144,0.99869584309521,1.29859141187271
1622,AIPW,1.09387092266329,0.0489115922575534,0.998004201838486,1.1897376434881
1623,Tlearner,1.09583356367643,0.0617968852291197,0.974713894270596,1.21695323308226
1623,Rlearner,1.06956008932348,0.060190548849529,0.951588781368703,1.18753139727825
1623,intercept,1.25417786418151,0.0816956536589653,1.09405438300994,1.41430134535309
1623,AIPW,1.03340284632446,0.057558454446985,0.92058827560837,1.14621741704055
1625,Tlearner,0.995532975966178,0.0617788999461512,0.874448557067218,1.11661739486514
1625,Rlearner,1.01692287239612,0.0576628189165565,0.903905824072618,1.12993992071963
1625,intercept,1.10369876705424,0.0785594580150491,0.949722229344741,1.25767530476373
1625,AIPW,0.979521830807534,0.0532653057951737,0.875121831448993,1.08392183016607
1626,Tlearner,1.04087208776769,0.062126546519924,0.919106294104786,1.16263788143059
1626,Rlearner,0.991994511608283,0.0570816214204222,0.880116589445106,1.10387243377146
1626,intercept,1.19475238200344,0.0737253105365031,1.05025077335189,1.33925399065498
1626,AIPW,1.00023117603094,0.0483743856253871,0.905417380205178,1.0950449718567
1627,Tlearner,0.977173838291331,0.0643071924125886,0.85113405721577,1.10321361936689
1627,Rlearner,0.972800341502068,0.0585132940948545,0.858116392459353,1.08748429054478
1627,intercept,1.19030419941915,0.0783125777984844,1.03681154693412,1.34379685190418
1627,AIPW,1.01144458381265,0.0499215142201324,0.913598415941195,1.10929075168411
1628,Tlearner,0.885249838779101,0.0590405112256799,0.769532563147936,1.00096711441027
1628,Rlearner,0.919128880594801,0.0548546241052131,0.8116157929631,1.0266419682265
1628,intercept,1.21080730003697,0.0682510481515213,1.07703524565998,1.34457935441395
1628,AIPW,0.874227444321105,0.113259862150407,0.652238114506307,1.0962167741359
1629,Tlearner,0.992211596969203,0.0587384557515034,0.877086339188757,1.10733685474965
1629,Rlearner,1.04080418123661,0.054846597399141,0.933306825659726,1.1483015368135
1629,intercept,1.18383812512964,0.0711170026897487,1.04444879985773,1.32322745040154
1629,AIPW,1.05159532409082,0.0480344146348096,0.957447871406592,1.14574277677505
1630,Tlearner,0.968719261041784,0.0589670468547725,0.853145972931744,1.08429254915182
1630,Rlearner,0.984132940864783,0.0573918741618464,0.871646934502309,1.09661894722726
1630,intercept,1.12375505542408,0.0798872497330388,0.967176045947324,1.28033406490084
1630,AIPW,1.03189390459493,0.0486682155331325,0.936504202149994,1.12728360703987
1631,Tlearner,1.01674075808789,0.0622386329023924,0.894755279152192,1.13872623702359
1631,Rlearner,1.04655263677684,0.0625755541087557,0.923906804411041,1.16919846914264
1631,intercept,1.2672924113249,0.0841986891366432,1.10226298061707,1.43232184203272
1631,AIPW,1.01251622274494,0.0570080418136873,0.900780460790114,1.12425198469977
1632,Tlearner,1.06416707534727,0.058576402770303,0.949359435573561,1.17897471512097
1632,Rlearner,1.02457293575023,0.0579781163624892,0.910937915788274,1.13820795571218
1632,intercept,1.13454299156711,0.086351522891018,0.965294006700712,1.3037919764335
1632,AIPW,0.996146085253964,0.0558383696499542,0.886702880740053,1.10558928976787
1633,Tlearner,0.985517226388468,0.0627891606363146,0.862452732921791,1.10858171985514
1633,Rlearner,0.954736793758284,0.0605644345602497,0.836032683276162,1.07344090424041
1633,intercept,1.17594055965376,0.0860062061454706,1.00736839560864,1.34451272369889
1633,AIPW,0.968563591399364,0.0456299363062839,0.879128916239047,1.05799826655968
1634,Tlearner,0.821205429950387,0.0610170455751811,0.701614218179993,0.940796641720781
1634,Rlearner,0.923255939687367,0.0553795957349126,0.814713926568551,1.03179795280618
1634,intercept,1.04871460490724,0.0799075079895137,0.892095889247795,1.20533332056669
1634,AIPW,0.858556996953768,0.0405515059564557,0.779076045279115,0.938037948628422
1635,Tlearner,1.01526102800963,0.0583965107934208,0.900805970031725,1.12971608598754
1635,Rlearner,1.04840078448057,0.0567417951445282,0.937188909579142,1.15961265938199
1635,intercept,1.1448309631891,0.0752274584526551,0.997385144621896,1.2922767817563
1635,AIPW,1.03038727044343,0.046139757978665,0.939953344805246,1.12082119608161
1636,Tlearner,1.08036350644059,0.0608697731899319,0.961060943241197,1.19966606963997
1636,Rlearner,1.08268840054239,0.0551542004324622,0.974588154098661,1.19078864698612
1636,intercept,1.18818180480756,0.0741868403440127,1.04277559773329,1.33358801188182
1636,AIPW,1.0573954584727,0.0469107264761651,0.96545043457942,1.14934048236599
1637,Tlearner,1.05140826220928,0.0613767655431107,0.931112012257227,1.17170451216134
1637,Rlearner,1.04635873387898,0.0586104187273547,0.931484424054553,1.16123304370341
1637,intercept,1.09562850041378,0.078661166133632,0.941452614791858,1.2498043860357
1637,AIPW,1.03356081779119,0.0565166241596163,0.922788234438337,1.14433340114403
1638,Tlearner,0.951715928598681,0.0604215910032796,0.833291786343644,1.07014007085372
1638,Rlearner,0.965815836231206,0.0589216727204944,0.850331479790181,1.08130019267223
1638,intercept,1.11270839242484,0.0798223502578258,0.956256585919498,1.26916019893018
1638,AIPW,0.982464714215998,0.047243404370725,0.889867641649377,1.07506178678262
1639,Tlearner,0.886805832974545,0.0650432847213451,0.759323337484524,1.01428832846457
1639,Rlearner,0.953797528964065,0.0604566206360144,0.835304729890476,1.07229032803765
1639,intercept,1.04742521157795,0.0799449701412028,0.890733070101195,1.20411735305471
1639,AIPW,1.04289849658864,0.116195085444368,0.815156129117677,1.2706408640596
1640,Tlearner,0.931092847523963,0.0566372175251134,0.82008594099018,1.04209975405775
1640,Rlearner,0.934725793376436,0.0540918538687762,0.828707707936631,1.04074387881624
1640,intercept,1.05607562751432,0.0807931994185193,0.897720956654025,1.21443029837462
1640,AIPW,0.916288208889128,0.0473204279462578,0.823540170114463,1.00903624766379
1642,Tlearner,1.08050112292557,0.0588366606547325,0.965183387071693,1.19581885877945
1642,Rlearner,1.04428879897394,0.0584344476999396,0.929759386025571,1.15881821192231
1642,intercept,1.29934463944381,0.0811585974724192,1.14027378839787,1.45841549048975
1642,AIPW,1.11793512532959,0.0431989359634607,1.03326521084121,1.20260503981798
1643,Tlearner,1.00439790938269,0.0609073478762807,0.885021701151329,1.12377411761405
1643,Rlearner,1.01858476680421,0.0605934943831267,0.899823700115853,1.13734583349257
1643,intercept,1.23663901303197,0.0806862752424256,1.07849391355681,1.39478411250712
1643,AIPW,1.04152084632456,0.0490272808651081,0.945427375828948,1.13761431682017
1645,Tlearner,0.98828376145485,0.0605172534826518,0.869672124185572,1.10689539872413
1645,Rlearner,1.02390129907985,0.0597022998070267,0.906886941663861,1.14091565649583
1645,intercept,1.21583398582308,0.0782805460989368,1.06240411546917,1.369263856177
1645,AIPW,1.04912840334548,0.0617891569193696,0.928021655783512,1.17023515090744
1646,Tlearner,0.937232870930186,0.0611166974323778,0.817446345108694,1.05701939675168
1646,Rlearner,0.977653990900244,0.0635167530363885,0.853163442533997,1.10214453926649
1646,intercept,1.21445732759473,0.0834314318645432,1.05093172114023,1.37798293404924
1646,AIPW,0.949861161734988,0.0576586493509029,0.836850209007218,1.06287211446276
1647,Tlearner,1.03281257752518,0.0593945687264935,0.916401361943962,1.14922379310639
1647,Rlearner,1.01157660571797,0.0622266091978973,0.889614692810038,1.13353851862589
1647,intercept,1.1494810346445,0.0857079171238374,0.98149351708178,1.31746855220722
1647,AIPW,1.09857419932736,0.0874864778038461,0.927100702831823,1.2700476958229
1648,Tlearner,0.955336206728328,0.0619221926437564,0.833970939302815,1.07670147415384
1648,Rlearner,1.01824617222949,0.0610320029879135,0.898625644468844,1.13786669999015
1648,intercept,1.17818847045732,0.0818550022957707,1.01775266595761,1.33862427495703
1648,AIPW,1.00934475738407,0.0569559686904769,0.89771105875074,1.12097845601741
1649,Tlearner,0.989787314868576,0.0606615447558974,0.870892871900453,1.1086817578367
1649,Rlearner,1.04624094025881,0.0597488706329149,0.929135305701357,1.16334657481627
1649,intercept,1.17014598815988,0.0774503805056785,1.01834324236875,1.32194873395101
1649,AIPW,1.05198378197517,0.049731821051132,0.954509412714954,1.14945815123539
1650,Tlearner,1.00196884993149,0.0593253008490943,0.885693396895261,1.11824430296772
1650,Rlearner,0.967522157356246,0.0598257323896082,0.850265876523883,1.08477843818861
1650,intercept,1.24826352058314,0.0751560142931628,1.10095773256854,1.39556930859774
1650,AIPW,0.98452841006714,0.0508508711959005,0.884860702523175,1.0841961176111
1651,Tlearner,0.986819573084298,0.0624811392594681,0.864358790422709,1.10928035574589
1651,Rlearner,1.00499292495762,0.0575560021044719,0.89218523373874,1.11780061617649
1651,intercept,1.19726538603013,0.0769647072938521,1.04641455973418,1.34811621232608
1651,AIPW,0.952160660901112,0.0453324043437926,0.863309148387279,1.04101217341495
1652,Tlearner,1.08631556576688,0.0648412516216556,0.959229047875937,1.21340208365783
1652,Rlearner,1.07786652761831,0.0634650788967963,0.953477258704599,1.20225579653203
1652,intercept,1.16500213489729,0.0828693830318559,1.00257814415485,1.32742612563973
1652,AIPW,1.07157415234848,0.0556159120700374,0.962566964691207,1.18058134000575
1653,Tlearner,0.910657179760065,0.0629696778778635,0.787238879001364,1.03407548051877
1653,Rlearner,0.894068051063944,0.0622464424372848,0.77206726572112,1.01606883640677
1653,intercept,1.12519033643539,0.0931127535540837,0.942689339469389,1.3076913334014
1653,AIPW,0.948553976990116,0.0681304360526331,0.815018322326956,1.08208963165328
1654,Tlearner,0.96239357208227,0.0642981251273891,0.836371562559138,1.0884155816054
1654,Rlearner,0.832042987986798,0.0622633459650172,0.710009072338407,0.954076903635189
1654,intercept,1.08974284500357,0.0778595384730448,0.937138149596404,1.24234754041074
1654,AIPW,0.953071079720428,0.0439534889829863,0.866922241313775,1.03921991812708
1656,Tlearner,1.00650483030313,0.0553998807077746,0.897923059368074,1.11508660123818
1656,Rlearner,1.03259786174419,0.0547316705096313,0.925325758731595,1.13986996475678
1656,intercept,1.19443618297283,0.0738667123999032,1.04965742666902,1.33921493927664
1656,AIPW,0.998710192422603,0.0600148880204193,0.881081011902581,1.11633937294262
1657,Tlearner,0.983929317446972,0.0585301185030314,0.869212393170169,1.09864624172378
1657,Rlearner,0.98111516409591,0.0630721028795527,0.857496114022782,1.10473421416904
1657,intercept,1.18996503870749,0.0816656414222741,1.02990038151983,1.35002969589514
1657,AIPW,1.01419383176427,0.0447915747503478,0.926402345253591,1.10198531827495
1659,Tlearner,1.08709886473781,0.0601735349582725,0.969160903397136,1.20503682607849
1659,Rlearner,1.10358528952009,0.0545179180229591,0.996732133682987,1.2104384453572
1659,intercept,1.1934144925982,0.07608065046389,1.04429641768897,1.34253256750742
1659,AIPW,1.13074326054341,0.0579542330724338,1.01715296372144,1.24433355736538
1660,Tlearner,0.979018701864043,0.0586598703746581,0.864047468591925,1.09398993513616
1660,Rlearner,1.04787357264793,0.0608095173102057,0.928689108802666,1.1670580364932
1660,intercept,1.17954929628089,0.0810095922338958,1.02077049550246,1.33832809705933
1660,AIPW,1.05120868304341,0.0499306126567561,0.953344682236167,1.14907268385065
1661,Tlearner,1.04983331912924,0.0611699164863963,0.929942485878576,1.1697241523799
1661,Rlearner,1.05883543044553,0.059141508197189,0.942920204387659,1.1747506565034
1661,intercept,1.16462506818165,0.0794465605126164,1.00890980957692,1.32034032678637
1661,AIPW,1.04143729895681,0.0522325896660102,0.939061423211427,1.14381317470219
1662,Tlearner,0.795888521348309,0.057742923718669,0.682714470497674,0.909062572198944
1662,Rlearner,0.86293223763045,0.0524378519151775,0.760155936450058,0.965708538810843
1662,intercept,1.00892772623894,0.0726571140493462,0.866519782702226,1.15133566977566
1662,AIPW,0.772600887742642,0.0626235388896303,0.649858751518967,0.895343023966318
1663,Tlearner,0.997355292131643,0.0577160684721585,0.884233876596965,1.11047670766632
1663,Rlearner,1.0026175010464,0.0582653258913045,0.888419560751957,1.11681544134085
1663,intercept,1.17839712875268,0.0725921122898397,1.03611658866459,1.32067766884076
1663,AIPW,0.991806965858926,0.0476113648229828,0.89848869080588,1.08512524091197
1664,Tlearner,1.03193964984429,0.0620984116430513,0.910228999526763,1.15365030016181
1664,Rlearner,1.00156270906165,0.0624534274903882,0.879156240469406,1.1239691776539
1664,intercept,1.24534443779727,0.0811582967615274,1.08627417614467,1.40441469944986
1664,AIPW,1.04084544416234,0.0419539102316361,0.958615780108331,1.12307510821634
1665,Tlearner,1.02432432057957,0.066494143083858,0.893998194952353,1.15465044620678
1665,Rlearner,1.06564188373224,0.0608758886129487,0.946327334523988,1.18495643294049
1665,intercept,1.2837747761167,0.0850419906584432,1.11709247442616,1.45045707780725
1665,AIPW,1.05627817182506,0.0684424753237219,0.922130920190567,1.19042542345956
1666,Tlearner,0.943081856080359,0.0619434710966801,0.821674883653468,1.06448882850725
1666,Rlearner,0.923400875925708,0.0591254558797799,0.807517111831827,1.03928464001959
1666,intercept,1.17640015486808,0.0833122389754167,1.01310816647627,1.3396921432599
1666,AIPW,0.908452201476434,0.0603153808082739,0.790234055092217,1.02667034786065
1667,Tlearner,0.970564647429906,0.0608991410169096,0.851204524347337,1.08992477051247
1667,Rlearner,0.994768462002594,0.0627134879858262,0.87185228420549,1.1176846397997
1667,intercept,1.04852015049045,0.0799033764720759,0.89190953260518,1.20513076837572
1667,AIPW,0.990097421887176,0.0529071511044828,0.886399405722389,1.09379543805196
1668,Tlearner,1.02323795294101,0.0596480889593216,0.906329846834095,1.14014605904792
1668,Rlearner,1.00274643440682,0.0586691159225065,0.887757080193903,1.11773578861974
1668,intercept,1.14442302162021,0.0790883985027244,0.989409760554871,1.29943628268555
1668,AIPW,0.964495286662162,0.0835464681554516,0.800744209077476,1.12824636424685
1669,Tlearner,0.939595228976776,0.0599882448241844,0.822020429625603,1.05717002832795
1669,Rlearner,0.972330582345915,0.0566736018246163,0.861252363895503,1.08340880079633
1669,intercept,1.13642902467148,0.0783716428280646,0.982820604728475,1.29003744461449
1669,AIPW,0.977536593179788,0.048486441982804,0.882503166893492,1.07257001946608
1670,Tlearner,0.903868128004379,0.108731011428289,0.69075926160232,1.11697699440644
1670,Rlearner,0.992261063608379,0.05967011438286,0.875309788464588,1.10921233875217
1670,intercept,1.14574729287045,0.0820484591658297,0.984932312905426,1.30656227283548
1670,AIPW,0.961860846646283,0.0520242082054992,0.859893398563504,1.06382829472906
1671,Tlearner,0.881845770151823,0.0632928040925112,0.757794153649951,1.00589738665369
1671,Rlearner,0.885177555746289,0.0558953410943053,0.775624700297869,0.99473041119471
1671,intercept,1.15385286284896,0.0802443577918062,0.99657392157702,1.3111318041209
1671,AIPW,0.882876266614248,0.0419144319084415,0.800723980073703,0.965028553154794
1672,Tlearner,1.03952716164627,0.0601384193702097,0.921658025593498,1.15739629769905
1672,Rlearner,1.02871640551462,0.0575169779585953,0.915985200216185,1.14144761081305
1672,intercept,1.17252962201929,0.0730542744413588,1.02934324411423,1.31571599992436
1672,AIPW,1.00508103770046,0.0776736933312738,0.85284059877116,1.15732147662975
1673,Tlearner,0.951201629922901,0.0641282876053147,0.825512495826258,1.07689076401954
1673,Rlearner,0.983970547729585,0.0612204103809624,0.863980748264137,1.10396034719503
1673,intercept,1.10722372177452,0.0809694756893559,0.948523549423386,1.26592389412566
1673,AIPW,1.02479050536669,0.0571171485016375,0.912840894303483,1.1367401164299
1674,Tlearner,0.896821234671166,0.0606966061107162,0.777858072710349,1.01578439663198
1674,Rlearner,0.92497889762258,0.0590007356803987,0.809339580627631,1.04061821461753
1674,intercept,1.12916494643487,0.0796706261407061,0.973010519199081,1.28531937367065
1674,AIPW,0.929100143302613,0.0567657321768975,0.817839308235894,1.04036097836933
1675,Tlearner,0.980188331112827,0.0628668903168767,0.856971490271718,1.10340517195393
1675,Rlearner,1.03654976034399,0.0590412717544999,0.920830994103732,1.15226852658425
1675,intercept,1.21151115527674,0.0857468453673003,1.04344733835683,1.37957497219665
1675,AIPW,0.986467222743095,0.0790309218947814,0.831566615829324,1.14136782965687
1676,Tlearner,0.838577048326841,0.0680626711761621,0.705176664129971,0.971977432523711
1676,Rlearner,0.822355860917536,0.0652761450133075,0.69441696764184,0.950294754193233
1676,intercept,1.0680716994686,0.0792619602820223,0.912718257315831,1.22342514162136
1676,AIPW,0.876771066251266,0.0504542397703446,0.77788075630139,0.975661376201141
1677,Tlearner,1.03024059748534,0.0638826698300211,0.905032865382233,1.15544832958844
1677,Rlearner,1.06705296965655,0.061577562908816,0.946363164099518,1.18774277521358
1677,intercept,1.20676321129832,0.0814661147082053,1.04708962647024,1.3664367961264
1677,AIPW,1.08017327846805,0.0501234043198808,0.98193140600108,1.17841515093501
1678,Tlearner,1.10533539947844,0.0606305861582464,0.986501634246723,1.22416916471015
1678,Rlearner,1.1134067292482,0.0545898427763531,1.00641260348485,1.22040085501156
1678,intercept,1.36022692185633,0.0763204128546835,1.21063891266115,1.50981493105151
1678,AIPW,1.0980934953103,0.0496080288646955,1.0008617587355,1.1953252318851
1679,Tlearner,0.989722582010069,0.0573452162117182,0.877328023549439,1.1021171404707
1679,Rlearner,1.01520824469837,0.0601087792573637,0.897397202199265,1.13301928719747
1679,intercept,1.08931156396176,0.0760716686112402,0.940211093483724,1.23841203443979
1679,AIPW,1.00964156320027,0.0441110953172891,0.923183816378387,1.09609931002216
1680,Tlearner,0.932390580288441,0.0598611191090746,0.815064942760392,1.04971621781649
1680,Rlearner,0.966308360105646,0.0607328147105801,0.847274230593165,1.08534248961813
1680,intercept,1.10964367117808,0.0773962565811911,0.957947008278945,1.26134033407721
1680,AIPW,0.97638668958031,0.050710404959873,0.876994295858959,1.07577908330166
1681,Tlearner,0.958268570528049,0.115073051106011,0.73272953476913,1.18380760628697
1681,Rlearner,1.05200972954037,0.0581003719984986,0.938135092934937,1.16588436614581
1681,intercept,1.20946657610699,0.0807123206437469,1.05127042764524,1.36766272456873
1681,AIPW,1.12434656738222,0.0642319621785481,0.99845192151227,1.25024121325218
1682,Tlearner,0.915719978335164,0.0613142355462826,0.795546284924845,1.03589367174548
1682,Rlearner,0.959581931073773,0.0586529703587664,0.844624221584295,1.07453964056325
1682,intercept,1.06766656953428,0.0764841055245567,0.917757722706149,1.21757541636241
1682,AIPW,0.967545305685392,0.0579739181242142,0.853916426161932,1.08117418520885
1683,Tlearner,1.01847273837966,0.0625926268538761,0.895793444048305,1.14115203271101
1683,Rlearner,1.08396186241633,0.0579437928241544,0.970394115353342,1.19752960947933
1683,intercept,1.12645738824207,0.0730605565271288,0.983258697448897,1.26965607903524
1683,AIPW,1.06168025340826,0.0448327701966959,0.973808023822739,1.14955248299379
1684,Tlearner,0.949700423998335,0.0631961999374109,0.825838148161217,1.07356269983545
1684,Rlearner,0.94993938120175,0.0636871250974603,0.825114909731831,1.07476385267167
1684,intercept,1.11508630355099,0.0878025223302441,0.94299335978371,1.28717924731827
1684,AIPW,0.971142447442273,0.0521703767889112,0.868888508936007,1.07339638594854
1685,Tlearner,1.11587212563561,0.0609432459329927,0.996425558505976,1.23531869276524
1685,Rlearner,1.18796093510567,0.0586345989855881,1.07303923284597,1.30288263736537
1685,intercept,1.33977797220965,0.0761118036639389,1.19059883702833,1.48895710739097
1685,AIPW,1.15394903705157,0.0576699003153288,1.04091603243353,1.26698204166962
1686,Tlearner,0.980030513818816,0.0603406671759682,0.8617649793508,1.09829604828683
1686,Rlearner,1.017394916392,0.055945975609982,0.907742819116475,1.12704701366752
1686,intercept,1.24506397988127,0.0765265966953909,1.09507185035831,1.39505610940424
1686,AIPW,1.06553673765276,0.0705915371279175,0.92717732488204,1.20389615042348
1687,Tlearner,0.940088979192501,0.0578199260745768,0.826764006497562,1.05341395188744
1687,Rlearner,1.00002431374231,0.0588668541880054,0.884647399650647,1.11540122783397
1687,intercept,1.19789379037687,0.0844938306808131,1.03228588224248,1.36350169851126
1687,AIPW,1.00956913876451,0.0459785473966655,0.919451185867045,1.09968709166197
1688,Tlearner,0.996790648386829,0.060020506130031,0.879152618038103,1.11442867873556
1688,Rlearner,1.06407137134058,0.0594032725183717,0.947643096640755,1.18049964604041
1688,intercept,1.1918112034092,0.0794410821972652,1.03610668230256,1.34751572451584
1688,AIPW,1.04222285172579,0.0510872226784351,0.942091895276058,1.14235380817552
1689,Tlearner,1.00317567285909,0.0627935327679457,0.880102610171883,1.1262487355463
1689,Rlearner,0.993433972092634,0.0592946620962354,0.877218569908541,1.10964937427673
1689,intercept,1.06556128587258,0.0792386137745719,0.910253602874417,1.22086896887074
1689,AIPW,0.975180611756066,0.0650992865382606,0.847586010141075,1.10277521337106
1690,Tlearner,0.908139527076744,0.0647186760470098,0.78129325289749,1.034985801256
1690,Rlearner,0.93633406428586,0.0614027958643744,0.815986795841622,1.0566813327301
1690,intercept,1.12141748335223,0.0765587542999068,0.971362324924409,1.27147264178004
1690,AIPW,0.884452486059502,0.0497499085682408,0.78694266526575,0.981962306853254
1691,Tlearner,0.990689006481776,0.0610190090325025,0.871093946405747,1.1102840665578
1691,Rlearner,1.00210989227464,0.0595786804254041,0.88533782439443,1.11888196015486
1691,intercept,1.07801600865567,0.0769982929892556,0.927099354396729,1.22893266291461
1691,AIPW,0.926789288918405,0.0544179214153655,0.820130162944289,1.03344841489252
1692,Tlearner,0.981019803707171,0.0607681440066784,0.861916430046738,1.1001231773676
1692,Rlearner,1.02219737669467,0.058650700785419,0.907244115487211,1.13715063790212
1692,intercept,1.11865400073547,0.0777550266182317,0.966254148563738,1.27105385290721
1692,AIPW,0.978743306102378,0.0548861063290326,0.871166537697474,1.08632007450728
1694,Tlearner,0.996513838142036,0.0614177961808117,0.876137169617823,1.11689050666625
1694,Rlearner,1.0115870510626,0.0546558937857445,0.904463467699698,1.11871063442551
1694,intercept,1.16924293224432,0.0697035549911769,1.03262396446161,1.30586190002702
1694,AIPW,1.02487422382677,0.0589292638545318,0.909372866671883,1.14037558098165
1695,Tlearner,1.06929445929469,0.0636102117682599,0.944620735179936,1.19396818340945
1695,Rlearner,1.04361411969093,0.0703341058585513,0.905761805323344,1.18146643405852
1695,intercept,1.16418098336071,0.092197708723665,0.983473474262326,1.34488849245909
1695,AIPW,1.14106467640853,0.0555559509960401,1.0321750124563,1.24995434036077
1696,Tlearner,0.984484290124365,0.0600321482201909,0.866823441698221,1.10214513855051
1696,Rlearner,1.02213456267891,0.0562043340752362,0.911976092116394,1.13229303324143
1696,intercept,1.22438288045661,0.0781778161863851,1.0711543607313,1.37761140018193
1696,AIPW,0.957769884894751,0.0741473665389299,0.812441046478448,1.10309872331105
1697,Tlearner,0.979465515250876,0.060471111530832,0.860944314545341,1.09798671595641
1697,Rlearner,0.982117243945794,0.0598871935868298,0.86474050138043,1.09949398651116
1697,intercept,1.24604332793882,0.0812622205298453,1.08676937570032,1.40531728017732
1697,AIPW,0.987032042307866,0.053183013153116,0.882793336527759,1.09127074808797
1698,Tlearner,1.05352770756125,0.0668484273360603,0.922507197559425,1.18454821756307
1698,Rlearner,1.06839088620368,0.0650847579422323,0.940827104694393,1.19595466771296
1698,intercept,1.19282156355541,0.0858285718273797,1.02459756277375,1.36104556433708
1698,AIPW,1.01971196621722,0.0544719083534339,0.912947025844494,1.12647690658996
1699,Tlearner,0.986658214134789,0.0681680980224142,0.853051197116261,1.12026523115332
1699,Rlearner,0.94222598173232,0.0604292287063571,0.823786869854327,1.06066509361031
1699,intercept,1.05701682192696,0.0888346622969249,0.882900883824985,1.23113276002893
1699,AIPW,0.942680274158111,0.0530389657207501,0.838723901345441,1.04663664697078
1700,Tlearner,0.915836420013209,0.0602840592822042,0.797681834978211,1.03399100504821
1700,Rlearner,0.972017887980777,0.0606155954740038,0.85321350395028,1.09082227201127
1700,intercept,1.16375256105089,0.0783711934705023,1.01014502184871,1.31736010025308
1700,AIPW,0.962857433876924,0.0485023155069885,0.867792895483227,1.05792197227062
1701,Tlearner,0.998669415830625,0.0624641977251946,0.876241837966054,1.12109699369519
1701,Rlearner,0.996970174016294,0.0620811231064737,0.875293408607808,1.11864693942478
1701,intercept,1.14580385118033,0.0915012521373622,0.966461396991103,1.32514630536956
1701,AIPW,1.0037417174461,0.0489187022255257,0.907861061084069,1.09962237380813
1702,Tlearner,0.953016645720563,0.0630473002942729,0.829446207821307,1.07658708361982
1702,Rlearner,0.96738585579126,0.0618871252588641,0.846089319177168,1.08868239240535
1702,intercept,1.19199016523153,0.0864812457999747,1.02248692346358,1.36149340699948
1702,AIPW,1.01257760794875,0.0488271331038143,0.916876427065275,1.10827878883223
1703,Tlearner,0.960066201381005,0.0677361054600821,0.827305874226237,1.09282652853577
1703,Rlearner,0.970648801550914,0.0610886603189299,0.850917227462011,1.09038037563982
1703,intercept,1.19409575751723,0.0825321097985671,1.03233282231204,1.35585869272242
1703,AIPW,1.00705404570409,0.0489989761843676,0.911016052382734,1.10309203902546
1704,Tlearner,1.06075088363981,0.0639690583575327,0.935373833134107,1.18612793414552
1704,Rlearner,1.12162404504778,0.0615210006726234,1.00104509943658,1.24220299065899
1704,intercept,1.37373473628861,0.0829076666136988,1.21123570972576,1.53623376285146
1704,AIPW,1.09990016637793,0.0634803872516774,0.975478607364641,1.22432172539122
1705,Tlearner,1.05515905179848,0.0600167436237407,0.937528395826573,1.17278970777038
1705,Rlearner,1.09807826704276,0.0618951080373977,0.976766084470244,1.21939044961527
1705,intercept,1.1819389977354,0.0832332715634268,1.01880178547108,1.34507620999972
1705,AIPW,1.09580221301423,0.055923394110177,0.986192360558286,1.20541206547018
1706,Tlearner,0.952628588829586,0.0657404345872625,0.823779704710541,1.08147747294863
1706,Rlearner,0.925769806770743,0.0647289288642565,0.798903437438945,1.05263617610254
1706,intercept,0.987859677425669,0.0789408163114576,0.833135677455212,1.14258367739613
1706,AIPW,0.986513127734773,0.0531706277497117,0.882298697345338,1.09072755812421
1707,Tlearner,1.02245466076422,0.0595026791298853,0.905831552686005,1.13907776884244
1707,Rlearner,1.05176013079667,0.0577940443435711,0.938485885362363,1.16503437623098
1707,intercept,1.2763437877868,0.0739413119671292,1.13141881633123,1.42126875924238
1707,AIPW,0.965150487301702,0.0678254388688085,0.832212627118837,1.09808834748457
1709,Tlearner,1.03688369977424,0.0632392141606204,0.912937117608809,1.16083028193967
1709,Rlearner,1.03116704063844,0.0619419799590366,0.909762990787622,1.15257109048925
1709,intercept,1.13087208506947,0.0796739963189878,0.974711052284255,1.28703311785469
1709,AIPW,1.04081806203596,0.0511213739538202,0.940620169086475,1.14101595498545
1710,Tlearner,1.0617127048734,0.0598795886369689,0.944350867735863,1.17907454201093
1710,Rlearner,1.08208595181954,0.0557538758562194,0.972810363142832,1.19136154049625
1710,intercept,1.17187089185961,0.0787334423195659,1.01755334491326,1.32618843880596
1710,AIPW,1.16434265681291,0.0981819142763154,0.971906104831328,1.35677920879448
1711,Tlearner,1.09915374475657,0.0600171490864151,0.981522294092426,1.21678519542072
1711,Rlearner,1.10992802964797,0.064319684732,0.98386376407628,1.23599229521966
1711,intercept,1.18420401703576,0.0826507725703246,1.02220850279792,1.3461995312736
1711,AIPW,1.09523064629028,0.0459220397793108,1.00522344832284,1.18523784425773
1713,Tlearner,1.02669172318638,0.0610552658263648,0.907025601100187,1.14635784527258
1713,Rlearner,1.03893595004261,0.0566562796146216,0.92789168249992,1.1499802175853
1713,intercept,1.21576147789532,0.089451081276707,1.04043735859297,1.39108559719766
1713,AIPW,1.00806310317238,0.0482646089585242,0.913464469613677,1.10266173673109
1714,Tlearner,1.02991181761286,0.0601563792350702,0.912007480871787,1.14781615435393
1714,Rlearner,1.04567180473038,0.0559928710633223,0.935927794055271,1.15541581540548
1714,intercept,1.1209036478012,0.077361357923979,0.969275386270206,1.2725319093322
1714,AIPW,1.08155258947962,0.0502378966728733,0.983086312000784,1.18001886695845
1715,Tlearner,1.07138985724246,0.0585773947908747,0.956580273144164,1.18619944134076
1715,Rlearner,1.0882287048412,0.0532294347110994,0.983900929890023,1.19255647979238
1715,intercept,1.15138783246732,0.0753212811317232,1.00375812144914,1.2990175434855
1715,AIPW,1.17952956923543,0.0820437812980856,1.01872375789118,1.34033538057968
1716,Tlearner,1.01635358065206,0.0612517462412264,0.896302364029072,1.13640479727505
1716,Rlearner,1.09413762313422,0.0583086229397661,0.979854822184156,1.20842042408429
1716,intercept,1.14123232257256,0.0803175404769233,0.983809943237794,1.29865470190733
1716,AIPW,1.09206241761343,0.0535682484191776,0.987068650711842,1.19705618451502
1717,Tlearner,1.03192838872913,0.0598998918433073,0.914526758038399,1.14933001941985
1717,Rlearner,1.04131301636589,0.053071978453497,0.937293850008749,1.14533218272303
1717,intercept,1.35123828045104,0.0752760947504695,1.20369713474012,1.49877942616196
1717,AIPW,0.986503361434013,0.095750977762729,0.798831445019064,1.17417527784896
1718,Tlearner,1.04816072952854,0.060890622381449,0.928817302664673,1.16750415639241
1718,Rlearner,1.04479037950661,0.0587824450194493,0.929578904345281,1.16000185466793
1718,intercept,1.14249214291126,0.077311272178739,0.99096204944093,1.29402223638159
1718,AIPW,1.14437899294281,0.102550104214854,0.943380788681692,1.34537719720392
1719,Tlearner,1.10489944788583,0.0635639918302038,0.980316313185029,1.22948258258662
1719,Rlearner,1.06829152550092,0.0629899378347291,0.944833515956437,1.19174953504541
1719,intercept,1.23275144416577,0.0766700117972456,1.08247822104316,1.38302466728837
1719,AIPW,0.972687320262309,0.0630457163729516,0.849117716171324,1.09625692435329
1720,Tlearner,0.928921233497953,0.0620708589145257,0.807264585536016,1.05057788145989
1720,Rlearner,0.990653557811624,0.0584035875815819,0.876184629583793,1.10512248603946
1720,intercept,1.0925035398014,0.079078730349281,0.937509228316814,1.247497851286
1720,AIPW,0.992329849677423,0.0659767977800532,0.863015326028519,1.12164437332633
1721,Tlearner,1.11104243246693,0.0628663839607003,0.987826584065686,1.23425828086816
1721,Rlearner,1.11126179402166,0.0616404286930572,0.990448773791654,1.23207481425166
1721,intercept,1.27932672676267,0.0857158388598735,1.11132368259732,1.44732977092802
1721,AIPW,1.08241654648038,0.0487188194503075,0.986927660357779,1.17790543260298
1722,Tlearner,0.995916237085592,0.0599123452963889,0.878490198075342,1.11334227609584
1722,Rlearner,1.04235378492747,0.0624916184472241,0.919872463435291,1.16483510641965
1722,intercept,1.22986951917215,0.0819540718381556,1.06923953836937,1.39049949997494
1722,AIPW,1.10630281981951,0.0610003712600645,0.98674209214978,1.22586354748923
1723,Tlearner,0.896038074322625,0.0628915350034293,0.772772930783463,1.01930321786179
1723,Rlearner,0.952747726488179,0.0581734878864064,0.838729785375745,1.06676566760061
1723,intercept,1.07704379807244,0.0779448544719149,0.924271883307485,1.22981571283739
1723,AIPW,0.966411868750619,0.0504351501489496,0.867558974458677,1.06526476304256
1724,Tlearner,1.12040354144321,0.0634129604358497,0.996116422835885,1.24469066005054
1724,Rlearner,1.16426218974941,0.0600341212051147,1.04659747434388,1.28192690515495
1724,intercept,1.24464376644069,0.0876522497322803,1.07284535696543,1.41644217591596
1724,AIPW,1.17192764701421,0.0496219117712865,1.07466869994248,1.26918659408593
1725,Tlearner,1.04827866131396,0.0595278591534647,0.931606201296399,1.16495112133153
1725,Rlearner,0.989708069000796,0.0581744449768661,0.875688252025531,1.10372788597606
1725,intercept,1.048167718984,0.0766536804887589,0.897926505226032,1.19840893274197
1725,AIPW,1.00686876971017,0.0436756202282753,0.921264554062745,1.09247298535758
1726,Tlearner,0.98483041632957,0.0626066193976005,0.862123697116467,1.10753713554267
1726,Rlearner,0.993387903115737,0.061854621067097,0.872155073546855,1.11462073268462
1726,intercept,1.13938141663977,0.0897388118997735,0.963493345316211,1.31526948796332
1726,AIPW,1.01379383731257,0.0628880141066589,0.890533329663514,1.13705434496162
1727,Tlearner,0.892825013696339,0.0606907826904388,0.773873265429532,1.01177676196315
1727,Rlearner,0.900253031009194,0.0584164885800697,0.785758817288962,1.01474724472943
1727,intercept,1.08586466492968,0.0830364754913455,0.923113172966644,1.24861615689272
1727,AIPW,0.905397693842517,0.0523884199623444,0.802716390716322,1.00807899696871
1728,Tlearner,1.1374783449976,0.0602392122960456,1.01941165844029,1.25554503155491
1728,Rlearner,1.12314061920348,0.0568570292943917,1.01170288951854,1.23457834888843
1728,intercept,1.28629263377737,0.0748360714886943,1.13961393365953,1.43297133389521
1728,AIPW,1.12201448047031,0.0654339304214824,0.993763976844201,1.25026498409641
1729,Tlearner,1.0025070908382,0.0617680835441264,0.88144387169765,1.12357030997875
1729,Rlearner,0.995569018634537,0.061189108102502,0.875640570507505,1.11549746676157
1729,intercept,1.14659222812327,0.0820225361070071,0.985828057353538,1.30735639889301
1729,AIPW,1.01334278576131,0.0599788364400382,0.89578426633884,1.13090130518379
1730,Tlearner,1.02723100626388,0.0641183619699807,0.90156132605501,1.15290068647274
1730,Rlearner,1.02318522301018,0.0605298165925783,0.904548962497914,1.14182148352245
1730,intercept,1.27766759800774,0.083571197231276,1.11386805143444,1.44146714458104
1730,AIPW,1.07611088101438,0.0526301719657618,0.972955743961484,1.17926601806727
1731,Tlearner,1.08478661771721,0.0611126575165755,0.965008009985194,1.20456522544923
1731,Rlearner,1.11107541765489,0.0571739564758289,0.999016522108601,1.22313431320117
1731,intercept,1.20130419500366,0.0729881263657828,1.05824746732672,1.34436092268059
1731,AIPW,1.12260492058107,0.0552801389372037,1.01425584826415,1.23095399289799
1732,Tlearner,0.961418538456712,0.0592170146756149,0.845355322420527,1.0774817544929
1732,Rlearner,0.966693283039026,0.0607957391157735,0.847535823958617,1.08585074211943
1732,intercept,1.10985729944351,0.0832360411347912,0.946714658819317,1.2729999400677
1732,AIPW,0.99851986127453,0.0515501340174437,0.89748159860034,1.09955812394872
1733,Tlearner,0.987323178009615,0.0583673294687105,0.872925314377159,1.10172104164207
1733,Rlearner,0.961612300736926,0.0572206495248876,0.849461888496158,1.0737627129777
1733,intercept,1.15579365928966,0.0793255870860887,1.00031550860093,1.31127180997839
1733,AIPW,1.00632167873588,0.0678046060850809,0.873424650809123,1.13921870666264
1734,Tlearner,1.01708372897726,0.0609430064012035,0.897637631321307,1.13652982663321
1734,Rlearner,1.04975170146648,0.0573213604789772,0.937403899382846,1.16209950355011
1734,intercept,1.15015377956703,0.0768562808800949,0.99951546904204,1.30079209009201
1734,AIPW,1.01844562740201,0.051792260196076,0.916932797417699,1.11995845738632
1735,Tlearner,1.03132870325563,0.0582777695725615,0.917106373794083,1.14555103271717
1735,Rlearner,1.0207184874392,0.0565803034191711,0.909823130503281,1.13161384437513
1735,intercept,1.19678147598106,0.0791650923935171,1.04161789488977,1.35194505707235
1735,AIPW,1.0963990794665,0.0561644042789185,0.986316847079817,1.20648131185318
1736,Tlearner,0.992244226570795,0.0626424407985134,0.869467298702026,1.11502115443956
1736,Rlearner,1.00149010280641,0.0576498397746782,0.888498493133535,1.11448171247928
1736,intercept,1.19183009285016,0.0868291221018038,1.02164501353062,1.36201517216969
1736,AIPW,1.00566262080611,0.0466637515162125,0.914201667834335,1.09712357377789
1737,Tlearner,0.94856633717382,0.0622024561619968,0.826651763346374,1.07048091100127
1737,Rlearner,1.01194946645026,0.0574621515875433,0.899325718864494,1.12457321403603
1737,intercept,1.11254677166595,0.0792394634461011,0.957237423311588,1.2678561200203
1737,AIPW,0.940564089077828,0.0433096176972909,0.855677238391138,1.02545093976452
1738,Tlearner,1.0467100658498,0.0640944633100201,0.921087226153739,1.17233290554587
1738,Rlearner,0.961349137927729,0.0608455091012767,0.842094131468222,1.08060414438723
1738,intercept,1.1821633407205,0.0796130643806435,1.02612173453444,1.33820494690656
1738,AIPW,1.10856943843515,0.0579453827428859,0.994996488259097,1.22214238861121
1739,Tlearner,0.957405858786238,0.0638308862289007,0.832299620676318,1.08251209689616
1739,Rlearner,1.01201525229946,0.0602381808259244,0.893950587386442,1.13007991721249
1739,intercept,1.10143599892504,0.0838076083191775,0.937173086619452,1.26569891123063
1739,AIPW,1.00168014010863,0.0508779713201938,0.901959316321054,1.10140096389621
1740,Tlearner,0.940334612437081,0.0599529656830546,0.822828958931929,1.05784026594223
1740,Rlearner,0.899589313305285,0.0503009171761796,0.801001327250641,0.998177299359929
1740,intercept,1.06533827286664,0.075691125604454,0.916983666681913,1.21369287905137
1740,AIPW,0.928423065195957,0.0527437399854378,0.825045334824499,1.03180079556742
1741,Tlearner,1.11559208234275,0.0641976426774624,0.989767014802547,1.24141714988294
1741,Rlearner,1.09178008788036,0.0635496220638656,0.967225117404054,1.21633505835667
1741,intercept,1.26356066727026,0.0843529514780498,1.09822888237328,1.42889245216724
1741,AIPW,1.10017985820336,0.0525654397789713,0.997151596236577,1.20320812017014
1742,Tlearner,1.02526360147788,0.0572024818689296,0.913148797188472,1.13737840576729
1742,Rlearner,1.03993245700655,0.0579378370330032,0.926376383079718,1.15348853093339
1742,intercept,1.14219119277457,0.0734650099964205,0.99819977318159,1.28618261236756
1742,AIPW,1.09461530508467,0.0484057032461582,0.999740126722197,1.18949048344714
1743,Tlearner,1.03070482285051,0.0604209451622483,0.912281946420637,1.14912769928039
1743,Rlearner,1.04713403326321,0.057356896936947,0.934716581001813,1.1595514855246
1743,intercept,1.15733378690607,0.0740817986411878,1.01213346156934,1.3025341122428
1743,AIPW,1.03431073230729,0.0534689822701445,0.929511527057802,1.13910993755677
1744,Tlearner,0.95782752769996,0.0626742268727603,0.834988300270458,1.08066675512946
1744,Rlearner,0.924612931142151,0.0596236760777501,0.807752673403879,1.04147318888042
1744,intercept,1.06731458451302,0.0828394322515703,0.904949297299941,1.2296798717261
1744,AIPW,0.974843638787789,0.0507207486102524,0.875430971511694,1.07425630606388
1746,Tlearner,1.05313641806484,0.0649864552516795,0.925765306288623,1.18050752984105
1746,Rlearner,1.06044212634967,0.0624208120287882,0.9380995828875,1.18278466981184
1746,intercept,1.21181405102692,0.0841510238487201,1.04687804428343,1.37675005777041
1746,AIPW,1.07254427331025,0.0516625136008052,0.971285746652673,1.17380279996783
1748,Tlearner,1.04640432267428,0.0628264036409836,0.923266834259773,1.16954181108878
1748,Rlearner,1.05987214602716,0.0594980615888942,0.94325808816298,1.17648620389134
1748,intercept,1.14319135912436,0.0740719187119224,0.998010398448996,1.28837231979973
1748,AIPW,1.04158787557297,0.0595833527138062,0.924804504253908,1.15837124689203
1749,Tlearner,1.0453261063249,0.0614383573202465,0.92490913870791,1.16574307394188
1749,Rlearner,1.08565487892508,0.0623865236106041,0.963379539527641,1.20793021832252
1749,intercept,1.20938174120671,0.0862302517552622,1.0403704477664,1.37839303464703
1749,AIPW,1.05822251708393,0.0504913848217195,0.959259402833361,1.1571856313345
1750,Tlearner,1.04640977260377,0.0599720183587465,0.928866776540451,1.16395276866709
1750,Rlearner,1.1031002178917,0.0609547293738842,0.983631143631503,1.2225692921519
1750,intercept,1.26673994194682,0.0845451689970738,1.10103141071255,1.43244847318108
1750,AIPW,0.991508696825531,0.0931854867565466,0.8088651427827,1.17415225086836
1751,Tlearner,0.934675627308847,0.0637126146927689,0.809801197150143,1.05955005746755
1751,Rlearner,1.02829225427039,0.0535854051528693,0.923266790073778,1.133317718467
1751,intercept,1.10393465144477,0.0768034285760623,0.953399931435684,1.25446937145385
1751,AIPW,1.01491592017953,0.0495878197655402,0.917723793439072,1.11210804691999
1752,Tlearner,1.01717757827376,0.0628970160310884,0.893901692117793,1.14045346442974
1752,Rlearner,1.03619846668979,0.060962210942808,0.916714728823949,1.15568220455562
1752,intercept,1.22600368293841,0.0867600531286787,1.0559539788062,1.39605338707062
1752,AIPW,1.08861486072534,0.0533231444128363,0.984101497676178,1.1931282237745
1753,Tlearner,0.9667692602274,0.0642151299848139,0.840909918194607,1.09262860226019
1753,Rlearner,0.972159124257365,0.0641899901627289,0.846349055370436,1.09796919314429
1753,intercept,1.03837023572854,0.0884203805581664,0.865066289834535,1.21167418162255
1753,AIPW,0.993678268081496,0.054037504645686,0.887764758975952,1.09959177718704
1754,Tlearner,0.912135067906973,0.0616786702200813,0.79124709566129,1.03302304015266
1754,Rlearner,0.956415289127091,0.0602927891453596,0.838243593874718,1.07458698437946
1754,intercept,1.23661252800832,0.0805075389179546,1.07881775172912,1.39440730428751
1754,AIPW,1.05495350707561,0.0590023227609967,0.939308954464052,1.17059805968716
1756,Tlearner,0.942482063388586,0.0635374397061721,0.817950969894604,1.06701315688257
1756,Rlearner,0.95501631960939,0.0632735023826679,0.831002533763651,1.07903010545513
1756,intercept,1.14335333110283,0.0834287806879958,0.979832920954362,1.30687374125131
1756,AIPW,0.935168806403894,0.0490026604249969,0.8391235919709,1.03121402083689
1757,Tlearner,0.933697699364669,0.0605060007931144,0.815108116961613,1.05228728176773
1757,Rlearner,0.959097268784096,0.0605965866908219,0.840330141284026,1.07786439628417
1757,intercept,1.21109538543387,0.0766650509107397,1.06083188564882,1.36135888521892
1757,AIPW,1.00154891440124,0.0487855399606145,0.905929256078434,1.09716857272404
1758,Tlearner,0.97879065838406,0.0643959210586473,0.852576972357827,1.10500434441029
1758,Rlearner,0.959218907210669,0.0592869604877589,0.843018599901812,1.07541921451953
1758,intercept,1.15256262016522,0.0802865568884865,0.995200968663785,1.30992427166665
1758,AIPW,0.880756155610776,0.0812129416708429,0.721578789935924,1.03993352128563
1759,Tlearner,0.894513961023668,0.0654766706721371,0.766182044678689,1.02284587736865
1759,Rlearner,0.857700486754632,0.0585817414747581,0.742882383312469,0.972518590196794
1759,intercept,1.10587185071813,0.0868376531179563,0.935670050606932,1.27607365082932
1759,AIPW,0.91176277458034,0.065031835353285,0.784300377287902,1.03922517187278
1761,Tlearner,0.941458400060703,0.0630236175237777,0.817934379538672,1.06498242058273
1761,Rlearner,0.957693945034642,0.0605918732877603,0.838936055634817,1.07645183443447
1761,intercept,0.971080100991786,0.0796972099339716,0.814873569521202,1.12728663246237
1761,AIPW,0.961518242880334,0.0407975621728043,0.881555021021638,1.04148146473903
1762,Tlearner,1.02725629989822,0.0586128478272323,0.912377229125517,1.14213537067092
1762,Rlearner,1.07251312057106,0.05548911447839,0.963756454659397,1.18126978648273
1762,intercept,1.22796972209431,0.0704874692106496,1.08981428244144,1.36612516174718
1762,AIPW,1.0764060973517,0.0437670701206485,0.990622639915229,1.16218955478817
1764,Tlearner,0.300907793933325,0.355983823493446,-0.396807679192693,0.998623267059343
1764,Rlearner,1.0242188959181,0.061711839172924,0.903265913719443,1.14517187811676
1764,intercept,1.3003656382873,0.0751332131583476,1.15310454049694,1.44762673607766
1764,AIPW,1.0788799734804,0.0459878743342641,0.988743739785238,1.16901620717555
1765,Tlearner,1.05359262450961,0.0607466379174957,0.93453140200942,1.17265384700979
1765,Rlearner,1.04609796676159,0.0595566149987518,0.929369146322914,1.16282678720026
1765,intercept,1.19290200181154,0.0854302505365914,1.02545871075982,1.36034529286326
1765,AIPW,1.07717599605752,0.05083381040755,0.977541727658724,1.17681026445632
1766,Tlearner,1.09798796837074,0.0633611979970418,0.973802302279224,1.22217363446225
1766,Rlearner,1.14732656683804,0.057993990522652,1.03366043409388,1.26099269958219
1766,intercept,1.29039856842208,0.0727021163218778,1.1479024204312,1.43289471641296
1766,AIPW,1.08537818920943,0.0563953395661764,0.974843323659728,1.19591305475914
1767,Tlearner,1.0529771131753,0.0595418505611487,0.93627723050258,1.16967699584802
1767,Rlearner,1.09435933298435,0.0565338908971677,0.98355494291998,1.20516372304871
1767,intercept,1.30146366146828,0.0780706100198881,1.1484452658293,1.45448205710726
1767,AIPW,1.04103968290759,0.0634875454513521,0.91660409382294,1.16547527199224
1769,Tlearner,1.02172022945864,0.0623778215352018,0.899461945815574,1.1439785131017
1769,Rlearner,1.06716433539427,0.0608157515700865,0.947967652624165,1.18636101816437
1769,intercept,1.14856237047754,0.0756762002142124,1.00023701805769,1.2968877228974
1769,AIPW,1.09557008097782,0.0511112303152487,0.995392069559929,1.1957480923957
1771,Tlearner,1.06739669185063,0.065317930056865,0.939375901394473,1.1954174823068
1771,Rlearner,1.09909925871266,0.0607574769487213,0.980016792101641,1.21818172532367
1771,intercept,1.1811530459415,0.0797602654844455,1.02482292559199,1.33748316629102
1771,AIPW,1.0949420402224,0.0665172284864863,0.964568272388886,1.22531580805591
1772,Tlearner,1.06979847471796,0.0639827471537122,0.944394594664753,1.19520235477117
1772,Rlearner,1.09849774243606,0.0606005676572904,0.979722812385091,1.21727267248704
1772,intercept,1.37226851827821,0.0766177998647159,1.22209763054337,1.52243940601306
1772,AIPW,1.13112032581534,0.0498611168479438,1.03339253679337,1.22884811483731
1773,Tlearner,1.12163553982765,0.0602422900708867,1.0035628209425,1.23970825871281
1773,Rlearner,1.13938154283649,0.0600770482952375,1.02163269188035,1.25713039379262
1773,intercept,1.24918710271369,0.0818549104131876,1.08875147830384,1.40962272712354
1773,AIPW,1.03076056538975,0.0647471865493677,0.903856079752992,1.15766505102651
1774,Tlearner,0.960126730204989,0.0648011150000014,0.833118878646948,1.08713458176303
1774,Rlearner,1.04373262054613,0.062010660195231,0.922193959905923,1.16527128118633
1774,intercept,1.17510667501565,0.0761775133827654,1.02579874878543,1.32441460124587
1774,AIPW,1.03769311016463,0.0458964643708619,0.947736039997737,1.12765018033152
1776,Tlearner,0.97366086325868,0.0630794481732983,0.850027416674355,1.09729430984301
1776,Rlearner,0.974393377443963,0.0643001769382713,0.848367346445398,1.10041940844253
1776,intercept,1.15377072605643,0.0917632997419796,0.973914658562149,1.33362679355071
1776,AIPW,1.01153455104841,0.059158074962002,0.895584724122887,1.12748437797393
1777,Tlearner,0.889572644661512,0.0569012548473483,0.778048234485574,1.00109705483745
1777,Rlearner,0.874366317149616,0.0553825279882059,0.765818556919951,0.982914077379281
1777,intercept,1.01812250804945,0.0770956103757633,0.867015111712955,1.16922990438595
1777,AIPW,0.889488773343095,0.0479094169945719,0.795586316033734,0.983391230652456
1778,Tlearner,0.920410402464684,0.0576673764294904,0.807384421579969,1.0334363833494
1778,Rlearner,0.935224111317033,0.0584124600914565,0.820737793289395,1.04971042934467
1778,intercept,1.03150003082707,0.0839603949884942,0.86693765664962,1.19606240500452
1778,AIPW,0.943132544616084,0.0512865724947628,0.842610862526349,1.04365422670582
1779,Tlearner,1.07405873736752,0.0635742321260998,0.949455532055572,1.19866194267946
1779,Rlearner,1.07551960629209,0.0591774997081529,0.959533838168983,1.1915053744152
1779,intercept,1.31643488210286,0.0807245504138622,1.15821476329169,1.47465500091403
1779,AIPW,1.1218235295354,0.0573718404067165,1.00937472233823,1.23427233673256
1780,Tlearner,0.977094381545531,0.0622033261785786,0.85517810251692,1.09901066057414
1780,Rlearner,0.987434811070265,0.0559870924149793,0.87770212633779,1.09716749580274
1780,intercept,1.09722308103592,0.075282656396595,0.949669074498589,1.24477708757324
1780,AIPW,0.979871833943262,0.0455955869612395,0.890504483499232,1.06923918438729
1781,Tlearner,1.00698725430494,0.0613342792973051,0.886774275864501,1.12720023274538
1781,Rlearner,1.03615698714082,0.0615442158493129,0.915532540619405,1.15678143366223
1781,intercept,1.12424204658722,0.0884800787781596,0.950821092182031,1.29766300099242
1781,AIPW,1.04242450532519,0.0500864023923135,0.94425515663626,1.14059385401413
1782,Tlearner,0.981431478260623,0.0598868979662854,0.864055315100879,1.09880764142037
1782,Rlearner,1.0239633312749,0.0543122511186577,0.917513275163035,1.13041338738676
1782,intercept,1.21453855611616,0.0757217620165137,1.0661239025638,1.36295320966853
1782,AIPW,1.02980925015427,0.0522138382323828,0.927470127218799,1.13214837308974
1783,Tlearner,0.93343081769634,0.060512538553984,0.81482842151744,1.05203321387524
1783,Rlearner,0.99992120017134,0.0595324974572478,0.883239649245412,1.11660275109727
1783,intercept,1.22348569266868,0.0762807486497954,1.07397542531508,1.37299596002228
1783,AIPW,0.967390437634858,0.0431236243560936,0.882868133896914,1.0519127413728
1784,Tlearner,0.92600870869717,0.0582769048039063,0.811788074151044,1.0402293432433
1784,Rlearner,0.927006581851124,0.0595530476450139,0.810284753297298,1.04372841040495
1784,intercept,1.04280699083374,0.0759298104111003,0.893984562427987,1.1916294192395
1784,AIPW,0.950112034902976,0.04757035395622,0.856874141148785,1.04334992865717
1786,Tlearner,1.01263706980676,0.0624008680489422,0.890333615826797,1.13494052378672
1786,Rlearner,1.03653801365879,0.0593539056104803,0.920206496320462,1.15286953099712
1786,intercept,1.0375519220319,0.0779530646317852,0.884763915353601,1.1903399287102
1786,AIPW,1.01559504360208,0.0491209270817067,0.919318026521938,1.11187206068223
1787,Tlearner,0.951879260267712,0.0610192310520821,0.832283765041303,1.07147475549412
1787,Rlearner,0.90623411874416,0.0601388902643687,0.788364059755791,1.02410417773253
1787,intercept,1.0245269327279,0.0789983972054911,0.869690074205136,1.17936379125066
1787,AIPW,0.926576505971278,0.0445302449562446,0.839297225857038,1.01385578608552
1788,Tlearner,1.08910128001946,0.0602921167159934,0.970930902704427,1.20727165733449
1788,Rlearner,1.0557877725858,0.0578194541114771,0.942463724921541,1.16911182025006
1788,intercept,1.23707646284445,0.0741507276551241,1.09174103664041,1.38241188904849
1788,AIPW,0.999736812675616,0.0554179217022497,0.891117686139206,1.10835593921203
1789,Tlearner,1.00559461285589,0.0635138270906673,0.881109799237876,1.1300794264739
1789,Rlearner,0.986928183769807,0.0599952918829106,0.869339572437334,1.10451679510228
1789,intercept,1.21556723215492,0.0909678429296627,1.03727026001279,1.39386420429706
1789,AIPW,0.965804097254662,0.0485166996459196,0.87071136594866,1.06089682856066
1792,Tlearner,1.08086599526416,0.0601806703411008,0.962914048830126,1.1988179416982
1792,Rlearner,1.10340040535577,0.057742964484298,0.99022627460597,1.21657453610557
1792,intercept,1.19824500775653,0.0722094625955353,1.05671446106928,1.33977555444378
1792,AIPW,1.14379036781043,0.0663829141674587,1.01367985604221,1.27390087957865
1793,Tlearner,1.00538108048284,0.0588831618773394,0.889972203907418,1.12078995705827
1793,Rlearner,1.05612236361773,0.0590346357155642,0.940416603774783,1.17182812346068
1793,intercept,1.15676548258949,0.0755800959022304,1.00862849462112,1.30490247055786
1793,AIPW,1.02213772164704,0.0593297364361414,0.905851438232207,1.13842400506188
1794,Tlearner,0.951342482993966,0.0635342695462543,0.826817602899247,1.07586736308868
1794,Rlearner,0.989910793280342,0.0599390025296002,0.87243250705307,1.10738907950761
1794,intercept,1.16990692556145,0.0780579659524463,1.01691331229465,1.32290053882824
1794,AIPW,0.988808707109509,0.0465211320038718,0.89762728838192,1.0799901258371
1795,Tlearner,0.933354852720404,0.0608521735962359,0.814086784090803,1.05262292135001
1795,Rlearner,0.960142306337312,0.0578549302839319,0.84674872665273,1.07353588602189
1795,intercept,1.05993756338953,0.0719229003924952,0.918968678620242,1.20090644815882
1795,AIPW,0.96851774917812,0.0544973773025048,0.861702889665211,1.07533260869103
1796,Tlearner,1.07614891370071,0.058469259005261,0.961551271847655,1.19074655555377
1796,Rlearner,1.0521230876451,0.0620666776850219,0.9304746347424,1.1737715405478
1796,intercept,1.19582002148509,0.0806869778474663,1.03767354490406,1.35396649806613
1796,AIPW,1.06440921724274,0.0514928216646448,0.963483286780036,1.16533514770544
1798,Tlearner,0.981019786743405,0.0655106611886273,0.85262125021029,1.10941832327652
1798,Rlearner,0.993999429573176,0.0617893648706697,0.872894499799059,1.11510435934729
1798,intercept,1.150472570858,0.0887262030501152,0.976569212879779,1.32437592883623
1798,AIPW,1.02999136413101,0.0744212141705719,0.884125784356694,1.17585694390534
1799,Tlearner,0.970270675974524,0.0595771869020052,0.853501535346382,1.08703981660267
1799,Rlearner,0.975353664000709,0.0540138587437385,0.869488446196947,1.08121888180447
1799,intercept,1.27364492353859,0.0697760678072624,1.13688383063636,1.41040601644083
1799,AIPW,0.957734331978511,0.0500476162082711,0.859641004210299,1.05582765974672
1800,Tlearner,0.956353262144478,0.0658936714112623,0.827204039369287,1.08550248491967
1800,Rlearner,1.00082568262842,0.0626378975229274,0.87805765941617,1.12359370584067
1800,intercept,1.16120530631832,0.0882317308514607,0.98827111384946,1.33413949878719
1800,AIPW,1.03488637333737,0.0588419928081541,0.919556067433384,1.15021667924135
1801,Tlearner,1.09397242716317,0.0607721338049293,0.974861233641863,1.21308362068448
1801,Rlearner,1.15092178741565,0.0565845829741013,1.04001804270619,1.26182553212511
1801,intercept,1.23849278991565,0.0785740933751391,1.08448756690037,1.39249801293092
1801,AIPW,1.12982343366046,0.0550687628498621,1.02188865847473,1.23775820884619
1803,Tlearner,0.991419366855566,0.0598564069067142,0.874102965074431,1.1087357686367
1803,Rlearner,0.982130791958584,0.0590608850381989,0.866373584388654,1.09788799952851
1803,intercept,1.11960300758987,0.0852167317418094,0.952578213375922,1.28662780180381
1803,AIPW,0.998039496348139,0.0621145179476677,0.876295041170711,1.11978395152557
1804,Tlearner,1.08377318772192,0.0568733780499583,0.972303415064876,1.19524296037897
1804,Rlearner,1.08301515041409,0.0565774835031075,0.972125320412087,1.19390498041609
1804,intercept,1.2397442179234,0.0755818853714206,1.09160372259542,1.38788471325139
1804,AIPW,1.09835530367214,0.0430351082688956,1.01400649146511,1.18270411587918
1805,Tlearner,0.968491333930398,0.0593107036864511,0.852244490807227,1.08473817705357
1805,Rlearner,0.988114724692696,0.0571476754280123,0.876107339053607,1.10012211033178
1805,intercept,1.10709408621731,0.0769224505317756,0.956326083175035,1.2578620892596
1805,AIPW,0.975400963740158,0.0486629390265988,0.880021603248024,1.07078032423229
1806,Tlearner,1.08185160668126,0.0598071551142625,0.964631736639508,1.19907147672302
1806,Rlearner,1.09810321951931,0.0586721460077643,0.983107926448413,1.2130985125902
1806,intercept,1.22441051529859,0.0796592174864014,1.06827844902525,1.38054258157194
1806,AIPW,1.04832429370517,0.0559803259315024,0.93860285487942,1.15804573253091
1807,Tlearner,0.956495909194324,0.065026136227204,0.829047024135209,1.08394479425344
1807,Rlearner,0.953918509565137,0.0628259817414696,0.830781848058486,1.07705517107179
1807,intercept,1.11690450622944,0.0797130162093405,0.960666994459137,1.27314201799975
1807,AIPW,0.960294687824829,0.0453906168479288,0.871329078802888,1.04926029684677
1808,Tlearner,0.94033424724257,0.0598656654361854,0.822999699077123,1.05766879540802
1808,Rlearner,0.918659303294304,0.0577721697263964,0.805427931321832,1.03189067526678
1808,intercept,1.0700703876452,0.0857807035784286,0.901940208631484,1.23820056665892
1808,AIPW,0.972752596492469,0.0522765959396371,0.870290468450781,1.07521472453416
1809,Tlearner,1.04190774072468,0.0588598581199778,0.926544538674391,1.15727094277498
1809,Rlearner,1.13855084691197,0.0606663303930666,1.01964702426735,1.25745466955659
1809,intercept,1.21791200960749,0.0788496477948434,1.0633666999296,1.37245731928538
1809,AIPW,1.06631387291,0.0708976042282298,0.92735456862267,1.20527317719733
1810,Tlearner,0.88373481480172,0.061098818825487,0.763983330405828,1.00348629919761
1810,Rlearner,0.941678427945198,0.056469160591672,0.831000906948313,1.05235594894208
1810,intercept,1.13854760605395,0.0743252929391626,0.992870031893193,1.28422518021471
1810,AIPW,1.00042853676501,0.0993104421528889,0.805780070145344,1.19507700338467
1811,Tlearner,0.907890264721039,0.0617606763772362,0.786841563360823,1.02893896608126
1811,Rlearner,0.915631122653192,0.058168161674758,0.801623620723763,1.02963862458262
1811,intercept,1.10298427332573,0.0782759397146079,0.9495634314851,1.25640511516636
1811,AIPW,0.826174325669176,0.0884979899943001,0.652718265280348,0.999630386058004
1812,Tlearner,1.04555222268193,0.0630520123052925,0.92197254941078,1.16913189595308
1812,Rlearner,1.0242492550375,0.061805375872777,0.903112944275899,1.14538556579911
1812,intercept,1.26613552951085,0.0822108268708574,1.10500230884397,1.42726875017773
1812,AIPW,1.012735362952,0.0564893586032973,0.902016220089536,1.12345450581446
1813,Tlearner,1.09488938294983,0.0640302682752256,0.969392363209955,1.22038640268971
1813,Rlearner,1.0474097198559,0.0601408043618909,0.929535909305324,1.16528353040648
1813,intercept,1.29701161427441,0.0820398801664665,1.13621344914814,1.45780977940069
1813,AIPW,1.10362249017913,0.0601540628550941,0.985720526983149,1.22152445337512
1815,Tlearner,0.919071406510212,0.0585870124446518,0.804242972156894,1.03389984086353
1815,Rlearner,0.91074057822655,0.0597981177308799,0.79353842113074,1.02794273532236
1815,intercept,1.04452277891571,0.0801993874404246,0.88733197953248,1.20171357829894
1815,AIPW,0.908989012305624,0.0648223587785865,0.781937189099594,1.03604083551165
1816,Tlearner,1.17921441937303,0.0618994226134943,1.05789378038676,1.30053505835931
1816,Rlearner,1.18027261659624,0.0613159319512548,1.06009559829328,1.30044963489921
1816,intercept,1.37994414970117,0.0856525286644929,1.21206519351876,1.54782310588357
1816,AIPW,1.14355100103669,0.0532311954732522,1.03921785790911,1.24788414416426
1817,Tlearner,1.075023760402,0.0570298833923064,0.963247242910558,1.18680027789344
1817,Rlearner,1.10243129538983,0.0550307215037913,0.994573063199144,1.21028952758051
1817,intercept,1.23452568106432,0.0763877581961127,1.08480567499993,1.3842456871287
1817,AIPW,1.13242461737373,0.0540838449662137,1.02642028123995,1.23842895350751
1818,Tlearner,1.15314631713629,0.0602728901837193,1.03501362313206,1.27127901114052
1818,Rlearner,1.16161142155688,0.0604029902718032,1.04322373606562,1.27999910704813
1818,intercept,1.27538667819542,0.0784254728684638,1.12167275137323,1.4291006050176
1818,AIPW,1.14912007137783,0.0449847716594858,1.06094991892524,1.23729022383043
1819,Tlearner,1.03772354594895,0.0585266600612262,0.923013400093529,1.15243369180437
1819,Rlearner,1.01788758767885,0.0595509188011089,0.90116993158241,1.1346052437753
1819,intercept,1.12181020965708,0.0770593421715905,0.970773899000761,1.2728465203134
1819,AIPW,1.04912667607262,0.052357448102156,0.946506077792393,1.15174727435284
1820,Tlearner,0.947014389790818,0.057928523519432,0.83347657001515,1.06055220956649
1820,Rlearner,0.939179346584869,0.0556970052852068,0.830015222179127,1.04834347099061
1820,intercept,1.07879771194512,0.0698409668278922,0.941909416962456,1.21568600692779
1820,AIPW,0.934149752790777,0.0606236359526168,0.815327426323648,1.05297207925791
1821,Tlearner,1.05150419909596,0.0641785720468807,0.925716509304864,1.17729188888705
1821,Rlearner,1.0649435856338,0.0621492059144328,0.943133380373748,1.18675379089385
1821,intercept,1.17105320147089,0.0743000517827481,1.0254250999767,1.31668130296507
1821,AIPW,1.06339202322987,0.0588502944253498,0.948045446156184,1.17873860030356
1822,Tlearner,1.03950332540238,0.0577489169929192,0.926317527950066,1.1526891228547
1822,Rlearner,1.010897584441,0.0558145989323595,0.901502980722029,1.12029218815997
1822,intercept,1.15590365367494,0.0774457699428651,1.00410994458693,1.30769736276296
1822,AIPW,1.00021158109191,0.0815439290602789,0.840385480133762,1.16003768205006
1823,Tlearner,0.981730608021068,0.0616821257760346,0.860835863010171,1.10262535303197
1823,Rlearner,0.991277265904653,0.0591183639681185,0.87540740170221,1.1071471301071
1823,intercept,1.15817372091137,0.0838788589444575,0.993771157380234,1.32257628444251
1823,AIPW,0.978172506916886,0.0531088880257019,0.874079086386511,1.08226592744726
1824,Tlearner,1.05782806647483,0.0632311163995802,0.933897355629394,1.18175877732027
1824,Rlearner,1.07506873043979,0.0617616628348328,0.95401809565821,1.19611936522137
1824,intercept,1.17568642024703,0.0864665969462101,1.00621189023246,1.3451609502616
1824,AIPW,1.08296735291335,0.0509875322297324,0.983031789743074,1.18290291608362
1825,Tlearner,1.06559431038005,0.0637775631172213,0.940592583648571,1.19059603711154
1825,Rlearner,1.029349390377,0.0639642000351617,0.903981862008166,1.15471691874583
1825,intercept,1.25931143868138,0.0793794023783598,1.1037278100198,1.41489506734297
1825,AIPW,1.03303674246586,0.0627193450044654,0.910106826257106,1.15596665867461
1826,Tlearner,1.0029995725445,0.0631044739538679,0.87931707633157,1.12668206875742
1826,Rlearner,0.994315710116494,0.0594361085579575,0.877823077961684,1.1108083422713
1826,intercept,1.17374512447046,0.0824929618109647,1.01205891932097,1.33543132961995
1826,AIPW,1.00935549113389,0.0639805473313859,0.883953618364376,1.13475736390341
1827,Tlearner,1.01352220126383,0.0610362902824636,0.89389327056027,1.13315113196739
1827,Rlearner,0.923197764725659,0.0608229572969235,0.803986958990471,1.04240857046085
1827,intercept,1.10142182784063,0.078387092107372,0.94778312731018,1.25506052837108
1827,AIPW,0.968174997412906,0.054506104167986,0.861343033243653,1.07500696158216
1828,Tlearner,0.993858217170019,0.0667617012866411,0.863007687101581,1.12470874723846
1828,Rlearner,1.07450996325544,0.0634372390317714,0.950175259474512,1.19884466703637
1828,intercept,1.13972629341007,0.077357236482369,0.988106109904632,1.29134647691552
1828,AIPW,1.03486602844326,0.092793519382091,0.852990730454365,1.21674132643216
1829,Tlearner,1.02191984368671,0.0613597411911368,0.901656960851387,1.14218272652204
1829,Rlearner,1.01069425127912,0.0604625051330366,0.892189918803297,1.12919858375494
1829,intercept,1.15107492363307,0.0758627380862733,1.00238395698398,1.29976589028217
1829,AIPW,1.00704506029267,0.0702446979481025,0.869365452314388,1.14472466827095
1830,Tlearner,1.0581256103424,0.0568698305255588,0.946662790705412,1.1695884299794
1830,Rlearner,1.09670441997581,0.0518003605742964,0.995177578864005,1.19823126108762
1830,intercept,1.22882365873223,0.0721389098771187,1.08743139537307,1.37021592209138
1830,AIPW,1.07846585069603,0.0444733660117195,0.991298053313058,1.165633648079
1831,Tlearner,1.11188381816201,0.0632318889539846,0.987951593137769,1.23581604318626
1831,Rlearner,1.20877380790908,0.0599376441439644,1.09129818406873,1.32624943174943
1831,intercept,1.3637261477042,0.081167279924119,1.20463827905292,1.52281401635547
1831,AIPW,1.1534353252287,0.0487651607451429,1.05785561016822,1.24901504028918
1832,Tlearner,1.0179156386852,0.0582480972657816,0.903751465876281,1.13207981149412
1832,Rlearner,1.05158246653862,0.0565186231619039,0.940808000685501,1.16235693239175
1832,intercept,1.21400702721098,0.0840270685075294,1.04931397293622,1.37870008148573
1832,AIPW,0.953316933503771,0.089342604521578,0.778205428641478,1.12842843836606
1833,Tlearner,1.00659028261058,0.0649345963579312,0.879320812398389,1.13385975282277
1833,Rlearner,1.02273566387619,0.0599046579640894,0.905324691760385,1.140146635992
1833,intercept,1.22329935477288,0.0794938462045641,1.06749141621193,1.37910729333382
1833,AIPW,0.992958457172864,0.0480492725748703,0.898781882926118,1.08713503141961
1835,Tlearner,0.971708358022257,0.0632748497434469,0.847691931397918,1.0957247846466
1835,Rlearner,0.914102935606348,0.0603225071021316,0.795872994229008,1.03233287698369
1835,intercept,1.10890467005389,0.0778938112102635,0.956232800081775,1.26157654002601
1835,AIPW,0.959158176839416,0.0594401229795184,0.84265553579956,1.07566081787927
1836,Tlearner,1.07070396664799,0.0621519673649109,0.948888349044453,1.19251958425152
1836,Rlearner,1.12476028504362,0.0586043358553542,1.00989789742924,1.23962267265801
1836,intercept,1.23641459675582,0.0725995602334284,1.0941194586983,1.37870973481334
1836,AIPW,1.12296475588608,0.0422275459726489,1.04019876577969,1.20573074599247
1837,Tlearner,1.01292763514456,0.0609970674001275,0.893375579877749,1.13247969041137
1837,Rlearner,1.00316629984456,0.0565315628874005,0.892366472595495,1.11396612709363
1837,intercept,1.2093421317469,0.0715816408666449,1.06904211564828,1.34964214784553
1837,AIPW,0.947300328213276,0.0532477297442231,0.842934777914599,1.05166587851195
1838,Tlearner,1.0173049707241,0.0621394520839413,0.895513882620519,1.13909605882767
1838,Rlearner,1.03967198370755,0.0544810449521132,0.932891097761304,1.1464528696538
1838,intercept,1.13938803626884,0.0733904498769201,0.995542754510075,1.2832333180276
1838,AIPW,0.965955440360288,0.0888096412074477,0.791888543593691,1.14002233712689
1839,Tlearner,1.09077346538312,0.0630361237116093,0.967224933183354,1.21432199758288
1839,Rlearner,1.09736929177677,0.0579972029152482,0.98369686285882,1.21104172069472
1839,intercept,1.25722955016725,0.0743403493701267,1.1115224654018,1.4029366349327
1839,AIPW,1.11085746421294,0.0469387494422742,1.01885751530608,1.2028574131198
1840,Tlearner,0.957881126989874,0.0623135967635376,0.835748721586189,1.08001353239356
1840,Rlearner,0.999354432317592,0.0600232052534374,0.881711111784199,1.11699775285098
1840,intercept,1.25462770407818,0.0799574797478869,1.09791104377232,1.41134436438404
1840,AIPW,0.998588101656918,0.0509422180568999,0.898741354265394,1.09843484904844
1841,Tlearner,1.08427400448263,0.0638849929481103,0.959061719151735,1.20948628981352
1841,Rlearner,1.08648490267383,0.0588244238266899,0.971191150562194,1.20177865478546
1841,intercept,1.24196514236802,0.0712964717741698,1.10222405769065,1.38170622704539
1841,AIPW,1.05968930046031,0.0490581060829587,0.96353541253771,1.15584318838291
1842,Tlearner,0.941659962803506,0.0615799111286973,0.820965554820082,1.06235437078693
1842,Rlearner,0.927699522560011,0.0612665799225022,0.807619232455962,1.04777981266406
1842,intercept,1.16800004918226,0.0814573464527255,1.00834365013491,1.3276564482296
1842,AIPW,0.915598687768662,0.0496350398600291,0.818314009643005,1.01288336589432
1843,Tlearner,0.915105776818761,0.0572877083189694,0.802823931756745,1.02738762188078
1843,Rlearner,0.851911324287125,0.0566361248987752,0.740906559261614,0.962916089312637
1843,intercept,1.08712940636619,0.0800285173404934,0.930273512378825,1.24398530035356
1843,AIPW,0.942416703614128,0.0443454283678692,0.855499664013104,1.02933374321515
1844,Tlearner,0.945357261598643,0.0623098036624615,0.823232290536457,1.06748223266083
1844,Rlearner,0.942200585013049,0.0592550781332838,0.826062765970706,1.05833840405539
1844,intercept,1.16170651413689,0.0792924589713201,1.00629329455311,1.31711973372068
1844,AIPW,0.952473772819963,0.0440995972361569,0.866038562237096,1.03890898340283
1845,Tlearner,1.0464346841969,0.0616884526822673,0.925527538677652,1.16734182971615
1845,Rlearner,1.04182909934576,0.0643841093887404,0.915638563767144,1.16801963492438
1845,intercept,1.27826968987751,0.0940378046912569,1.09395559268265,1.46258378707238
1845,AIPW,1.06725541892657,0.0512056474336456,0.966892349956629,1.16761848789652
1846,Tlearner,0.990134080775699,0.0612432650989322,0.870099486886153,1.11016867466525
1846,Rlearner,1.06308175272683,0.0587047451757468,0.948022566460765,1.1781409389929
1846,intercept,1.23727607827739,0.0740343585409433,1.09216873553714,1.38238342101764
1846,AIPW,1.03076066506025,0.0533520248239019,0.926190696405404,1.1353306337151
1849,Tlearner,0.909025463677685,0.0595688281580441,0.792272705886663,1.02577822146871
1849,Rlearner,0.931691012783011,0.0558505149024567,0.822226015056178,1.04115601050984
1849,intercept,1.08363761977344,0.0758998916964149,0.934873832048467,1.23240140749841
1849,AIPW,0.933962519450914,0.044461510675702,0.846817958526538,1.02110708037529
1850,Tlearner,1.0408355021023,0.062446855434802,0.918441914502309,1.16322908970229
1850,Rlearner,0.987149878649806,0.0604362288957134,0.868697046652789,1.10560271064682
1850,intercept,1.21212421944196,0.0781135072078644,1.05902174531454,1.36522669356937
1850,AIPW,1.01310884323324,0.0439170421492648,0.927031440620684,1.0991862458458
1851,Tlearner,1.01934577165383,0.0633540869776042,0.895174042904303,1.14351750040335
1851,Rlearner,1.01274660158372,0.0633317370243861,0.888618677937561,1.13687452522988
1851,intercept,1.20369107107235,0.077939466782612,1.05092971617843,1.35645242596627
1851,AIPW,0.984175365716295,0.0516301482949144,0.882980275058263,1.08537045637433
1852,Tlearner,1.00650687852842,0.0620570189527686,0.884877356393074,1.12813640066377
1852,Rlearner,1.00501879356179,0.0618070978634172,0.883879107760551,1.12615847936303
1852,intercept,1.10771738722561,0.0776396745965615,0.955543625016354,1.25989114943488
1852,AIPW,1.01004868669037,0.0450352124093748,0.921779670367992,1.09831770301274
1853,Tlearner,0.983889297060582,0.0695044794638393,0.847663020547253,1.12011557357391
1853,Rlearner,0.949528322567638,0.0617803588049931,0.82844104435789,1.07061560077739
1853,intercept,1.17008526107356,0.0798291136273826,1.01362019836389,1.32655032378323
1853,AIPW,0.921797954533048,0.0716096256258879,0.781443088306307,1.06215282075979
1854,Tlearner,0.984616544329313,0.0626836738577872,0.861758801149395,1.10747428750923
1854,Rlearner,1.0211264054554,0.0579319979399104,0.907581775940722,1.13467103497007
1854,intercept,1.19839257263396,0.078635617043901,1.04426676322791,1.35251838204
1854,AIPW,1.00192394645605,0.0537323432540894,0.89660855367803,1.10723933923406
1855,Tlearner,1.00274930106758,0.0654545237276434,0.874460791936181,1.13103781019899
1855,Rlearner,1.00322517796673,0.0557727927428598,0.893912512873508,1.11253784305995
1855,intercept,1.1399684761386,0.0741156740037307,0.994701755091287,1.28523519718591
1855,AIPW,0.967490880976806,0.0442767291153546,0.880708491910711,1.0542732700429
1856,Tlearner,0.95286291711393,0.0601639706936284,0.834943701387495,1.07078213284036
1856,Rlearner,0.998365831186294,0.059414027816453,0.881916476489586,1.114815185883
1856,intercept,1.12125324947446,0.0753921041060148,0.973484725426667,1.26902177352224
1856,AIPW,0.9594866466197,0.054613139164912,0.852444893856473,1.06652839938293
1857,Tlearner,0.916794929033325,0.059867273128938,0.799457229847984,1.03413262821867
1857,Rlearner,0.975376262749599,0.0604118586067564,0.85697119564123,1.09378132985797
1857,intercept,1.21694275249243,0.0758336505992947,1.06830879731782,1.36557670766705
1857,AIPW,0.934042487274048,0.0547391795645542,0.826753695327522,1.04133127922057
1858,Tlearner,1.26049131908383,0.133397048620275,0.999037908144152,1.52194473002351
1858,Rlearner,1.08647935326338,0.0529714152219731,0.982657287218191,1.19030141930856
1858,intercept,1.2152620539551,0.074905586322258,1.06844710476347,1.36207700314673
1858,AIPW,1.0571085464133,0.0420395432045154,0.974711041732447,1.13950605109415
1859,Tlearner,0.988054485579652,0.0602114060272296,0.870042298307764,1.10606667285154
1859,Rlearner,0.985516855110807,0.0580537613343591,0.871733573728379,1.09930013649323
1859,intercept,1.06930758266663,0.0786593240284821,0.915135307570803,1.22347985776245
1859,AIPW,1.05034141300867,0.0564223485177706,0.939753609913842,1.1609292161035
1860,Tlearner,1.1038682159825,0.0574591886970627,0.991250275555364,1.21648615640963
1860,Rlearner,1.12028089643644,0.0578589703321907,1.00687939840278,1.23368239447011
1860,intercept,1.2103868943222,0.0752425724173058,1.06291145238428,1.35786233626012
1860,AIPW,1.1636352669099,0.0500905679901807,1.06545775364914,1.26181278017065
1861,Tlearner,0.845907352610088,0.0609748026353118,0.726398935480439,0.965415769739738
1861,Rlearner,0.927234263951307,0.0589413249237224,0.811711389899738,1.04275713800288
1861,intercept,1.08269779855644,0.0781388585177667,0.929545635861614,1.23584996125126
1861,AIPW,0.879341550903281,0.0554684166738896,0.770623454222458,0.988059647584105
1862,Tlearner,0.934527091856436,0.0579581415524592,0.820931221802741,1.04812296191013
1862,Rlearner,0.954818050496027,0.0572511520590306,0.842607854386901,1.06702824660515
1862,intercept,1.1903851006804,0.070257859141802,1.05267969676247,1.32809050459833
1862,AIPW,0.987680053081305,0.0474824235339558,0.894614502954752,1.08074560320786
1863,Tlearner,0.952273926498152,0.0604515511211624,0.833791063491092,1.07075678950521
1863,Rlearner,1.018802255556,0.0547090358693,0.911574515623262,1.12602999548874
1863,intercept,1.14090726402872,0.0757094009383117,0.992516838189633,1.28929768986782
1863,AIPW,0.989632309874903,0.056894571438146,0.878118949856137,1.10114566989367
1864,Tlearner,1.0698538071455,0.0614638401693535,0.949386894062037,1.19032072022896
1864,Rlearner,1.06123928547293,0.0599800717488125,0.943680505055127,1.17879806589073
1864,intercept,1.24451588675641,0.0815986070524762,1.08458261693356,1.40444915657926
1864,AIPW,1.01768468174828,0.0901263654086797,0.841037005547267,1.19433235794929
1865,Tlearner,0.952161764344615,0.0632268930491668,0.828239331113882,1.07608419757535
1865,Rlearner,0.964733104780895,0.0624818526812272,0.842270923838353,1.08719528572344
1865,intercept,1.23176945663647,0.0859308253861603,1.0633450388796,1.40019387439334
1865,AIPW,0.984969065594959,0.0607817552625698,0.865836825280322,1.1041013059096
1866,Tlearner,0.956884093981973,0.0595096987832704,0.840247227635936,1.07352096032801
1866,Rlearner,0.956855981079471,0.060039324804654,0.839181066806247,1.0745308953527
1866,intercept,1.0983757364702,0.0884842136476116,0.924946677720879,1.27180479521952
1866,AIPW,0.940461006354412,0.0481042968955172,0.846176584439198,1.03474542826963
1867,Tlearner,1.06157493800934,0.0615138580824665,0.941009991617597,1.18213988440108
1867,Rlearner,1.01634238982681,0.0576220063886205,0.903405332588172,1.12927944706544
1867,intercept,1.15141088704721,0.0855379820360305,0.983756442256587,1.31906533183783
1867,AIPW,1.03496142571198,0.0532912519449255,0.930510571899926,1.13941227952403
1868,Tlearner,1.0096511912257,0.0610398859260477,0.890015213190218,1.12928716926119
1868,Rlearner,1.03715608603255,0.0527675507678139,0.933733586975251,1.14057858508986
1868,intercept,1.24943834066142,0.0696011516335704,1.11302008345963,1.38585659786322
1868,AIPW,1.01872199601475,0.0497941848388106,0.921125393730686,1.11631859829882
1869,Tlearner,0.957352294788253,0.063381846746708,0.833126157891068,1.08157843168544
1869,Rlearner,0.984471137120304,0.0571392774416752,0.872480211231979,1.09646206300863
1869,intercept,1.16283600555063,0.0749334683908672,1.01596640750453,1.30970560359673
1869,AIPW,0.943836631279217,0.0575673035402895,0.83100471634025,1.05666854621818
1870,Tlearner,1.06083278094833,0.0615229291555962,0.940250055579955,1.18141550631671
1870,Rlearner,1.07340080459421,0.057049493906927,0.961585851200397,1.18521575798803
1870,intercept,1.12632415471432,0.0739144310705721,0.981451869815998,1.27119643961264
1870,AIPW,1.02101328488611,0.0564887245702346,0.910295384728453,1.13173118504377
1871,Tlearner,0.974286641411368,0.0577898524760557,0.861020611886416,1.08755267093632
1871,Rlearner,0.986261390116726,0.0568553349877582,0.87482698121176,1.09769579902169
1871,intercept,1.07737438972687,0.0786016315482335,0.923315191892335,1.23143358756141
1871,AIPW,1.01639561999259,0.0432379991120277,0.93164914173302,1.10114209825217
1872,Tlearner,1.11390347635207,0.0633685110792475,0.989703476882819,1.23810347582132
1872,Rlearner,1.21171877123483,0.0596547604757182,1.09479758919606,1.3286399532736
1872,intercept,1.320873354555,0.0694067262844303,1.18483617103751,1.45691053807248
1872,AIPW,1.20677677732955,0.0552596214173029,1.09846791935163,1.31508563530746
1873,Tlearner,0.986282551104258,0.0640603138971582,0.860726643027497,1.11183845918102
1873,Rlearner,1.02315347696046,0.0605137424232049,0.904548721241242,1.14175823267967
1873,intercept,1.25431273098846,0.0760847278431581,1.10518666441587,1.40343879756105
1873,AIPW,1.02791103740087,0.0525312036153293,0.92494987831482,1.13087219648691
1874,Tlearner,1.04202378011424,0.0632326782400406,0.918090008117747,1.16595755211072
1874,Rlearner,1.07923367899234,0.0548124440386806,0.971803262771912,1.18666409521277
1874,intercept,1.16711938679867,0.0653277614153056,1.03907697442467,1.29516179917267
1874,AIPW,1.05281928682694,0.0445832131340836,0.965436189084131,1.14020238456974
1875,Tlearner,1.04579422697558,0.0584560097977206,0.931222553092125,1.16036590085903
1875,Rlearner,1.08166575844176,0.0560397750046906,0.971829817730841,1.19150169915268
1875,intercept,1.07278535230905,0.0744811923908483,0.926802215222983,1.21876848939511
1875,AIPW,1.18572469777502,0.106955670259498,0.976091584066406,1.39535781148364
1876,Tlearner,0.965794062158478,0.0613983635171085,0.845455480955247,1.08613264336171
1876,Rlearner,0.958843829608228,0.0613583108395667,0.838583750210464,1.07910390900599
1876,intercept,1.15914191888983,0.0874028054098001,0.987832420286623,1.33045141749304
1876,AIPW,1.01791167583387,0.0688390954955929,0.882987048662513,1.15283630300524
1877,Tlearner,1.03145907959898,0.0598369456207318,0.914180821237467,1.1487373379605
1877,Rlearner,1.09599723934242,0.0556649108799683,0.98689601881505,1.20509845986979
1877,intercept,1.23617961672106,0.079014257604465,1.08131167181631,1.39104756162582
1877,AIPW,1.09790675432526,0.0464755912531128,1.00681459546916,1.18899891318137
1878,Tlearner,1.09016580112468,0.0676602845149895,0.957554080291568,1.22277752195779
1878,Rlearner,1.08190645011927,0.0668381598713093,0.950906063978572,1.21290683625997
1878,intercept,1.23623194561121,0.0897614448051546,1.06029951379311,1.41216437742931
1878,AIPW,0.948382687825224,0.117770300261974,0.717552899311756,1.17921247633869
1879,Tlearner,0.995043233503435,0.0576750408079184,0.882002230713037,1.10808423629383
1879,Rlearner,1.00767040456017,0.0563371600142903,0.897251599940888,1.11808920917945
1879,intercept,1.14201644107974,0.0782628006942475,0.988621351719017,1.29541153044047
1879,AIPW,1.00735278475302,0.0494690985751344,0.910393351545758,1.10431221796028
1880,Tlearner,0.997489179228448,0.0622936305061048,0.875395906970237,1.11958245148666
1880,Rlearner,1.03247258978614,0.0615638349372793,0.911809690558908,1.15313548901338
1880,intercept,1.17240568643177,0.0796266259463212,1.01633749957698,1.32847387328656
1880,AIPW,0.92737891928713,0.244663441724603,0.447838573506907,1.40691926506735
1881,Tlearner,0.962267864602216,0.0607391060682881,0.843221404255213,1.08131432494922
1881,Rlearner,0.9568890427106,0.0595373494479689,0.840197982057606,1.0735801033636
1881,intercept,1.04935526379891,0.0772305621362405,0.897983362011883,1.20072716558595
1881,AIPW,0.906763464229083,0.0534577675808691,0.80198623977058,1.01154068868759
1882,Tlearner,0.850567814361519,0.0961530123250854,0.662111373199315,1.03902425552372
1882,Rlearner,1.03908699234908,0.0611283182283852,0.919277690185944,1.15889629451222
1882,intercept,1.24491063380284,0.0865129484643614,1.07534525481269,1.41447601279299
1882,AIPW,1.04523179438726,0.0541407705706923,0.939115884068703,1.15134770470582
1883,Tlearner,0.95697078530741,0.0629087287047832,0.833671942732834,1.08026962788199
1883,Rlearner,0.951852590242394,0.0580003526960364,0.838173987867542,1.06553119261725
1883,intercept,1.07326343011999,0.0758812972177757,0.92453608757315,1.22199077266683
1883,AIPW,0.984152267554355,0.053995352587088,0.878321376483662,1.08998315862505
1884,Tlearner,1.17281856590129,0.0580232509780185,1.05909508371845,1.28654204808414
1884,Rlearner,1.16953158787387,0.0589889237965521,1.05391542174585,1.28514775400189
1884,intercept,1.23390975486838,0.076838787998498,1.08330573039133,1.38451377934544
1884,AIPW,1.17286330747796,0.047006674606623,1.08073022524898,1.26499638970694
1885,Tlearner,0.993135578901702,0.0633177204039791,0.869035127326726,1.11723603047668
1885,Rlearner,1.06091475043726,0.0614072090263806,0.940558832354426,1.18127066852008
1885,intercept,1.26021511686438,0.0823440706501663,1.09882073839006,1.42160949533871
1885,AIPW,1.00253113777679,0.0773594251921463,0.85090666440018,1.15415561115339
1886,Tlearner,1.05365345389449,0.0632531548633087,0.929679548453874,1.17762735933511
1886,Rlearner,1.04412837470153,0.0625583220222666,0.921516316604631,1.16674043279843
1886,intercept,1.28488291777549,0.0867690738703981,1.11481553298951,1.45495030256147
1886,AIPW,1.11630273671361,0.100824686961772,0.918686350268535,1.31391912315868
1887,Tlearner,1.08667214554718,0.0635409397762319,0.962134192041942,1.21121009905243
1887,Rlearner,1.10394079860786,0.0611451963924105,0.98409841585111,1.22378318136462
1887,intercept,1.17801922475412,0.0754050324080291,1.03022536123439,1.32581308827386
1887,AIPW,1.16431960593573,0.0519127076402664,1.06257069896081,1.26606851291065
1888,Tlearner,1.06536381997989,0.0667658791884424,0.934505101374395,1.19622253858539
1888,Rlearner,1.0576231380789,0.0606865292076617,0.938679726485143,1.17656654967265
1888,intercept,1.2330577270648,0.0796268508334132,1.07698909943131,1.38912635469829
1888,AIPW,1.04459477612482,0.0487892854279256,0.948967776686087,1.14022177556356
1889,Tlearner,1.0451261871751,0.0587013784595406,0.930073599551548,1.16017877479866
1889,Rlearner,1.05766792247226,0.0617432027681614,0.936653468756512,1.17868237618801
1889,intercept,1.14846907629966,0.077313005330939,0.996935585851017,1.3000025667483
1889,AIPW,1.04766687200896,0.0452923037806283,0.958893956598933,1.136439787419
1891,Tlearner,1.08301637355019,0.0618124187021368,0.961866259096691,1.20416648800369
1891,Rlearner,0.995109805342878,0.0611904489431421,0.875178729216482,1.11504088146927
1891,intercept,1.09900058105115,0.0853570321731355,0.931700797991804,1.2663003641105
1891,AIPW,1.01468609296711,0.0442717924647284,0.927913379736246,1.10145880619798
1892,Tlearner,1.04659520365613,0.0632541927617736,0.922619263971897,1.17057114334036
1892,Rlearner,0.951419198801172,0.0607958760227722,0.832261471387976,1.07057692621437
1892,intercept,1.15461656296288,0.0787943284653762,1.00017967917074,1.30905344675502
1892,AIPW,1.02195477892452,0.043978278404226,0.935757353252237,1.1081522045968
1893,Tlearner,0.942058108622238,0.0618564807429888,0.820821634155585,1.06329458308889
1893,Rlearner,0.963517592202686,0.0586358916238296,0.848593356418586,1.07844182798679
1893,intercept,1.1860539934392,0.0733646775292796,1.04225922548182,1.32984876139659
1893,AIPW,0.978255809809828,0.0434433526711758,0.893106838574324,1.06340478104533
1894,Tlearner,1.02519209115026,0.0628453610731228,0.902017446851526,1.148366735449
1894,Rlearner,1.05970515601656,0.0636373306111691,0.934978279946405,1.18443203208672
1894,intercept,1.2819014902719,0.0896751486642321,1.10613819889,1.45766478165379
1894,AIPW,1.05654845819463,0.0645731356501697,0.929985112320302,1.18311180406897
1895,Tlearner,1.01617944089054,0.0627518942548373,0.893187988189391,1.13917089359169
1895,Rlearner,1.00696530663174,0.0596136097085933,0.890124778614468,1.12380583464901
1895,intercept,1.12070073171598,0.0778926029508755,0.968031229932264,1.2733702334997
1895,AIPW,1.04821467826487,0.0604058037393014,0.929819302935838,1.1666100535939
1897,Tlearner,0.867620083118252,0.0580935875343845,0.753758743818134,0.981481422418371
1897,Rlearner,0.852238285312437,0.0544887640545601,0.745442270203399,0.959034300421476
1897,intercept,0.975467042033314,0.0721883997121492,0.833977778597502,1.11695630546913
1897,AIPW,0.880014339362324,0.048838957262452,0.784289983127918,0.97573869559673
1898,Tlearner,1.03778643807601,0.0591857725714063,0.921784455438874,1.15378842071314
1898,Rlearner,1.05042833990308,0.0567477815916664,0.939204731780866,1.16165194802529
1898,intercept,1.18261300973459,0.0728006061806483,1.03992382162052,1.32530219784866
1898,AIPW,1.13868798499379,0.0735706304976406,0.994489549218411,1.28288642076916
1899,Tlearner,0.920864746522502,0.0613180534130036,0.800683570230912,1.04104592281409
1899,Rlearner,0.921539848436225,0.0587018305491098,0.806486374733397,1.03659332213905
1899,intercept,1.1037788180486,0.0802068318237069,0.946573427674135,1.26098420842307
1899,AIPW,0.920777917182794,0.0419192519728642,0.83861618331598,1.00293965104961
1900,Tlearner,0.879855601255563,0.0635012106878937,0.755395515332601,1.00431568717852
1900,Rlearner,0.900335735403803,0.0596835125377032,0.78335820035906,1.01731327044855
1900,intercept,1.07967075327105,0.0762216273333683,0.930276363697646,1.22906514284445
1900,AIPW,0.895183565396916,0.0516974333344514,0.793856596061391,0.996510534732441
1903,Tlearner,1.0257611571309,0.0587652780102721,0.91058332868928,1.14093898557251
1903,Rlearner,0.971071197445836,0.0590055019739743,0.855422538687139,1.08671985620453
1903,intercept,1.07625579165863,0.0803471656614991,0.918775346962096,1.23373623635517
1903,AIPW,0.988326056400245,0.0494643848961816,0.891375862003729,1.08527625079676
1904,Tlearner,1.04529509643932,0.0638545998746364,0.920142380437815,1.17044781244082
1904,Rlearner,1.03093007781322,0.0595237011557809,0.914265767321364,1.14759438830508
1904,intercept,1.12162513120707,0.0740165714895835,0.976552651087485,1.26669761132665
1904,AIPW,1.00832313861374,0.0466607183923017,0.916868130564826,1.09977814666265
1905,Tlearner,1.03577824192323,0.0607347504973732,0.916740318338351,1.15481616550811
1905,Rlearner,1.03709431006249,0.0629061363746974,0.913800548361514,1.16038807176346
1905,intercept,1.17556698206285,0.0830427699339285,1.01280315299235,1.33833081113335
1905,AIPW,1.07561189386587,0.098499765359487,0.882552353761274,1.26867143397046
1906,Tlearner,1.05124865310868,0.0594473702814996,0.934733948381329,1.16776335783604
1906,Rlearner,1.05947043138753,0.055517240939581,0.950658638624915,1.16828222415014
1906,intercept,1.12799271014287,0.080060384597828,0.971074356331132,1.28491106395462
1906,AIPW,1.06180365968193,0.0416363813253725,0.980196352284203,1.14341096707966
1907,Tlearner,1.08339282548436,0.0605999735955238,0.964619059773057,1.20216659119567
1907,Rlearner,1.07478503807888,0.0614456104984848,0.954353854493769,1.19521622166398
1907,intercept,1.26996767101075,0.0769843621923262,1.11907832111379,1.4208570209077
1907,AIPW,1.05357066351637,0.0623555426596644,0.931353799903429,1.17578752712931
1908,Tlearner,0.953260812640871,0.0638109057140904,0.828193735620373,1.07832788966137
1908,Rlearner,1.04333991099216,0.0593140717061017,0.927086466671779,1.15959335531255
1908,intercept,1.17258293717574,0.0750267296778544,1.02553054700714,1.31963532734433
1908,AIPW,1.01227020902113,0.0678202423920705,0.879342533932673,1.14519788410959
1909,Tlearner,0.946215248126548,0.0620211657520281,0.824655996973384,1.06777449927971
1909,Rlearner,0.991253057060542,0.0577791812434567,0.878007942767154,1.10449817135393
1909,intercept,1.11530933074008,0.0754274136838881,0.967471599919661,1.2631470615605
1909,AIPW,1.00008018355199,0.051529757446841,0.899081858956185,1.1010785081478
1910,Tlearner,0.903797906809958,0.0602395442255341,0.785730569682804,1.02186524393711
1910,Rlearner,0.877608050155501,0.0612393646010558,0.757581101101315,0.997634999209687
1910,intercept,1.05729594258866,0.085966751018272,0.888801110592848,1.22579077458447
1910,AIPW,0.880895994409117,0.0469560622940816,0.788862112312717,0.972929876505517
1911,Tlearner,0.911298065100562,0.0611642771029526,0.791418284838347,1.03117784536278
1911,Rlearner,0.911130424055585,0.0576770978720285,0.798085389493617,1.02417545861755
1911,intercept,1.24189905614602,0.0736403236683467,1.09756402175606,1.38623409053598
1911,AIPW,0.925377425202334,0.0446905644900097,0.837783918801915,1.01297093160275
1912,Tlearner,0.973970790697608,0.0594066249585588,0.857535945335755,1.09040563605946
1912,Rlearner,1.02922666277716,0.0588942172632952,0.913796118043426,1.1446572075109
1912,intercept,1.26570984497124,0.0850025779499191,1.0991047921894,1.43231489775308
1912,AIPW,0.93383340150161,0.0824020429059557,0.772325397405937,1.09534140559728
1913,Tlearner,0.857152142914216,0.0619854733317971,0.735662847619226,0.978641438209207
1913,Rlearner,0.904559271749524,0.0573354676407859,0.792183820136822,1.01693472336223
1913,intercept,1.13033201858754,0.0767423358046303,0.979917040410466,1.28074699676462
1913,AIPW,0.880769723653672,0.056796164623903,0.769449240990822,0.992090206316522
1914,Tlearner,0.981711302636578,0.0610250440990433,0.862104414047484,1.10131819122567
1914,Rlearner,1.00580357487795,0.0558516114437694,0.896336427969636,1.11527072178626
1914,intercept,1.08942708999348,0.0873334998983839,0.918253430192645,1.26060074979431
1914,AIPW,0.831599334816922,0.149618980586864,0.538346132866669,1.12485253676718
1915,Tlearner,1.04733481367104,0.0632591956109757,0.923349068582552,1.17132055875952
1915,Rlearner,1.00956116653781,0.0637000843610398,0.884711295378013,1.13441103769762
1915,intercept,1.13930962762013,0.08665640311621,0.969463077512363,1.30915617772791
1915,AIPW,1.0056085765926,0.0500416895257905,0.90752686512205,1.10369028806315
1916,Tlearner,1.08118699253163,0.0607961079537307,0.962028810542111,1.20034517452115
1916,Rlearner,1.10272479657117,0.0605648128109925,0.984019944731215,1.22142964841113
1916,intercept,1.22245302760742,0.0808159370662649,1.06405379095754,1.3808522642573
1916,AIPW,1.06920630415573,0.0576061721002672,0.956298206839209,1.18211440147226
1917,Tlearner,0.97610398636122,0.0621101603150683,0.854370309069677,1.09783766365276
1917,Rlearner,0.945909477051578,0.0571574166279778,0.833882999011391,1.05793595509177
1917,intercept,1.03109319007291,0.0760441350749562,0.882046685325992,1.18013969481982
1917,AIPW,0.936168233110939,0.0522765762872876,0.833706143587856,1.03863032263402
1918,Tlearner,1.036828916127,0.0609138021143003,0.917440057821573,1.15621777443243
1918,Rlearner,1.04658234822506,0.0593079438216635,0.930340914337475,1.16282378211265
1918,intercept,1.23540694240227,0.073195307251155,1.09194414019001,1.37886974461454
1918,AIPW,0.983168007936457,0.10586383012462,0.775674900892203,1.19066111498071
1919,Tlearner,1.07747651903904,0.0621568464261596,0.955651338651178,1.1993016994269
1919,Rlearner,1.09639169650741,0.056735828442206,0.985191516127643,1.20759187688718
1919,intercept,1.21349772114916,0.0740454076296343,1.06836872219507,1.35862672010324
1919,AIPW,1.08777901768664,0.0571051033442232,0.975853015131966,1.19970502024132
1920,Tlearner,0.952151483243633,0.0607289841918119,0.833124861409979,1.07117810507729
1920,Rlearner,0.944341347588153,0.0578756652115151,0.830907128192286,1.05777556698402
1920,intercept,1.12497576690967,0.075380499119138,0.977229988636155,1.27272154518318
1920,AIPW,1.02645730249161,0.0848769698220623,0.860098441640372,1.19281616334286
1921,Tlearner,1.05510939741284,0.0580139468787406,0.941404150929489,1.16881464389619
1921,Rlearner,1.00380479168691,0.0586741593133159,0.888805552609649,1.11880403076418
1921,intercept,1.090613595358,0.0791502405793959,0.935479123822386,1.24574806689362
1921,AIPW,1.00646301154993,0.0441601974543677,0.919909024539366,1.09301699856049
1922,Tlearner,1.06140451716516,0.0608219658170764,0.942195654694764,1.18061337963556
1922,Rlearner,1.08662737608161,0.0574291485692014,0.97406831322317,1.19918643894004
1922,intercept,1.20845215744984,0.0765400726980283,1.05843361496171,1.35847069993798
1922,AIPW,1.11416729975477,0.0498238143541491,1.01651262362064,1.21182197588891
1923,Tlearner,0.977235870801911,0.0640572690210936,0.851685930572575,1.10278581103125
1923,Rlearner,1.0535172002627,0.0592722709181108,0.937345683981298,1.16968871654409
1923,intercept,1.23813964081448,0.0803574013495604,1.08063913416934,1.39564014745962
1923,AIPW,1.0178358337188,0.0885944176994716,0.844190775027834,1.19148089240976
1924,Tlearner,0.99855091043527,0.0674636877383314,0.866324512203884,1.13077730866666
1924,Rlearner,0.982925934162013,0.0581057412986338,0.869040773921689,1.09681109440234
1924,intercept,1.20286548150004,0.0752662127782804,1.05534370445461,1.35038725854547
1924,AIPW,0.953555777545759,0.0437760114897916,0.867754795025767,1.03935676006575
1925,Tlearner,1.07729756315276,0.0592707132756703,0.961129099794446,1.19346602651107
1925,Rlearner,1.05883367219743,0.057078680927543,0.94696151329439,1.17070583110047
1925,intercept,1.23268427332964,0.075631168053631,1.08444718394452,1.38092136271475
1925,AIPW,0.966666584919768,0.0771887784913211,0.815376579076779,1.11795659076276
1926,Tlearner,0.979211024519853,0.0571252181100835,0.867247654415094,1.09117439462461
1926,Rlearner,1.03550652644313,0.0561992325259571,0.925358054733464,1.1456549981528
1926,intercept,1.20719123334974,0.0715128968026446,1.06702595561655,1.34735651108292
1926,AIPW,1.07013381368629,0.0526708111993358,0.966899023735588,1.17336860363698
1927,Tlearner,1.06096122630581,0.0586592588383379,0.945991191622857,1.17593126098877
1927,Rlearner,1.03902292954648,0.0559494418046066,0.929364038654334,1.14868182043863
1927,intercept,1.18172570812837,0.0687252797120444,1.04702415989276,1.31642725636397
1927,AIPW,1.06610019402053,0.0432211132119638,0.981386812125082,1.15081357591598
1928,Tlearner,0.928268798515891,0.0804432259383873,0.770602972876433,1.08593462415535
1928,Rlearner,1.05687635433177,0.0572499838208384,0.944668447927424,1.16908426073611
1928,intercept,1.2050277753573,0.0753451216643176,1.05735133689524,1.35270421381936
1928,AIPW,1.04194305248937,0.0457468898873024,0.952279148310253,1.13160695666848
1929,Tlearner,0.991017422286937,0.0575940992606194,0.878135062014098,1.10389978255978
1929,Rlearner,1.01036237368306,0.0520616255750674,0.908323462579314,1.1124012847868
1929,intercept,1.24923784881007,0.0669315739895428,1.11805196379057,1.38042373382958
1929,AIPW,0.926277257264047,0.0712737206384867,0.786580764812613,1.06597374971548
1930,Tlearner,1.0267274277807,0.0628664622551147,0.903511425925226,1.14994342963617
1930,Rlearner,1.0580854820553,0.0614297505449978,0.937685383407821,1.17848558070277
1930,intercept,1.19110155962117,0.0848906835024027,1.02471581995646,1.35748729928588
1930,AIPW,1.09987687192056,0.0598071561202996,0.982654845924777,1.21709889791635
1931,Tlearner,0.994316876969044,0.0594336851885569,0.877828994530981,1.11080475940711
1931,Rlearner,0.954799138689686,0.0569576757012894,0.843164145672047,1.06643413170733
1931,intercept,1.11202183796803,0.0728918933698789,0.969153726963071,1.254889948973
1931,AIPW,1.00757908965104,0.0477311136998903,0.914026106799251,1.10113207250282
1932,Tlearner,1.08100248161034,0.0601208460303264,0.963167788670821,1.19883717454986
1932,Rlearner,1.17414762990236,0.052693982975774,1.07086932106788,1.27742593873684
1932,intercept,1.42973613377922,0.0710366886245249,1.29050422407515,1.56896804348329
1932,AIPW,1.11454829259047,0.0473438006411599,1.02175444333379,1.20734214184714
1933,Tlearner,1.05812867202343,0.0633244488859272,0.934015032866169,1.1822423111807
1933,Rlearner,1.03797792201361,0.0605256995942981,0.919349730669699,1.15660611335753
1933,intercept,1.16988355704817,0.081854820036003,1.0094481097776,1.33031900431873
1933,AIPW,1.05381121731761,0.0495418777041047,0.956709137017567,1.15091329761766
1934,Tlearner,0.934503595487782,0.0589969259304843,0.818871745465455,1.05013544551011
1934,Rlearner,0.960152505869128,0.0573414055643842,0.84776541614003,1.07253959559823
1934,intercept,1.06663317400935,0.0766070077808403,0.916483438758904,1.2167829092598
1934,AIPW,0.91184834378339,0.0558787794889109,0.802325935985124,1.02137075158166
1935,Tlearner,1.0265286089762,0.0601577538634071,0.908621578013099,1.14443563993931
1935,Rlearner,1.03514210426024,0.0580075477009259,0.921449399934931,1.14883480858554
1935,intercept,1.10556602424324,0.0700353064283212,0.968296823643725,1.24283522484274
1935,AIPW,1.04426651888348,0.0530316046678649,0.940324573734469,1.1482084640325
1936,Tlearner,0.976361631545997,0.0608919461375023,0.85701561016794,1.09570765292405
1936,Rlearner,1.0139622618597,0.0591546270938704,0.898021323236821,1.12990320048259
1936,intercept,1.1048203989094,0.0754425520362854,0.956952996918278,1.25268780090052
1936,AIPW,0.992577297278177,0.0540744743069323,0.88659132763659,1.09856326691976
1937,Tlearner,1.21502595428989,0.108419939109409,1.00252677842942,1.42752513015036
1937,Rlearner,1.04630102674516,0.068152309713224,0.912724954244024,1.1798770992463
1937,intercept,1.27303460498247,0.0960533659819287,1.08477000765789,1.46129920230705
1937,AIPW,1.06016439182881,0.0569052160189887,0.948630168431591,1.17169861522603
1938,Tlearner,0.909962478621523,0.0605677030436963,0.791251962029561,1.02867299521348
1938,Rlearner,0.902882477023953,0.0584631012680318,0.788296904114093,1.01746804993381
1938,intercept,1.07217990982803,0.0769395404924368,0.921378410462854,1.22298140919321
1938,AIPW,0.91427800911618,0.0649270768071681,0.787020938574131,1.04153507965823
1939,Tlearner,0.811013454724297,0.0650263261878407,0.683564197349176,0.938462712099419
1939,Rlearner,0.823537376521049,0.0600521558333898,0.705837313893618,0.941237439148479
1939,intercept,1.01926876375704,0.0749816950401114,0.872304641478425,1.16623288603566
1939,AIPW,0.893033362532368,0.0704180499757097,0.755013984579976,1.03105274048476
1940,Tlearner,1.06236804063523,0.0593198271416722,0.946103315868415,1.17863276540205
1940,Rlearner,1.06536084921436,0.0639958843034148,0.939931220820879,1.19079047760785
1940,intercept,1.22916681224646,0.0865963571294329,1.05943795227277,1.39889567222015
1940,AIPW,1.10251372032535,0.0495012732037157,1.00549122484607,1.19953621580463
1941,Tlearner,1.07685514837104,0.0600614419423722,0.959136885304444,1.19457341143763
1941,Rlearner,1.09844318359842,0.0597070759949802,0.981419465026067,1.21546690217078
1941,intercept,1.28402066625363,0.0808357076780531,1.12558267920464,1.44245865330261
1941,AIPW,1.0948143664737,0.0474992072009329,1.00171592035987,1.18791281258752
1942,Tlearner,1.05374513022447,0.0610748089987219,0.934040704224314,1.17344955622463
1942,Rlearner,1.08157441817578,0.0571087796667878,0.969643266827839,1.19350556952371
1942,intercept,1.1330590773143,0.0785342253185996,0.97913199568984,1.28698615893875
1942,AIPW,1.04747353062468,0.0510130152128349,0.94748802080752,1.14745904044183
1943,Tlearner,1.00392426656466,0.0589830009972381,0.888319708909988,1.11952882421934
1943,Rlearner,0.972794325354814,0.0584975799386769,0.858141175492255,1.08744747521737
1943,intercept,1.18007733279042,0.073688001907245,1.03564884905222,1.32450581652862
1943,AIPW,1.03340297798735,0.0583879712217043,0.918962554392805,1.14784340158189
1945,Tlearner,1.02887374811965,0.0610458072511387,0.909226164500242,1.14852133173905
1945,Rlearner,1.00511193240352,0.0595782613869439,0.888340685823597,1.12188317898344
1945,intercept,1.03565243072522,0.0729907538851673,0.892590553110293,1.17871430834015
1945,AIPW,1.007024756874,0.0488215737454975,0.911334472332827,1.10271504141518
1946,Tlearner,1.10551811776973,0.063231363470084,0.981586922675007,1.22944931286446
1946,Rlearner,1.04541489737095,0.0563819326147696,0.93490834006724,1.15592145467467
1946,intercept,1.24927175820308,0.0775216697600832,1.09732928547332,1.40121423093284
1946,AIPW,1.01450671566056,0.0694035183607749,0.87847581967344,1.15053761164768
1947,Tlearner,0.94637381274185,0.0642076300017378,0.82052917040577,1.07221845507793
1947,Rlearner,0.953624231218616,0.0583579345281745,0.839244781331248,1.06800368110598
1947,intercept,1.20097210735089,0.0882797350209818,1.02794382670977,1.37400038799202
1947,AIPW,0.873978548415666,0.0744209081482036,0.728113568445187,1.01984352838615
1948,Tlearner,1.07420901120876,0.059324429505515,0.95793526597456,1.19048275644295
1948,Rlearner,1.14801320150609,0.0595831332133755,1.03123240632182,1.26479399669036
1948,intercept,1.2840944420316,0.0746917486651942,1.13769861464782,1.43049026941538
1948,AIPW,1.08548357111773,0.0841496451962658,0.920550266533049,1.25041687570241
1949,Tlearner,0.966084714104968,0.0606361085814568,0.847240125122653,1.08492930308728
1949,Rlearner,1.02869539860246,0.0580375122146555,0.914943964909435,1.14244683229549
1949,intercept,1.19779239418042,0.0767919438581079,1.04728018421852,1.34830460414231
1949,AIPW,1.02625377317249,0.0461145167047493,0.935869320431185,1.1166382259138
1950,Tlearner,1.02013076629636,0.061192252869598,0.900196154539085,1.14006537805364
1950,Rlearner,0.976935567573536,0.061270652343938,0.856847295670143,1.09702383947693
1950,intercept,1.17776345525239,0.0779786372739253,1.02492532619549,1.33060158430928
1950,AIPW,1.0166992283374,0.0501252160109433,0.91845380495595,1.11494465171885
1951,Tlearner,1.08147214183278,0.0620515831573981,0.959853273660589,1.20309101000497
1951,Rlearner,1.0940599457519,0.0566624054409974,0.983003671810141,1.20511621969366
1951,intercept,1.27200879692039,0.0747954545981286,1.12540970590806,1.41860788793273
1951,AIPW,1.11074771524287,0.0460700111716011,1.02045049334653,1.20104493713921
1952,Tlearner,1.03420446821193,0.0611093980397952,0.91443224893701,1.15397668748685
1952,Rlearner,1.04988843691732,0.0563956487546138,0.93935499647351,1.16042187736114
1952,intercept,1.27361164558008,0.0720808455042342,1.13233318839178,1.41489010276838
1952,AIPW,1.0597978083271,0.0652292310123967,0.931948515542798,1.18764710111139
1953,Tlearner,1.08637348720851,0.0623449345252345,0.964179660920548,1.20856731349648
1953,Rlearner,0.992836452822164,0.0669373068320215,0.861641742209295,1.12403116343503
1953,intercept,1.15816683469474,0.0917974824440908,0.97824376910432,1.33808990028516
1953,AIPW,1.04198772941967,0.0593823461510123,0.925598330963681,1.15837712787565
1954,Tlearner,1.02938430032885,0.0638020893033755,0.90433450315583,1.15443409750188
1954,Rlearner,1.05844928566494,0.0632808836647513,0.934421032772156,1.18247753855772
1954,intercept,1.16877216990825,0.0796530575528108,1.01265217710474,1.32489216271176
1954,AIPW,1.06687702503041,0.0462074119485322,0.97631049761129,1.15744355244954
1955,Tlearner,1.10802483670563,0.0647575345100905,0.981102401338242,1.23494727207302
1955,Rlearner,1.0615695479504,0.060471775105127,0.943047046663142,1.18009204923765
1955,intercept,1.16492866786565,0.0766004886848379,1.01479171004337,1.31506562568793
1955,AIPW,1.08855393501543,0.054082946691467,0.982551359500157,1.19455651053071
1956,Tlearner,0.938342594232868,0.066360808643346,0.808277799306955,1.06840738915878
1956,Rlearner,0.928008338958048,0.0595093987822122,0.811372060603281,1.04464461731282
1956,intercept,1.24589335522617,0.0820492522152456,1.08507682088429,1.40670988956805
1956,AIPW,0.97741557987892,0.0424967301861679,0.894121988714031,1.06070917104381
1957,Tlearner,1.00850324012334,0.0607045356985336,0.889524536455993,1.1274819437907
1957,Rlearner,0.984435459779958,0.0607000334345437,0.865465580387875,1.10340533917204
1957,intercept,1.14008110665014,0.0869384875255494,0.969681671100067,1.31048054220022
1957,AIPW,1.00798252550311,0.0464966327798405,0.916849125254623,1.0991159257516
1958,Tlearner,0.866248684954189,0.0596498266336873,0.749337173068104,0.983160196840275
1958,Rlearner,0.888947367220336,0.0597140918492255,0.771909897826337,1.00598483661433
1958,intercept,1.06393700542234,0.0797346063570488,0.907657176962529,1.22021683388216
1958,AIPW,0.956935042763893,0.0594026641239069,0.840505821081036,1.07336426444675
1959,Tlearner,1.11962076450387,0.0637827812822555,0.994608810356859,1.24463271865089
1959,Rlearner,1.06128531302369,0.0630515066218937,0.937706630873788,1.18486399517359
1959,intercept,1.14669818316234,0.0849306539829897,0.980234101355679,1.313162264969
1959,AIPW,1.0579266405465,0.0464756418097489,0.966834382599392,1.14901889849361
1960,Tlearner,1.00668927693873,0.0652162766112634,0.878867723574849,1.13451083030261
1960,Rlearner,1.05824613802306,0.0632953320514093,0.934189566812796,1.18230270923333
1960,intercept,1.25901716096786,0.087106927112918,1.08828758382655,1.42974673810918
1960,AIPW,1.0599361073798,0.0466257761810223,0.968549586065001,1.15132262869461
1961,Tlearner,0.91151096416779,0.0604475831673554,0.793035878207283,1.0299860501283
1961,Rlearner,0.962598790507815,0.0589666632092551,0.847026254329172,1.07817132668646
1961,intercept,1.14342119263931,0.0874629055357697,0.971993897789202,1.31484848748942
1961,AIPW,0.931762299075366,0.0469861042328296,0.83966953477902,1.02385506337171
1962,Tlearner,0.853206793797495,0.0860128231856507,0.684624758145008,1.02178882944998
1962,Rlearner,1.02131983365139,0.061172543843594,0.901423850875244,1.14121581642753
1962,intercept,1.15250416810745,0.0816645718400828,0.99244160730089,1.31256672891401
1962,AIPW,1.04755252679531,0.0447341586823841,0.959873575777833,1.13523147781278
1963,Tlearner,0.935563944172838,0.0634369549559219,0.811229797170341,1.05989809117533
1963,Rlearner,0.93518175280693,0.064707699786149,0.808356991703648,1.06200651391021
1963,intercept,1.03652418905328,0.0843603256891345,0.871177950702579,1.20187042740399
1963,AIPW,0.90194290248231,0.070157592132179,0.764434021903239,1.03945178306138
1964,Tlearner,0.967707774464476,0.0605732797027618,0.848986327821592,1.08642922110736
1964,Rlearner,0.915369372996646,0.0627441098154149,0.792393177516407,1.03834556847689
1964,intercept,1.03707655583358,0.0831941652864992,0.874015991872037,1.20013711979511
1964,AIPW,0.974127159567131,0.0508936105623341,0.874375682864956,1.07387863626931
1965,Tlearner,0.926908454296673,0.0599690929509997,0.809371191927179,1.04444571666617
1965,Rlearner,0.96576602309166,0.056639933580792,0.854753793186567,1.07677825299675
1965,intercept,1.12654475057951,0.07288304758742,0.983693977308163,1.26939552385085
1965,AIPW,0.921445496608573,0.0924899519945353,0.740165190699284,1.10272580251786
1966,Tlearner,0.815352259850269,0.0609235241876039,0.69594434663131,0.934760173069227
1966,Rlearner,0.830596788306929,0.0625978120078157,0.707907331260601,0.953286245353257
1966,intercept,1.00959960242345,0.0850784831079469,0.84284577553187,1.17635342931502
1966,AIPW,0.866171593457169,0.0539750700770369,0.760380456106176,0.971962730808161
1967,Tlearner,1.06802174271277,0.0584011957325801,0.953557502422839,1.1824859830027
1967,Rlearner,1.0649025260874,0.0588779540868855,0.949503856593704,1.1803011955811
1967,intercept,1.21348646531099,0.0753616579539913,1.06577761572117,1.36119531490082
1967,AIPW,1.11177961300018,0.0646259974646717,0.985112657969427,1.23844656803094
1968,Tlearner,0.964423565773203,0.0600055336424717,0.846814880960852,1.08203225058555
1968,Rlearner,0.971640627032614,0.0599010274735289,0.854236770547553,1.08904448351767
1968,intercept,1.10059507402463,0.0753012463974956,0.953004631085534,1.24818551696372
1968,AIPW,0.974231432271043,0.0473209337390564,0.881482402142493,1.06698046239959
1969,Tlearner,0.975191521186398,0.0641300511233916,0.849498930657838,1.10088411171496
1969,Rlearner,1.01750652654825,0.0612323749039953,0.897493277048565,1.13751977604794
1969,intercept,1.16885349938778,0.071583399783457,1.0285500358122,1.30915696296335
1969,AIPW,1.04628799924586,0.053732213843468,0.940972860112665,1.15160313837906
1970,Tlearner,0.855182723257116,0.0648045900292248,0.728168060766952,0.98219738574728
1970,Rlearner,0.863944968249524,0.0630853547290409,0.74029994502867,0.987589991470378
1970,intercept,1.06930028670675,0.0811307152918794,0.910284084734667,1.22831648867883
1970,AIPW,0.886190586541581,0.0509706091605131,0.786288192586975,0.986092980496187
1971,Tlearner,1.03732188166463,0.0579862343459411,0.923670950747484,1.15097281258177
1971,Rlearner,1.08679709342843,0.0563955021832215,0.976263940259265,1.19733024659759
1971,intercept,1.21471581453453,0.0743272024023606,1.06903449782591,1.36039713124316
1971,AIPW,1.07500283457324,0.0461612298042807,0.984526824156851,1.16547884498963
1972,Tlearner,0.947947540918268,0.0593219893392689,0.831678578322032,1.0642165035145
1972,Rlearner,0.93230646685404,0.0595063074689707,0.815676247361891,1.04893668634619
1972,intercept,1.03978936515648,0.0770302496222864,0.888810075896799,1.19076865441616
1972,AIPW,0.961503010214025,0.0665250017527003,0.831114006778732,1.09189201364932
1973,Tlearner,1.02336270347014,0.0593022622196411,0.90713240531789,1.13959300162238
1973,Rlearner,1.0384512367991,0.0577380722859279,0.925286694581916,1.15161577901629
1973,intercept,1.33599588331608,0.0766761642898601,1.18571060130795,1.4862811653242
1973,AIPW,1.04766390162611,0.0530648217913978,0.943656850914971,1.15167095233725
1974,Tlearner,1.10269376936589,0.058442998629638,0.988147596903278,1.21723994182851
1974,Rlearner,1.07430672916579,0.0621421223268298,0.952510407482321,1.19610305084926
1974,intercept,1.13237762948822,0.0830543503056054,0.969591102889234,1.29516415608721
1974,AIPW,1.03584711444216,0.0632702517048366,0.911837421100676,1.15985680778364
1975,Tlearner,0.972031571213867,0.0594821005966987,0.855448796319549,1.08861434610818
1975,Rlearner,0.958524041952817,0.0601982153688507,0.840537707896284,1.07651037600935
1975,intercept,1.24777827778099,0.0827390652351855,1.08560970992003,1.40994684564195
1975,AIPW,0.987587132671956,0.0492213450631062,0.891113296348268,1.08406096899564
1976,Tlearner,1.07065014379066,0.0607705388201216,0.951542076382131,1.18975821119919
1976,Rlearner,1.07544423929432,0.0583164275803258,0.961146141529847,1.1897423370588
1976,intercept,1.18429093843228,0.0758149325203625,1.03569367069237,1.33288820617219
1976,AIPW,1.08892369410159,0.0466009781214681,0.997585776983511,1.18026161121967
1977,Tlearner,1.1142830639329,0.090603729743088,0.936703016771447,1.29186311109435
1977,Rlearner,0.983483493329461,0.0561732368488773,0.873385972210623,1.0935810144483
1977,intercept,1.17822660556005,0.0738601086500181,1.03346079260601,1.32299241851408
1977,AIPW,0.98901858117942,0.0490342186029244,0.892911512717688,1.08512564964115
1978,Tlearner,1.02350175090886,0.0620604468609633,0.901865510196909,1.14513799162081
1978,Rlearner,0.984421945166648,0.0590373979488307,0.868710771445981,1.10013311888732
1978,intercept,1.15927547543861,0.0813512352213779,0.999827054404711,1.31872389647251
1978,AIPW,1.03804526437068,0.050983529651014,0.938117546254692,1.13797298248667
1979,Tlearner,1.1011258547733,0.0587229127865775,0.986031060644319,1.21622064890228
1979,Rlearner,1.12200092879542,0.0573115340947257,1.00967238607102,1.23432947151982
1979,intercept,1.2393038029756,0.0693978316048891,1.10328405303002,1.37532355292118
1979,AIPW,1.19146771322489,0.0806703954807769,1.03335373808257,1.34958168836722
1980,Tlearner,0.9419410828411,0.0625904244378288,0.819266105165879,1.06461606051632
1980,Rlearner,0.989925624743477,0.0558557225200468,0.880450420273722,1.09940082921323
1980,intercept,1.16458123557241,0.0713961320105008,1.02464481683183,1.30451765431299
1980,AIPW,0.941312830961297,0.0495681007087474,0.844159353572152,1.03846630835044
1981,Tlearner,1.10365642979715,0.0585091891540669,0.988980526290536,1.21833233330376
1981,Rlearner,1.1010227729048,0.0585996620309457,0.986169545817923,1.21587599999167
1981,intercept,1.23340803026256,0.0765884523909664,1.08329466357627,1.38352139694886
1981,AIPW,1.10546367565621,0.054048419298636,0.999528773830885,1.21139857748154
1982,Tlearner,1.04229965035903,0.0649600746186965,0.91498024367335,1.16961905704471
1982,Rlearner,1.08165883445434,0.0613841584304954,0.961348094709273,1.20196957419942
1982,intercept,1.25753109968172,0.0865373981974118,1.08791779921479,1.42714440014865
1982,AIPW,1.08807527729251,0.0539596297730006,0.982314402937425,1.19383615164759
1983,Tlearner,1.01618212597225,0.0596921839151759,0.899187595339961,1.13317665660453
1983,Rlearner,1.07530577450155,0.0581993360139988,0.96123717198997,1.18937437701314
1983,intercept,1.18822222304622,0.0805185133997337,1.03040593678274,1.3460385093097
1983,AIPW,0.34574797425361,0.702727059318431,-1.03159706201052,1.72309301051773
1984,Tlearner,0.992072738150019,0.0607748721202001,0.872956177629399,1.11118929867064
1984,Rlearner,0.993535603651418,0.0595229753090504,0.876872715793012,1.11019849150982
1984,intercept,1.04992507832415,0.0799837277190915,0.89315697199473,1.20669318465357
1984,AIPW,0.909391923076198,0.0704749487343775,0.771261023556818,1.04752282259558
1985,Tlearner,0.956851312340134,0.0629190093817359,0.833532320008993,1.08017030467127
1985,Rlearner,0.925499190947552,0.0607420424037154,0.806446975488865,1.04455140640624
1985,intercept,1.12438586420832,0.0847529887626182,0.958270006233585,1.29050172218305
1985,AIPW,0.935103528861403,0.0460409564870848,0.844863254146717,1.02534380357609
1986,Tlearner,1.12621946630432,0.113365388806913,0.90402738714939,1.34841154545925
1986,Rlearner,1.03857714743129,0.0625065688538935,0.916066523680481,1.16108777118209
1986,intercept,1.23527221400583,0.0881078011515043,1.06258092374888,1.40796350426278
1986,AIPW,1.06362887651775,0.0472247642007475,0.971068338684288,1.15618941435122
1987,Tlearner,1.0659114848829,0.0628309706801045,0.942765045236202,1.1890579245296
1987,Rlearner,1.07533971681362,0.0587331511557366,0.960224855849834,1.19045457777742
1987,intercept,1.31922987909446,0.077757259590586,1.16682565029691,1.47163410789201
1987,AIPW,1.09107397716501,0.0416220160904027,1.00949482562782,1.1726531287022
1988,Tlearner,1.11344950698726,0.0576417171294173,1.00047381740656,1.22642519656797
1988,Rlearner,1.10006498757528,0.0563447246361239,0.98963135656965,1.21049861858091
1988,intercept,1.19553460560275,0.0699505293283874,1.05843156811911,1.33263764308639
1988,AIPW,1.16412332370027,0.0688899380435901,1.02909904513483,1.2991476022657
1989,Tlearner,1.0110318927097,0.0599383415557269,0.893554901967419,1.12850888345199
1989,Rlearner,0.96949485370816,0.0609409235873658,0.850052838292316,1.088936869124
1989,intercept,1.07128392193074,0.078943279996439,0.916555093137724,1.22601275072377
1989,AIPW,0.965255965570622,0.0640394489334348,0.83973864566109,1.09077328548015
1990,Tlearner,0.976163646093659,0.0647822700500045,0.849192729958903,1.10313456222842
1990,Rlearner,1.00693562108821,0.0603955433396684,0.888562531315729,1.12530871086068
1990,intercept,1.21571678252288,0.0771697623716724,1.0644640482744,1.36696951677136
1990,AIPW,1.03789442044136,0.0519783973825324,0.936016761571601,1.13977207931113
1991,Tlearner,1.06501741993528,0.0619485146622717,0.943600562301472,1.18643427756908
1991,Rlearner,1.09823304167303,0.0559411310929565,0.988590439476399,1.20787564386966
1991,intercept,1.31588879233674,0.0758225131002363,1.16727666666028,1.46450091801321
1991,AIPW,1.09170333676797,0.0754912697718458,0.943740448015155,1.23966622552079
1993,Tlearner,1.05138531714695,0.0602526631134083,0.933292267472049,1.16947836682186
1993,Rlearner,1.02737653324858,0.0583961360006364,0.912922209851029,1.14183085664613
1993,intercept,1.14812409508563,0.0812936054122214,0.988788628477676,1.30745956169358
1993,AIPW,1.03494638821351,0.0501680623278941,0.936616986050841,1.13327579037619
1994,Tlearner,0.970309369453973,0.0602829837707744,0.852156892382642,1.0884618465253
1994,Rlearner,0.978156218824217,0.0582739321623933,0.863941410548396,1.09237102710004
1994,intercept,1.14021126523108,0.0731369028474015,0.996862935650174,1.28355959481199
1994,AIPW,0.909700836793135,0.065930650021572,0.780476762750854,1.03892491083542
1996,Tlearner,0.971711200845328,0.0621204230033663,0.849957409054336,1.09346499263632
1996,Rlearner,0.999545659589078,0.0618477297205503,0.878326336811232,1.12076498236692
1996,intercept,1.18571078328979,0.0828904370909171,1.02324552659159,1.34817603998799
1996,AIPW,1.04891922265256,0.0530502686918748,0.944940696016484,1.15289774928863
1997,Tlearner,1.00649263463984,0.064653823222423,0.879773469661073,1.13321179961861
1997,Rlearner,1.07362739905976,0.0595441327986634,0.956923043283709,1.19033175483581
1997,intercept,1.24422564265716,0.0722444027134552,1.10262661333879,1.38582467197553
1997,AIPW,1.03621873754213,0.0432324630463001,0.951483109971378,1.12095436511287
1998,Tlearner,0.949277454585856,0.0589719479491681,0.833694560507316,1.0648603486644
1998,Rlearner,0.989827511541594,0.0600926892928717,0.87204800479341,1.10760701828978
1998,intercept,1.15732618054987,0.071231509166115,1.01771242258428,1.29693993851545
1998,AIPW,0.955892249418881,0.0562092429395904,0.845722133257284,1.06606236558048
1999,Tlearner,1.10709849177731,0.0617158347267829,0.986137678436985,1.22805930511763
1999,Rlearner,1.12006161375844,0.0604041072040188,1.00167173912027,1.23845148839661
1999,intercept,1.1665542150643,0.0855643002742509,0.998848186526765,1.33426024360183
1999,AIPW,1.0573059937284,0.0665515847892637,0.926864887541447,1.18774709991536
2000,Tlearner,1.1032352791459,0.0612338451343238,0.983219148047718,1.22325141024407
2000,Rlearner,1.1201891466558,0.0557059070662977,1.01100757507972,1.22937071823188
2000,intercept,1.3700860597166,0.0739980701325161,1.22504984225687,1.51512227717633
2000,AIPW,1.09234111957962,0.0413290335787711,1.01133621376523,1.17334602539401
2001,Tlearner,1.01495412960124,0.0640698628119706,0.889379505995356,1.14052875320713
2001,Rlearner,1.04804223674165,0.0581807905539187,0.934009982663898,1.1620744908194
2001,intercept,1.21317255799907,0.0776984642473207,1.06088356807432,1.36546154792382
2001,AIPW,0.995154547070913,0.0449652185323037,0.907022718747598,1.08328637539423
2002,Tlearner,0.924887167295626,0.0660806213995449,0.795371529276491,1.05440280531476
2002,Rlearner,0.832912257148006,0.0578447608848772,0.719538609119315,0.946285905176696
2002,intercept,1.08000585831892,0.0820816142859678,0.919125894318428,1.24088582231942
2002,AIPW,0.92806856207134,0.0544191835324778,0.821406962347684,1.034730161795
2003,Tlearner,0.981445834850906,0.0642692913270569,0.855480338537962,1.10741133116385
2003,Rlearner,1.00654709067833,0.0613039716502891,0.886393514134499,1.12670066722216
2003,intercept,1.18163337469136,0.0810299925584757,1.02281458927674,1.34045216010597
2003,AIPW,0.995457221789177,0.051498505125594,0.894520151743013,1.09639429183534
2004,Tlearner,1.02194485894553,0.0622055604134346,0.90002420089707,1.14386551699399
2004,Rlearner,1.08623858609125,0.0610707128289971,0.966542188436227,1.20593498374627
2004,intercept,1.13148358789627,0.0879070086936629,0.959185850856689,1.30378132493585
2004,AIPW,1.18290765353918,0.120905045603702,0.945933764155926,1.41988154292244
2005,Tlearner,0.910043577149054,0.071302696643916,0.770292859726394,1.04979429457171
2005,Rlearner,0.951922724666235,0.0571903060045125,0.839831784632566,1.0640136646999
2005,intercept,1.0910628088363,0.0740394335194236,0.945945519138228,1.23618009853437
2005,AIPW,0.929205169702255,0.045744343244203,0.839546256943617,1.01886408246089
2006,Tlearner,0.976411057102309,0.0635394797602839,0.851875965175741,1.10094614902888
2006,Rlearner,0.93814662469706,0.0634310360741495,0.813824078489666,1.06246917090445
2006,intercept,1.03266114242598,0.0882939519437954,0.859604996616141,1.20571728823582
2006,AIPW,0.859618816893695,0.129407642592988,0.605979837411438,1.11325779637595
2007,Tlearner,1.00127613841667,0.0573584702919077,0.888855602436218,1.11369667439712
2007,Rlearner,1.01983020042364,0.0543538796741663,0.913298553842255,1.12636184700503
2007,intercept,1.10796732459661,0.0753773354061392,0.960227747200576,1.25570690199264
2007,AIPW,0.996540435064633,0.053902606190351,0.890891326931545,1.10218954319772
2008,Tlearner,1.00060497396633,0.0626011827582739,0.877908910370499,1.12330103756215
2008,Rlearner,1.00652391966801,0.0617245549736381,0.885546014957917,1.1275018243781
2008,intercept,1.20311891668502,0.078672254929608,1.04892129702299,1.35731653634705
2008,AIPW,0.947560985303241,0.0632559280196182,0.82357936638479,1.07154260422169
2009,Tlearner,0.911332819641001,0.0654942658100407,0.782966417459428,1.03969922182257
2009,Rlearner,0.913089067153601,0.0600072365098803,0.795477044782458,1.03070108952474
2009,intercept,1.18915605436189,0.0806770316829295,1.03102907226335,1.34728303646043
2009,AIPW,0.909920304747362,0.0502437088388093,0.811442635423296,1.00839797407143
2010,Tlearner,0.851194238610682,0.0610612866478279,0.731516315931262,0.970872161290101
2010,Rlearner,0.942511606453813,0.0533049736053755,0.838035777990419,1.04698743491721
2010,intercept,1.08283778768625,0.072017214864362,0.941684046552105,1.2239915288204
2010,AIPW,0.925505793034951,0.056859039321513,0.814062075964785,1.03694951010512
2011,Tlearner,1.04361245530392,0.058101277990673,0.92973604298645,1.15748886762139
2011,Rlearner,1.05906448012486,0.055830793083956,0.949638136451999,1.16849082379772
2011,intercept,1.20194128878767,0.0791987226992885,1.04671179229706,1.35717078527828
2011,AIPW,1.05375165624706,0.0474652726302475,0.960719721891779,1.14678359060235
2012,Tlearner,1.08795084163106,0.0624481293162031,0.965554757269403,1.21034692599272
2012,Rlearner,1.11097073272432,0.0588287024330896,0.995668594698237,1.2262728707504
2012,intercept,1.2186876092432,0.087996487048177,1.04621449462877,1.39116072385763
2012,AIPW,1.21941883976971,0.10558339959038,1.01247537657257,1.42636230296686
2014,Tlearner,1.02459759715149,0.06303370675805,0.901053802093652,1.14814139220933
2014,Rlearner,0.974788622283928,0.0608809617694366,0.855464129871673,1.09411311469618
2014,intercept,1.20153608725614,0.084095534221835,1.03670884018134,1.36636333433093
2014,AIPW,1.01114096032026,0.0478801123188198,0.917295940175377,1.10498598046515
2015,Tlearner,1.18471588685437,0.076703668721537,1.03437945867806,1.33505231503067
2015,Rlearner,1.14626370613224,0.0621815296186969,1.02439014757599,1.2681372646885
2015,intercept,1.25341410444725,0.0776325432729343,1.1012543196323,1.4055738892622
2015,AIPW,1.13348872358342,0.043575936097914,1.04807988883151,1.21889755833533
2016,Tlearner,1.01505811009971,0.0611753854377038,0.895156557901455,1.13495966229797
2016,Rlearner,1.0146265069156,0.0594141303519202,0.898176951253066,1.13107606257813
2016,intercept,1.1360192484702,0.0727087555272046,0.993510087636881,1.27852840930352
2016,AIPW,1.01532038726088,0.0490608874127822,0.919161047931824,1.11147972658993
2017,Tlearner,0.945925781377618,0.0612809104079242,0.825817404038261,1.06603415871698
2017,Rlearner,0.895641397197215,0.0604019070176179,0.777255834845147,1.01402695954928
2017,intercept,1.05010212379031,0.0759635279157752,0.90121360907539,1.19899063850523
2017,AIPW,0.895379133074392,0.0656914479347747,0.766623895122234,1.02413437102655
2018,Tlearner,0.829421125258486,0.0600201545110143,0.711783784070369,0.947058466446603
2018,Rlearner,0.817258851425378,0.0566583122425696,0.706210600005117,0.928307102845639
2018,intercept,0.910264934856978,0.0772676385040278,0.758820363389084,1.06170950632487
2018,AIPW,0.842605728645855,0.0493763503050622,0.745828082047933,0.939383375243777
2019,Tlearner,1.05544995452926,0.130629240882578,0.799421347071601,1.31147856198692
2019,Rlearner,0.909335973426108,0.0603767001042722,0.790999815716359,1.02767213113586
2019,intercept,0.977499353339174,0.0780402310175218,0.824540500544832,1.13045820613352
2019,AIPW,0.916885455196554,0.0633507221628713,0.792718039757326,1.04105287063578
2021,Tlearner,0.95106931684455,0.067866583231485,0.81805325795705,1.08408537573205
2021,Rlearner,0.92245351353454,0.0632412549674152,0.798502931461291,1.04640409560779
2021,intercept,1.20780942255262,0.0860444550618769,1.03916229063134,1.3764565544739
2021,AIPW,1.01747125413348,0.0779515699184276,0.864686177093359,1.1702563311736
2022,Tlearner,1.02998707450632,0.0632826343366368,0.905955390359697,1.15401875865295
2022,Rlearner,1.01536997823453,0.0628637658361666,0.892159261263088,1.13858069520598
2022,intercept,1.10455817642516,0.0952539314703952,0.917860470743189,1.29125588210714
2022,AIPW,1.02924316523058,0.0550221252431102,0.921399799754081,1.13708653070707
2023,Tlearner,0.987199293161678,0.0595798976891493,0.870424839488365,1.10397374683499
2023,Rlearner,1.02958640197827,0.0569061580400907,0.918052381721149,1.14112042223539
2023,intercept,1.18017142846203,0.070653537985678,1.0416904940101,1.31865236291396
2023,AIPW,1.06759453175942,0.0540075077873116,0.961739816496293,1.17344924702255
2024,Tlearner,0.991935708007175,0.0624223540577048,0.869590142223866,1.11428127379048
2024,Rlearner,1.05966911434722,0.0640840397073948,0.934066704536894,1.18527152415755
2024,intercept,1.24704134836157,0.0861152662735713,1.07825542646537,1.41582727025777
2024,AIPW,1.10325668502841,0.0588128387341437,0.987983521109487,1.21852984894733
2025,Tlearner,0.950978134342957,0.0610257379923015,0.831369885748068,1.07058638293785
2025,Rlearner,0.94960227400155,0.058531542246564,0.8348825592387,1.0643219887644
2025,intercept,1.20870490631473,0.0777196849567484,1.0563743237995,1.36103548882996
2025,AIPW,0.952563872535366,0.0708548477657151,0.813688370914564,1.09143937415617
2026,Tlearner,0.965429821515335,0.0624271994019665,0.84307475903178,1.08778488399889
2026,Rlearner,1.036396288223,0.0567236786191887,0.925219921058768,1.14757265538724
2026,intercept,1.22637368248057,0.0891731716995328,1.05159426594949,1.40115309901165
2026,AIPW,1.051403750555,0.0582906964083151,0.937153985594702,1.1656535155153
2027,Tlearner,1.09129155079003,0.0629344579824412,0.967942279757895,1.21464082182216
2027,Rlearner,1.10280101677149,0.0606327547035487,0.98396300126908,1.22163903227389
2027,intercept,1.1864658026623,0.075329903823543,1.03881919116816,1.33411241415644
2027,AIPW,1.12375136687861,0.0434233177153078,1.03864166415661,1.20886106960061
2028,Tlearner,1.1545526925335,0.0582996555485189,1.04028746734731,1.26881791771968
2028,Rlearner,1.15790045839349,0.0571287578032435,1.04593015061762,1.26987076616936
2028,intercept,1.28987444668955,0.0750405201519174,1.14279502719179,1.4369538661873
2028,AIPW,1.23554600986663,0.0381463721211603,1.16077912050915,1.3103128992241
2030,Tlearner,1.10729855524194,0.0600664788809977,0.989570419957052,1.22502669052683
2030,Rlearner,1.12792697114059,0.0566992150045975,1.01679855177988,1.23905539050129
2030,intercept,1.18098108953463,0.0789200587744871,1.02629777433664,1.33566440473263
2030,AIPW,1.04830364371382,0.0491719047470486,0.951926710409605,1.14468057701804
2032,Tlearner,0.982552798830978,0.0611983064632484,0.862606322248166,1.10249927541379
2032,Rlearner,1.02814339927158,0.0571109915362542,0.91620791273915,1.14007888580401
2032,intercept,1.1613174919,0.0767344263596546,1.01091801623508,1.31171696756492
2032,AIPW,1.03776579306511,0.0462621744579135,0.9470919311276,1.12843965500262
2033,Tlearner,0.862291832452659,0.0677712082715355,0.729462705051687,0.995120959853632
2033,Rlearner,0.939890426168791,0.0578453520186681,0.82651561953916,1.05326523279842
2033,intercept,1.18238675095764,0.0746915315348426,1.03599134914935,1.32878215276593
2033,AIPW,0.894708229812602,0.0639645597343682,0.76933769273324,1.02007876689196
2034,Tlearner,1.04962450820013,0.0616576201983277,0.928777793238956,1.1704712231613
2034,Rlearner,1.0976906787707,0.0613764370021289,0.977395072747134,1.21798628479426
2034,intercept,1.25785830882803,0.0880537888882161,1.08527288260713,1.43044373504894
2034,AIPW,1.07514578285471,0.0511377339075094,0.97491582439599,1.17537574131343
2035,Tlearner,1.08721386454965,0.0630710194694452,0.963596937921316,1.21083079117799
2035,Rlearner,1.08374273287068,0.0613792748227106,0.963441564820984,1.20404390092038
2035,intercept,1.22125854487366,0.0850491722330251,1.05456216729693,1.38795492245039
2035,AIPW,1.12137422281483,0.0607951396643499,1.00221574907271,1.24053269655696
2036,Tlearner,1.00223264764983,0.063119649870124,0.878520407187613,1.12594488811206
2036,Rlearner,1.0571501830472,0.0613238927535771,0.936957561858389,1.177342804236
2036,intercept,1.07816809313958,0.0810165401234533,0.919375674497607,1.23696051178154
2036,AIPW,1.06718055851431,0.0517617324784581,0.965727562856528,1.16863355417208
2037,Tlearner,0.946944629920352,0.0597679293442809,0.829801640975027,1.06408761886568
2037,Rlearner,0.953891384821993,0.0581428154522355,0.839933560575853,1.06784920906813
2037,intercept,1.13525445951759,0.0791456733690903,0.980128939714175,1.29037997932101
2037,AIPW,1.00522560249859,0.051935110483684,0.903432785950573,1.10701841904661
2038,Tlearner,0.985018117946085,0.0617583336190913,0.863974008307457,1.10606222758471
2038,Rlearner,1.08800652201145,0.0605768808428972,0.969278017263599,1.2067350267593
2038,intercept,1.29019054724867,0.0838468482347841,1.12585072470849,1.45453036978884
2038,AIPW,1.12002693529292,0.109171564650413,0.906050668578113,1.33400320200773
2039,Tlearner,0.973535938023979,0.0619421157648235,0.852131621998714,1.09494025404924
2039,Rlearner,1.00773369307706,0.0643340754720434,0.881641222173175,1.13382616398095
2039,intercept,1.09738390048743,0.0784869535451859,0.943549471538865,1.25121832943599
2039,AIPW,1.02599868923861,0.0606098411034633,0.907203400675826,1.1447939778014
2040,Tlearner,1.04362196169892,0.061047060472031,0.923971921811697,1.16327200158614
2040,Rlearner,1.01637927924179,0.0568848124120023,0.904887095646953,1.12787146283664
2040,intercept,1.15729804980398,0.0699892241421708,1.02011917048532,1.29447692912263
2040,AIPW,1.06065967228909,0.0512920137786785,0.960127325282876,1.1611920192953
2041,Tlearner,1.10423131083999,0.0640427778731231,0.978709772738773,1.22975284894121
2041,Rlearner,1.04124383354607,0.0574474577905785,0.928648885273151,1.15383878181899
2041,intercept,1.24743464378489,0.0725653021971214,1.10520665147853,1.38966263609125
2041,AIPW,1.11182387665487,0.0509556119302239,1.01195087727163,1.21169687603811
2042,Tlearner,1.12096790057472,0.0618829921197338,0.999679464764466,1.24225633638497
2042,Rlearner,1.15404655567101,0.0631712137178576,1.03023325192433,1.27785985941769
2042,intercept,1.20720066465736,0.0905720137792195,1.02967951765009,1.38472181166463
2042,AIPW,1.18533646857311,0.060432707992768,1.06688836090728,1.30378457623893
2043,Tlearner,1.01362394584858,0.0623405809030683,0.891438652503263,1.1358092391939
2043,Rlearner,1.03029835975136,0.0616260665604554,0.909513488784004,1.15108323071872
2043,intercept,1.22705027830973,0.0809225761744593,1.06844202900779,1.38565852761167
2043,AIPW,1.10123712750893,0.0691808928313735,0.96564257755944,1.23683167745842
2044,Tlearner,0.996953869506242,0.0599574943748654,0.879439339928243,1.11446839908424
2044,Rlearner,0.997460626544187,0.0597400884159814,0.880372204815625,1.11454904827275
2044,intercept,1.14706136926759,0.0740927698411494,1.00183954037893,1.29228319815624
2044,AIPW,1.00699997179748,0.0615411806355614,0.886379257751782,1.12762068584318
2045,Tlearner,1.01919385283047,0.0591427809046782,0.903276132311759,1.13511157334918
2045,Rlearner,1.05255700326157,0.0547859006881562,0.945178611052198,1.15993539547095
2045,intercept,1.20372604451039,0.072653401770781,1.06132537703966,1.34612671198112
2045,AIPW,1.06685558914115,0.0515450773596093,0.965827237516317,1.16788394076599
2046,Tlearner,1.06090178504698,0.0600592060610851,0.943187904227187,1.17861566586678
2046,Rlearner,1.07061406681719,0.0570688754302545,0.958761126335684,1.18246700729869
2046,intercept,1.23500253027364,0.0745976864986027,1.08879106473638,1.3812139958109
2046,AIPW,1.08741312593378,0.0405685977379471,1.0078986743674,1.16692757750015
2047,Tlearner,1.07813812448186,0.058715758280444,0.96305735292723,1.19321889603649
2047,Rlearner,1.11674489789511,0.0550332221878562,1.00888176445372,1.2246080313365
2047,intercept,1.31853019469093,0.0756189569269563,1.17031703911409,1.46674335026776
2047,AIPW,1.16480741174735,0.0546810511078216,1.05763255157602,1.27198227191869
2048,Tlearner,0.987352614767428,0.0573218273374855,0.875003897657933,1.09970133187692
2048,Rlearner,1.00338226193895,0.0561480933840507,0.89333402110562,1.11343050277228
2048,intercept,1.19079552322468,0.0754209486610909,1.04297046384894,1.33862058260041
2048,AIPW,0.974824353103041,0.0525049984252057,0.871914556189638,1.07773415001644
2049,Tlearner,1.01587780608841,0.063115971721618,0.892172774664792,1.13958283751203
2049,Rlearner,0.990675550070771,0.0657711741745537,0.861766417467735,1.11958468267381
2049,intercept,1.1976514867463,0.0928296159501204,1.01570543948406,1.37959753400853
2049,AIPW,1.02594091407673,0.0471253234656205,0.933575280084115,1.11830654806935
2050,Tlearner,0.863713587848673,0.0646979791435882,0.736907878854717,0.99051929684263
2050,Rlearner,0.807561075736895,0.0640595383179667,0.682006687767416,0.933115463706373
2050,intercept,1.08161252390441,0.0800723418125665,0.924670733951779,1.23855431385704
2050,AIPW,0.841660151853251,0.0523015036350761,0.739149204728502,0.944171098978
2051,Tlearner,1.01557777790641,0.0649346755807867,0.888308152420277,1.14284740339255
2051,Rlearner,1.11817516185061,0.0620237899458146,0.996610767372139,1.23973955632909
2051,intercept,1.32484752375301,0.0850293705544655,1.15818995746626,1.49150509003976
2051,AIPW,0.647461691405303,0.344039166457215,-0.0268550748508392,1.32177845766144
2052,Tlearner,0.884030984310136,0.0646480002205022,0.757323232205414,1.01073873641486
2052,Rlearner,0.88350183148455,0.0647873638032643,0.756520931776858,1.01048273119224
2052,intercept,1.02843018608155,0.0875211811507475,0.856888671026081,1.19997170113701
2052,AIPW,0.814209699912364,0.0665665199814361,0.683739320748749,0.944680079075979
2053,Tlearner,1.00122082765669,0.0607483685611526,0.882156213157263,1.12028544215611
2053,Rlearner,0.997120605238846,0.0594852424848411,0.880531672356925,1.11370953812077
2053,intercept,1.12598127178907,0.0837595134129334,0.961812625499723,1.29014991807842
2053,AIPW,1.01395389677484,0.0529418938804868,0.910187784769082,1.11772000878059
2054,Tlearner,1.00219013586234,0.0607237571967473,0.883173758750763,1.12120651297392
2054,Rlearner,1.05884244513487,0.061965168636753,0.937392946310885,1.18029194395886
2054,intercept,1.15833711998739,0.0801050086562944,1.00133130302105,1.31534293695372
2054,AIPW,1.06907540220872,0.0463909922056366,0.978149057485672,1.16000174693177
2055,Tlearner,0.943168363597419,0.0632202055862931,0.819259037553067,1.06707768964177
2055,Rlearner,0.99240913481421,0.0587638796151775,0.877234047176615,1.10758422245181
2055,intercept,1.19915315835287,0.0805774290737303,1.04122139736836,1.35708491933738
2055,AIPW,0.966557760134581,0.0816549615688999,0.806514035459537,1.12660148480962
2056,Tlearner,0.917961525708056,0.0606906315007915,0.799010073767513,1.0369129776486
2056,Rlearner,0.988364261470651,0.0559132791790983,0.878776248022085,1.09795227491922
2056,intercept,1.096101992101,0.0732327989984281,0.952565706064077,1.23963827813791
2056,AIPW,0.950523944296594,0.0656809358674107,0.821789309996469,1.07925857859672
2057,Tlearner,1.02687717188107,0.0609041520538092,0.907507227346652,1.14624711641549
2057,Rlearner,1.04455847500246,0.0593314442117272,0.928270981196723,1.16084596880819
2057,intercept,1.12898387882874,0.0815865823612772,0.969074177400636,1.28889358025684
2057,AIPW,1.02443324500871,0.0497433794419852,0.926936221302415,1.121930268715
2058,Tlearner,1.00514091667635,0.0619832745977439,0.883655930820915,1.12662590253178
2058,Rlearner,1.00990067674478,0.0583902448111209,0.895457899866507,1.12434345362305
2058,intercept,1.13749551239038,0.0769592180575737,0.986655444997533,1.28833557978322
2058,AIPW,0.996292469810033,0.0434281156433379,0.911173363149091,1.08141157647098
2059,Tlearner,1.07458180639902,0.0632248058062268,0.950663464089279,1.19850014870877
2059,Rlearner,1.12539797960551,0.0596358124032451,1.00851393510636,1.24228202410466
2059,intercept,1.22254234061016,0.0829893502133085,1.05988321419207,1.38520146702824
2059,AIPW,1.18760228514777,0.0804157867756271,1.02998734306754,1.345217227228
2060,Tlearner,0.919327273087026,0.0659846567979713,0.789999722230766,1.04865482394329
2060,Rlearner,0.984042894921139,0.0558207044733617,0.874636324561696,1.09344946528058
2060,intercept,1.10222559046661,0.0804684387830029,0.944507450451929,1.2599437304813
2060,AIPW,1.00142990965747,0.0473935661591434,0.908538519985549,1.09432129932939
2061,Tlearner,0.97814131747443,0.0599826728539943,0.860577438984153,1.09570519596471
2061,Rlearner,0.97464289707962,0.0545087722076483,0.867807666711132,1.08147812744811
2061,intercept,1.16375459144152,0.0779876995129232,1.01089870039619,1.31661048248685
2061,AIPW,0.9562768628971,0.056831659003486,0.844886811250267,1.06766691454393
2062,Tlearner,1.03979672269953,0.0600311246902381,0.922137880355226,1.15745556504383
2062,Rlearner,1.03605849478399,0.0598520913754767,0.918750551288651,1.15336643827932
2062,intercept,1.19918125837154,0.0769572423579098,1.04834506335004,1.35001745339305
2062,AIPW,1.04561884741148,0.0484534032924902,0.950650176958195,1.14058751786476
2063,Tlearner,0.942842614991118,0.0623107130654151,0.820715861531895,1.06496936845034
2063,Rlearner,0.932158769256682,0.0603140092755423,0.813945483313405,1.05037205519996
2063,intercept,1.20760426700939,0.0763667962879656,1.05792534628498,1.3572831877338
2063,AIPW,0.998574763378193,0.0555566271017578,0.889683774258748,1.10746575249764
2064,Tlearner,0.984024971135996,0.0606872721507039,0.865080103400635,1.10296983887136
2064,Rlearner,0.989762135980417,0.0579482205357714,0.876185710762121,1.10333856119871
2064,intercept,1.25807047875927,0.0763306558276728,1.10846239333703,1.40767856418151
2064,AIPW,1.1056675073441,0.136387938705173,0.838347147481957,1.37298786720624
2065,Tlearner,0.978845190868711,0.0588422160674883,0.86351656660591,1.09417381513151
2065,Rlearner,1.00612512142048,0.0561246954729671,0.896122739650191,1.11612750319078
2065,intercept,1.087412934926,0.0779971727230165,0.934538476388889,1.24028739346311
2065,AIPW,1.01727943639943,0.0489246987263995,0.921387026895688,1.11317184590317
2066,Tlearner,0.9989001399167,0.0614253687614289,0.878508629407207,1.11929165042619
2066,Rlearner,1.06722445945049,0.0575670329525975,0.954395148166568,1.18005377073441
2066,intercept,1.1824107432783,0.0773548791445298,1.03079518015502,1.33402630640158
2066,AIPW,1.05017944299991,0.0471492565026283,0.957766900254763,1.14259198574507
2067,Tlearner,1.02887030894449,0.0606914652202813,0.909917222943777,1.14782339494521
2067,Rlearner,1.03951568210321,0.0610279032180348,0.919903189743866,1.15912817446255
2067,intercept,1.23564301061723,0.0839200514817808,1.07115970971294,1.40012631152152
2067,AIPW,1.09209057279881,0.0612270380093957,0.972085578300399,1.21209556729723
2068,Tlearner,0.990358841081995,0.0598718597281396,0.873012152327407,1.10770552983658
2068,Rlearner,1.01043388589961,0.0616937270048157,0.889516402898128,1.1313513689011
2068,intercept,1.07767157354577,0.0776881742054021,0.925402752103178,1.22994039498835
2068,AIPW,0.82599354444709,0.199414583857287,0.435140960086808,1.21684612880737
2069,Tlearner,0.972578845425544,0.0644087793908781,0.846339957531237,1.09881773331985
2069,Rlearner,1.01752444288069,0.0589001975411526,0.902082177017741,1.13296670874365
2069,intercept,1.12134934798028,0.0747491409482481,0.974841031721716,1.26785766423885
2069,AIPW,1.02742293366702,0.0474217601362156,0.934476283800042,1.12036958353401
2070,Tlearner,1.1277919694674,0.0594090248392039,1.01135242042592,1.24423151850889
2070,Rlearner,1.13410390858981,0.0607510870980608,1.01503396585595,1.25317385132366
2070,intercept,1.26774555330272,0.0824408642534068,1.10616145936604,1.4293296472394
2070,AIPW,1.17715952303982,0.0504979794095163,1.07818348339717,1.27613556268247
2071,Tlearner,1.04650904523554,0.0613206997241733,0.926322682269363,1.16669540820171
2071,Rlearner,1.10684473228317,0.058508494277843,0.992170190708932,1.22151927385741
2071,intercept,1.32857264220653,0.0842045096664488,1.16353180326029,1.49361348115276
2071,AIPW,1.09513661300032,0.0506939573567359,0.995776456581116,1.19449676941952
2072,Tlearner,0.932420644937786,0.0596130023689375,0.815581307284368,1.0492599825912
2072,Rlearner,0.910531956779544,0.0539915802725562,0.804710403976931,1.01635350958216
2072,intercept,1.08418566777435,0.073182166879981,0.940748620689589,1.22762271485911
2072,AIPW,0.923106535348445,0.0496220668645299,0.825847284293967,1.02036578640292
2073,Tlearner,0.872682180567735,0.0678973608903714,0.739605798577289,1.00575856255818
2073,Rlearner,0.937865623708319,0.0577761544784483,0.824626441765338,1.0511048056513
2073,intercept,1.06049682951316,0.0725551205319931,0.918288793270454,1.20270486575587
2073,AIPW,0.888713538593871,0.0456902492911942,0.79916064998313,0.978266427204611
2075,Tlearner,0.870374814407334,0.0635087983676073,0.745899856905407,0.99484977190926
2075,Rlearner,0.940057247764956,0.0586578982726105,0.825089879741825,1.05502461578809
2075,intercept,1.10662085021819,0.0812468475042466,0.947377029109864,1.26586467132651
2075,AIPW,0.866247618955534,0.0557897096312498,0.756899788078285,0.975595449832784
2076,Tlearner,0.947410485697132,0.060492726689703,0.828846920058689,1.06597405133557
2076,Rlearner,0.956893112357934,0.0573906801511882,0.844409446213347,1.06937677850252
2076,intercept,1.18137276359132,0.0821808073566779,1.02029838117223,1.34244714601041
2076,AIPW,0.997448498030213,0.0666801392793458,0.866755425042695,1.12814157101773
2077,Tlearner,1.00949811136779,0.0651803785014648,0.881746917006234,1.13724930572935
2077,Rlearner,1.03945968926279,0.0564708094646153,0.928778936534319,1.15014044199126
2077,intercept,1.29743347802601,0.081129757855409,1.13841915262941,1.45644780342261
2077,AIPW,1.05204705933465,0.0552027896679335,0.943849591585499,1.1602445270838
2078,Tlearner,1.13588687942779,0.0575211729626325,1.02314745207253,1.24862630678305
2078,Rlearner,1.1711926701643,0.0566911875918492,1.06007998424347,1.28230535608513
2078,intercept,1.32266840746799,0.0743570815175384,1.17692852769362,1.46840828724237
2078,AIPW,1.14529644693359,0.0488948981478055,1.04946244656389,1.24113044730329
2079,Tlearner,0.878473679731351,0.064364133936901,0.752322295318913,1.00462506414379
2079,Rlearner,0.927369099174043,0.0615602273416783,0.806713270704256,1.04802492764383
2079,intercept,1.10455311382659,0.0774973672000955,0.9526582741144,1.25644795353877
2079,AIPW,0.901093171349886,0.0497778966491339,0.803528493917583,0.998657848782188
2080,Tlearner,0.983066351331433,0.0618464515789085,0.861849533665172,1.10428316899769
2080,Rlearner,1.15030309822816,0.0589671025041792,1.03472970104729,1.26587649540903
2080,intercept,1.23539497239862,0.0849905848030079,1.06881342618472,1.40197651861252
2080,AIPW,1.05412410294207,0.04339854844373,0.969062947992355,1.13918525789178
2081,Tlearner,0.985780992748025,0.0611731203002965,0.865883880137507,1.10567810535854
2081,Rlearner,1.03495219471227,0.0593837352488759,0.91856221235701,1.15134217706753
2081,intercept,1.12148886151905,0.0761763710987876,0.972183174165429,1.27079454887268
2081,AIPW,1.02080222586131,0.049183455111107,0.924402653843543,1.11720179787908
2082,Tlearner,1.04351440466216,0.0595770837503915,0.926745466207465,1.16028334311685
2082,Rlearner,1.08208076186374,0.0600151497403232,0.964453229845926,1.19970829388155
2082,intercept,1.21832447519786,0.0728109270377143,1.07561505820394,1.36103389219178
2082,AIPW,1.06908790126584,0.0473259690506355,0.976329001926595,1.16184680060509
2083,Tlearner,0.99640000610039,0.0633108097438779,0.872313099170322,1.12048691303046
2083,Rlearner,0.962407602458404,0.0565540355827929,0.851563729535734,1.07325147538107
2083,intercept,1.10501732874695,0.0814355653661935,0.945403620629207,1.26463103686469
2083,AIPW,0.97852357937734,0.0643565805164487,0.852384681565101,1.10466247718958
2084,Tlearner,0.964046154923852,0.0638221020099796,0.838957133566651,1.08913517628105
2084,Rlearner,0.951685872823833,0.0609593052123046,0.832207830085131,1.07116391556253
2084,intercept,1.14095921703582,0.089091236596216,0.966340393307239,1.31557804076441
2084,AIPW,0.941293926082233,0.0548531137794593,0.833781823074493,1.04880602908997
2085,Tlearner,0.93534672852929,0.0605356297798943,0.816699074379247,1.05399438267933
2085,Rlearner,0.933244316140876,0.0567065761231523,0.822101469252919,1.04438716302883
2085,intercept,1.14034997849689,0.0775215477860084,0.988407744836317,1.29229221215747
2085,AIPW,1.04250374765861,0.0753206805446895,0.894875213791021,1.1901322815262
2086,Tlearner,0.991385203286861,0.0654190888890156,0.863166145162966,1.11960426141076
2086,Rlearner,1.01934654453968,0.0602873483856095,0.901185512980465,1.13750757609889
2086,intercept,1.23647740434581,0.0771233131886559,1.08531571049605,1.38763909819558
2086,AIPW,0.997205090508269,0.0767699961109438,0.846735898130819,1.14767428288572
2087,Tlearner,0.871904414748366,0.0590825780673222,0.756104689622638,0.987704139874094
2087,Rlearner,0.91822507459727,0.057999474390979,0.804548193668698,1.03190195552584
2087,intercept,1.04136709224902,0.0726482889904694,0.898976445827699,1.18375773867034
2087,AIPW,0.811082910207142,0.0936657213419482,0.627498096376924,0.994667724037361
2088,Tlearner,1.03461251092174,0.058248478179338,0.920447591535967,1.14877743030751
2088,Rlearner,1.03512944665203,0.0556778608095189,0.926002844729136,1.14425604857492
2088,intercept,1.09788603477773,0.0740109538691842,0.952824565194126,1.24294750436133
2088,AIPW,1.01152241106007,0.0543868045244434,0.904924274192162,1.11812054792798
2089,Tlearner,0.959919885749023,0.065823791921751,0.830907624256532,1.08893214724151
2089,Rlearner,1.00138144910183,0.0586743938671688,0.88638175030746,1.1163811478962
2089,intercept,1.26788432256169,0.0791545524996951,1.11274139966229,1.4230272454611
2089,AIPW,0.965138946904351,0.0444918576012397,0.877934906005921,1.05234298780278
2091,Tlearner,1.07654878499117,0.0629201633214243,0.953227530979797,1.19987003900254
2091,Rlearner,1.0665679586312,0.0642713444649344,0.940598438241966,1.19253747902044
2091,intercept,1.24031347143256,0.0747061314682062,1.09388945375488,1.38673748911025
2091,AIPW,1.14583646321966,0.0672852967366507,1.01395728161582,1.27771564482349
2092,Tlearner,0.83387885332394,0.0658776336541915,0.704761063975001,0.962996642672879
2092,Rlearner,0.854097641853875,0.0618578741261509,0.732858436406407,0.975336847301343
2092,intercept,1.06345908582785,0.0850365266043821,0.896787493683258,1.23013067797244
2092,AIPW,0.857934663741622,0.046216807600017,0.767349720845589,0.948519606637655
2093,Tlearner,1.02530525768448,0.0624566729353142,0.90289242813707,1.1477180872319
2093,Rlearner,1.00684478473741,0.0567673289940329,0.895582864410568,1.11810670506425
2093,intercept,1.20910243518134,0.0708631486033384,1.0702106639188,1.34799420644388
2093,AIPW,1.0442619819246,0.0502982331099174,0.945677445029159,1.14284651882004
2094,Tlearner,1.01814714633078,0.0676834792509835,0.885489964650492,1.15080432801108
2094,Rlearner,1.01624154238066,0.063055724409444,0.892654593519063,1.13982849124225
2094,intercept,1.22933860906644,0.0828514055963246,1.06694985409765,1.39172736403524
2094,AIPW,1.00788015159597,0.096346423542193,0.819041161453272,1.19671914173867
2095,Tlearner,0.973915312906976,0.059039717742882,0.858199592473517,1.08963103334044
2095,Rlearner,0.996320769444639,0.0564678120962703,0.885645891450174,1.1069956474391
2095,intercept,1.17636034889327,0.0716072500524061,1.03601013879056,1.31671055899599
2095,AIPW,0.997240040722587,0.0500006521742486,0.899238762461059,1.09524131898411
2096,Tlearner,0.96486794648773,0.0594093188844662,0.848427821128121,1.08130807184734
2096,Rlearner,0.992540646219494,0.0537062007985974,0.887278426907767,1.09780286553122
2096,intercept,1.13277894172893,0.0725973220567719,0.990488190497659,1.27506969296021
2096,AIPW,1.00117536360925,0.0402419212762095,0.922301197907881,1.08004952931062
2097,Tlearner,0.993924996056171,0.0646791064949066,0.867156276773923,1.12069371533842
2097,Rlearner,0.973250632926628,0.0645532898695532,0.846728509698729,1.09977275615453
2097,intercept,1.13108315633378,0.0876493069250547,0.959290514760675,1.30287579790689
2097,AIPW,1.06861806171124,0.0738259533759825,0.923919193094315,1.21331693032817
2098,Tlearner,1.02484503781752,0.06267561463933,0.902003090415526,1.14768698521952
2098,Rlearner,1.04644311335346,0.0568579301713949,0.935003617982032,1.15788260872489
2098,intercept,1.22455336662554,0.0851718720073221,1.05761649749119,1.3914902357599
2098,AIPW,1.03636072211284,0.0684702664425288,0.902158999885488,1.1705624443402
2100,Tlearner,1.00761248753068,0.0649451468276403,0.88032233877784,1.13490263628352
2100,Rlearner,1.09255409307353,0.0601282874855157,0.974704815149853,1.21040337099722
2100,intercept,1.33706636102283,0.0819216500365413,1.17649992695121,1.49763279509445
2100,AIPW,1.07592660387035,0.0575025643226625,0.963221577797928,1.18863162994276
2103,Tlearner,1.01989388626318,0.059631892605547,0.903017524426352,1.13677024810002
2103,Rlearner,1.08427270968101,0.057309821342685,0.971947523888924,1.1965978954731
2103,intercept,1.33001560416346,0.0663548133901161,1.19996016991883,1.46007103840809
2103,AIPW,1.12332040686259,0.0477823397895717,1.02966702087503,1.21697379285015
2104,Tlearner,0.881636486996096,0.0624343731658028,0.759267364193788,1.0040056097984
2104,Rlearner,0.888773551351476,0.0595154047408668,0.772125501534053,1.0054216011689
2104,intercept,0.947960845106253,0.0749297062860524,0.801098620785591,1.09482306942692
2104,AIPW,0.910565223250508,0.0524009551508735,0.807859351154796,1.01327109534622
2105,Tlearner,0.912789833632784,0.0588153489729893,0.79751386790757,1.028065799358
2105,Rlearner,0.918248688312438,0.0593412964975914,0.801941884381246,1.03455549224363
2105,intercept,1.04465362213055,0.0762572936563523,0.8951893265641,1.194117917697
2105,AIPW,0.9445314708926,0.0452831822971831,0.855776433590121,1.03328650819508
2106,Tlearner,0.89555488327441,0.0585505131768186,0.780797986171508,1.01031178037731
2106,Rlearner,0.88400598835524,0.0556674190825583,0.774899851841128,0.993112124869352
2106,intercept,0.999321237932911,0.0737018350225233,0.854865641288766,1.14377683457706
2106,AIPW,0.90847719097563,0.0459277810309887,0.818458740154892,0.998495641796368
2107,Tlearner,1.02649456937337,0.0574219740610594,0.913949568292502,1.13903957045424
2107,Rlearner,1.06309721188581,0.0552111092560978,0.954885426197354,1.17130899757427
2107,intercept,1.2021108599063,0.0740942766214574,1.05688607772825,1.34733564208436
2107,AIPW,1.06900639939236,0.045088632456655,0.980632679777315,1.1573801190074
2109,Tlearner,1.05681121700402,0.0620105108133513,0.93527284914692,1.17834958486112
2109,Rlearner,1.05685417817146,0.0611748506105791,0.93695367421511,1.17675468212782
2109,intercept,1.22493077753469,0.0822929503449035,1.06363659485868,1.3862249602107
2109,AIPW,1.06759157057561,0.0473466549711366,0.974792126832178,1.16039101431903
2110,Tlearner,1.06709279847305,0.0589760360581083,0.951501891848222,1.18268370509788
2110,Rlearner,1.06148783272551,0.057345335150691,0.949093041148781,1.17388262430225
2110,intercept,1.16954667840906,0.0726518934522737,1.0271489672426,1.31194438957552
2110,AIPW,1.0849434116754,0.0480123948804612,0.990839117709698,1.17904770564111
2111,Tlearner,1.11892856214913,0.0611414933474077,0.999093437227219,1.23876368707105
2111,Rlearner,1.11595699168012,0.0586785620902776,1.00094912331858,1.23096486004166
2111,intercept,1.2232301880332,0.076360324052675,1.07356395288996,1.37289642317644
2111,AIPW,1.11429278147555,0.0444591988851132,1.02715275166073,1.20143281129038
2112,Tlearner,0.938104506850778,0.0637696061366948,0.813118375514551,1.063090638187
2112,Rlearner,0.986259247560484,0.0614277311660084,0.865863106823099,1.10665538829787
2112,intercept,1.20243224541026,0.0745327563955637,1.05634804287495,1.34851644794556
2112,AIPW,0.963207173478434,0.045951809891747,0.87314162609061,1.05327272086626
2113,Tlearner,0.948393213615174,0.0628920518641687,0.825127057047578,1.07165937018277
2113,Rlearner,0.996899283360965,0.053876864140139,0.891302570046336,1.1024959966756
2113,intercept,1.11226754089483,0.0630831965476148,0.98862447566151,1.23591060612816
2113,AIPW,0.949162875835447,0.0471533504857208,0.856742308883435,1.04158344278746
2115,Tlearner,1.01644483673868,0.068431685164521,0.882321198414835,1.15056847506252
2115,Rlearner,1.02937103919251,0.063731015399139,0.904460544312031,1.15428153407299
2115,intercept,1.21645828669802,0.0791489598477579,1.06132632539641,1.37159024799962
2115,AIPW,1.05369406483885,0.0507686759034484,0.954187460068089,1.15320066960961
2116,Tlearner,0.950930435401715,0.0607989300898677,0.831766722127005,1.07009414867642
2116,Rlearner,0.991724165624872,0.0557311287044805,0.882493160546324,1.10095517070342
2116,intercept,1.20664403215498,0.0797333616646325,1.0503666432923,1.36292142101766
2116,AIPW,1.06636146183361,0.0539612545597145,0.960597402896566,1.17212552077065
2117,Tlearner,1.09741043384726,0.0612926278802734,0.977279090684111,1.21754177701041
2117,Rlearner,1.21301335690388,0.0590611130206231,1.09725570249661,1.32877101131115
2117,intercept,1.37736319658044,0.0761574505041161,1.22809459359238,1.52663179956851
2117,AIPW,1.19209590147821,0.0411271751405607,1.11148663820271,1.27270516475371
2118,Tlearner,1.0402376966786,0.0648713164582893,0.91309225279065,1.16738314056655
2118,Rlearner,1.00674835495258,0.0615480957689358,0.886116303928448,1.12738040597672
2118,intercept,1.22348918213063,0.0842141737076202,1.0584294016637,1.38854896259757
2118,AIPW,1.05719420613144,0.0439661685927628,0.971020515689623,1.14336789657325
2119,Tlearner,1.00538288201204,0.0637514673099128,0.88043230212303,1.13033346190105
2119,Rlearner,1.03408920500851,0.0570289603002546,0.922314496744249,1.14586391327278
2119,intercept,1.27843002688133,0.0862865091283209,1.10930846898982,1.44755158477284
2119,AIPW,1.01959852646611,0.048719732051538,0.924107851645095,1.11508920128712
2120,Tlearner,1.15038960487838,0.06295765088991,1.02699487658291,1.27378433317385
2120,Rlearner,1.20648375929935,0.0612672538968874,1.08640214822978,1.32656537036892
2120,intercept,1.32651382528212,0.0818477052311622,1.16609232302904,1.4869353275352
2120,AIPW,1.17291065291029,0.0505400043636757,1.07385224435748,1.27196906146309
2121,Tlearner,1.05253050890107,0.0573999775741834,0.940028620142262,1.16503239765987
2121,Rlearner,1.00950941158572,0.05707171682026,0.89765090208214,1.1213679210893
2121,intercept,1.1010778558393,0.0758787114577979,0.952355581382011,1.24980013029658
2121,AIPW,1.04060572545323,0.0744644066038095,0.894655488509768,1.1865559623967
2122,Tlearner,0.940531992685915,0.0627042791747864,0.817633863826789,1.06343012154504
2122,Rlearner,1.02138695965797,0.0604474436636565,0.902912147119687,1.13986177219625
2122,intercept,1.20119333721758,0.0762284095351312,1.05178565452872,1.35060101990644
2122,AIPW,1.03666081496486,0.0479124162696659,0.942752479076317,1.13056915085341
2123,Tlearner,1.14672111546934,0.059595383357674,1.02991631044344,1.26352592049524
2123,Rlearner,1.16906908076218,0.0611423682355436,1.04923224109103,1.28890592043333
2123,intercept,1.25845244260283,0.0829970865818734,1.09577815290236,1.4211267323033
2123,AIPW,1.17903530927561,0.0596666919594028,1.06208859303518,1.29598202551604
2124,Tlearner,1.01962818269324,0.0599476624409921,0.902132923351535,1.13712344203495
2124,Rlearner,1.04757786260571,0.0593147664641383,0.931323056584593,1.16383266862682
2124,intercept,1.20815361545468,0.0728110025639461,1.06544405042934,1.35086318048001
2124,AIPW,1.09068916135727,0.053949790001169,0.984947572954983,1.19643074975957
2125,Tlearner,1.05119713738759,0.063948799361015,0.925859793785423,1.17653448098976
2125,Rlearner,1.0359754577911,0.0616363912995331,0.915170350706998,1.1567805648752
2125,intercept,1.07971204791678,0.0842279836772063,0.914625199909456,1.2447988959241
2125,AIPW,1.00003689653301,0.0486325994387183,0.904717001633119,1.09535679143289
2126,Tlearner,1.00463073363864,0.0596327970147339,0.88775259919237,1.1215088680849
2126,Rlearner,1.04709666027512,0.0590603107907034,0.931340578209599,1.16285274234064
2126,intercept,1.26198142613407,0.0790996654480283,1.10694608185594,1.41701677041221
2126,AIPW,0.999909857439568,0.081136717242194,0.840881891644868,1.15893782323427
2127,Tlearner,1.0294217350153,0.0579915002168028,0.915760483180916,1.14308298684968
2127,Rlearner,0.891720479842532,0.0537853526248383,0.786303125802062,0.997137833883002
2127,intercept,1.0693762193073,0.0730496382620583,0.926198928313668,1.21255351030094
2127,AIPW,1.00762441750014,0.0466848477258341,0.916122115957503,1.09912671904277
2128,Tlearner,1.04784019308698,0.0598348152503698,0.930566110174648,1.16511427599931
2128,Rlearner,1.09491364221713,0.0600828756915351,0.97715336977412,1.21267391466013
2128,intercept,1.25820294922794,0.0868231674358728,1.08802954105363,1.42837635740225
2128,AIPW,1.03446105482603,0.0507622958503907,0.934966954959264,1.1339551546928
2130,Tlearner,0.982434293018006,0.0614000264250858,0.86209245257503,1.10277613346098
2130,Rlearner,0.983913821108948,0.0630032277550225,0.860429763799329,1.10739787841857
2130,intercept,1.07892177968326,0.0861769361064353,0.910014984914644,1.24782857445187
2130,AIPW,1.01842775707335,0.045550419865841,0.929148934136303,1.1077065800104
2131,Tlearner,1.00339805293383,0.0595721534153343,0.886638777758282,1.12015732810938
2131,Rlearner,1.0242679534744,0.0575570291688182,0.911458249246399,1.13707765770241
2131,intercept,1.13716728915191,0.079305776807863,0.981727966608499,1.29260661169532
2131,AIPW,1.08839901709732,0.0490077200851368,0.992343885730454,1.18445414846419
2132,Tlearner,1.015340950456,0.0608561939316912,0.896065002113704,1.1346168987983
2132,Rlearner,1.11377733162206,0.0543230751230232,1.00730606085147,1.22024860239265
2132,intercept,1.17211071474477,0.0669205526054682,1.04094643163806,1.30327499785149
2132,AIPW,1.13086918786225,0.052907497658901,1.0271704924508,1.2345678832737
2133,Tlearner,0.964963180982814,0.0599956915544575,0.847373786308504,1.08255257565712
2133,Rlearner,0.987411724376942,0.0582389453637843,0.873265488966329,1.10155795978756
2133,intercept,1.19241809673795,0.0729403809974179,1.04945494998301,1.33538124349289
2133,AIPW,1.01311657895067,0.0467974209819795,0.921393633825989,1.10483952407535
2134,Tlearner,1.18449371705323,0.0576340361148344,1.07153308198447,1.29745435212199
2134,Rlearner,1.19985467459058,0.0571070038836014,1.08792700371373,1.31178234546743
2134,intercept,1.37233390604653,0.0746478723675381,1.22602407620616,1.51864373588691
2134,AIPW,1.2186600606358,0.0448820740171095,1.13069119556227,1.30662892570934
2136,Tlearner,1.03815526442479,0.0623792142844254,0.915894251043413,1.16041627780617
2136,Rlearner,1.06100015222629,0.059118655337591,0.945129716950172,1.1768705875024
2136,intercept,1.15562942472888,0.080320999470714,0.998200265766284,1.31305858369148
2136,AIPW,1.02874453669626,0.0531368813162133,0.924596249316479,1.13289282407603
2138,Tlearner,0.998886163501059,0.0654018926588225,0.870700809369012,1.12707151763311
2138,Rlearner,1.03930588530743,0.067260032177533,0.907478644640462,1.1711331259744
2138,intercept,1.11848648247546,0.0858940017470554,0.950134239051228,1.28683872589968
2138,AIPW,1.03303209341294,0.0522192772285084,0.930682310045063,1.13538187678082
2139,Tlearner,0.969677899435325,0.0662032908927031,0.839921833627598,1.09943396524305
2139,Rlearner,0.99764227923251,0.0597591433891394,0.880516510442832,1.11476804802219
2139,intercept,1.24066047129952,0.0893175171789292,1.06559813762882,1.41572280497022
2139,AIPW,1.0263432002908,0.0745943625787301,0.880138249636491,1.17254815094511
2140,Tlearner,1.11562461811519,0.0605930314524774,0.996864458754235,1.23438477747615
2140,Rlearner,1.11073648836722,0.0553153610540719,1.00232037290941,1.21915260382503
2140,intercept,1.18639112848289,0.076863502764245,1.03573866306497,1.33704359390081
2140,AIPW,1.173179269501,0.0564680889003179,1.06250181525637,1.28385672374562
2141,Tlearner,0.958903995729872,0.0579915561234245,0.845242634320526,1.07256535713922
2141,Rlearner,1.02134989811693,0.0571098645077696,0.909416620519739,1.13328317571412
2141,intercept,1.18340578889991,0.0759132992387419,1.03461572239197,1.33219585540784
2141,AIPW,0.976112804869345,0.0472785704480751,0.883446806791118,1.06877880294757
2143,Tlearner,0.934184608524878,0.0609510584075937,0.814722729226398,1.05364648782336
2143,Rlearner,0.978466158210424,0.061316063158944,0.85828888274511,1.09864343367574
2143,intercept,1.23705126978875,0.0851195592714611,1.07021693361669,1.40388560596081
2143,AIPW,1.00298915526538,0.0502020395195361,0.904593157807091,1.10138515272367
2144,Tlearner,1.08740923528348,0.0647782312397098,0.960446235071446,1.21437223549552
2144,Rlearner,1.02370830749808,0.0598387895243143,0.906426435151956,1.14099017984421
2144,intercept,1.18466976433624,0.0800451092773977,1.02778135015254,1.34155817851994
2144,AIPW,1.01442670556987,0.0493618802742507,0.917677420232342,1.1111759909074
2145,Tlearner,1.00766877834934,0.0652575376138935,0.879766354906342,1.13557120179234
2145,Rlearner,1.09241879033989,0.0591173765173831,0.976550861505327,1.20828671917446
2145,intercept,1.2726077208234,0.0738268396830876,1.12790711504455,1.41730832660225
2145,AIPW,1.05360134880192,0.0516115704294507,0.952442670760193,1.15476002684364
2146,Tlearner,1.07523469525856,0.0609613524478639,0.955752640011896,1.19471675050523
2146,Rlearner,1.06136236731438,0.0585143893256971,0.946676271658656,1.1760484629701
2146,intercept,1.21816153184886,0.0803580135452423,1.06065982530018,1.37566323839753
2146,AIPW,1.0555025508572,0.0506898721189364,0.956150401504087,1.15485470021032
2147,Tlearner,0.934384482519029,0.0690961560558074,0.798958505179487,1.06981045985857
2147,Rlearner,1.02132357854744,0.0624646230782836,0.898895167006133,1.14375199008874
2147,intercept,1.27646548230383,0.0844290939676123,1.11098445812731,1.44194650648035
2147,AIPW,1.73008499602886,0.723968708956377,0.311106326474365,3.14906366558336
2148,Tlearner,0.995983885411038,0.0598631846734218,0.878654199451261,1.11331357137081
2148,Rlearner,0.928390439194106,0.0563673192231342,0.81791252361169,1.03886835477652
2148,intercept,1.08763287005692,0.0753827318991152,0.939882715534654,1.23538302457919
2148,AIPW,0.942490934066903,0.0493897306525534,0.845687061987899,1.03929480614591
2149,Tlearner,0.917027188251272,0.0624316175513457,0.794663466354056,1.03939091014849
2149,Rlearner,0.927740402017121,0.0587850785701038,0.81252376519136,1.04295703884288
2149,intercept,1.14053603511286,0.0801226116286574,0.983495716320691,1.29757635390503
2149,AIPW,0.947042358881273,0.0447357097627897,0.859360367746205,1.03472435001634
2150,Tlearner,0.893132884889308,0.0611718795369219,0.773238204130319,1.0130275656483
2150,Rlearner,0.865334803765611,0.0575213891303464,0.752594952729418,0.978074654801804
2150,intercept,1.06876406516802,0.0734833219721741,0.924736754102559,1.21279137623348
2150,AIPW,0.890348182502628,0.0530163054413718,0.786436223837539,0.994260141167717
2151,Tlearner,1.07571712322523,0.0610577692255628,0.956046094566765,1.19538815188369
2151,Rlearner,0.995783370442889,0.0600667329193635,0.87805473725195,1.11351200363383
2151,intercept,1.11434933315346,0.0801366951713559,0.957281410617606,1.27141725568932
2151,AIPW,1.03219231586483,0.0478934505038073,0.938321152877369,1.12606347885229
2153,Tlearner,1.08452689392196,0.0567872473139341,0.973225934405481,1.19582785343844
2153,Rlearner,1.04308669359881,0.0573903796212482,0.930603616482086,1.15556977071554
2153,intercept,1.19426501761781,0.0779976917822893,1.04138954172452,1.34714049351109
2153,AIPW,1.1105340823121,0.0644023591715669,0.98430545833583,1.23676270628837
2154,Tlearner,1.02990498803256,0.0582836335169261,0.915671165451249,1.14413881061386
2154,Rlearner,1.05528956372616,0.0589569718708398,0.93973602222177,1.17084310523054
2154,intercept,1.11145720041815,0.0771647132996383,0.960214362350855,1.26270003848544
2154,AIPW,1.0917071124225,0.0531760849190392,0.987481985981188,1.19593223886382
2155,Tlearner,1.1168194649705,0.06041401797057,0.998410165586829,1.23522876435417
2155,Rlearner,1.13242646010558,0.0618666116870652,1.01117012935341,1.25368279085775
2155,intercept,1.24722669848267,0.0814969616808998,1.08749265358811,1.40696074337724
2155,AIPW,1.09640477052472,0.0460808378669025,1.00608632830559,1.18672321274384
2156,Tlearner,1.00162546642598,0.0599846647388791,0.884057683913066,1.11919324893889
2156,Rlearner,1.0019741091019,0.0535347858649756,0.897047856886488,1.10690036131732
2156,intercept,1.13591951721741,0.0737075763140519,0.991452667641866,1.28038636679295
2156,AIPW,-0.140944370421209,1.15176428531034,-2.39840236962948,2.11651362878707
2157,Tlearner,0.989658459403858,0.0629291772003009,0.866319538514529,1.11299738029319
2157,Rlearner,1.01365085536565,0.0632526251770753,0.889677988090967,1.13762372264032
2157,intercept,1.09821242543022,0.0801087084755549,0.941199356818129,1.2552254940423
2157,AIPW,1.03238728586292,0.0456449190223967,0.942923244579025,1.12185132714682
2158,Tlearner,1.01945070149852,0.0633637226654307,0.895260087147895,1.14364131584915
2158,Rlearner,0.96749984703911,0.0634321266850045,0.843175163273719,1.0918245308045
2158,intercept,1.13656066512994,0.0898079212861108,0.960537139409165,1.31258419085072
2158,AIPW,0.980323323142069,0.0585537876592578,0.865557899329924,1.09508874695421
2159,Tlearner,1.14284215374619,0.057922314633684,1.02931650316297,1.2563678043294
2159,Rlearner,1.12235586123121,0.0581084587894184,1.00846537480682,1.2362463476556
2159,intercept,1.2764818616046,0.0798184538717116,1.12003769201604,1.43292603119315
2159,AIPW,1.18403435876581,0.0499668229988715,1.08609938568802,1.2819693318436
2160,Tlearner,0.933271047972947,0.0623270451088291,0.811112284296839,1.05542981164906
2160,Rlearner,0.980193908783765,0.061261511085677,0.860123553417337,1.10026426415019
2160,intercept,1.14327770450062,0.0905589026840964,0.965782255239788,1.32077315376145
2160,AIPW,1.03947779942356,0.0661318014173014,0.909859468645654,1.16909613020148
2161,Tlearner,1.04171557666245,0.0618502294996974,0.92049135440751,1.1629397989174
2161,Rlearner,1.04173789770133,0.0632009103225804,0.917866389678923,1.16560940572373
2161,intercept,1.07748163533303,0.0789855471325817,0.92266996295317,1.23229330771289
2161,AIPW,1.07131910269502,0.0482665693729233,0.976716626724093,1.16592157866595
2162,Tlearner,1.06828552595528,0.0676377979091987,0.935717878059656,1.20085317385091
2162,Rlearner,1.00136477431559,0.0644680465769211,0.875009724871176,1.12771982376001
2162,intercept,1.18474307992943,0.0864715507875602,1.01525884038582,1.35422731947305
2162,AIPW,1.05106561211139,0.0461659828417073,0.960580285741645,1.14155093848114
2163,Tlearner,1.07056587632272,0.0591524263662389,0.954629251046732,1.1865025015987
2163,Rlearner,1.05788310014848,0.0576192478370654,0.944951449571546,1.17081475072542
2163,intercept,1.27301574388568,0.0688110301439396,1.13814612480356,1.4078853629678
2163,AIPW,1.04898929479603,0.0510120078301613,0.949005759448917,1.14897283014315
2164,Tlearner,1.05067424215018,0.0627401632332335,0.92770578182888,1.17364270247148
2164,Rlearner,1.09536105251735,0.0564985024311714,0.984626022571807,1.2060960824629
2164,intercept,1.24238931412272,0.0787528460220294,1.08803373591955,1.3967448923259
2164,AIPW,1.02357420128998,0.067910500011242,0.890469621267949,1.15667878131202
2165,Tlearner,1.08491150585625,0.0615969007311629,0.964183798863878,1.20563921284861
2165,Rlearner,1.10093753862628,0.0598569910899926,0.98361999186696,1.2182550853856
2165,intercept,1.28024959759626,0.081934850782205,1.11965729006313,1.44084190512938
2165,AIPW,1.13583929136909,0.0780265819194366,0.982907190806991,1.28877139193118
2166,Tlearner,0.949450437695853,0.0647305467888304,0.82258089729016,1.07631997810155
2166,Rlearner,1.01186305435333,0.0572443101214531,0.899666268195436,1.12405984051122
2166,intercept,1.1483422603072,0.0708564524329476,1.00946361353862,1.28722090707578
2166,AIPW,1.00652690124731,0.0516909769692743,0.905212586387531,1.10784121610709
2167,Tlearner,0.957949710499278,0.0598288597641274,0.840687300125491,1.07521212087307
2167,Rlearner,0.982053365311921,0.0587858099996091,0.866835294910673,1.09727143571317
2167,intercept,1.1986479483917,0.0737808573557139,1.0540374679745,1.3432584288089
2167,AIPW,1.02061257850552,0.0556648911471871,0.911509391857033,1.12971576515401
2168,Tlearner,0.95306304084991,0.062163305892251,0.831225200141151,1.07490088155867
2168,Rlearner,0.956225776689745,0.0651086411835767,0.828615184887593,1.0838363684919
2168,intercept,1.2311015352286,0.0828314809647678,1.06875183253766,1.39345123791955
2168,AIPW,0.953481207170257,0.0540634879778943,0.847516770733584,1.05944564360693
2169,Tlearner,0.94114398392387,0.0632289610280594,0.817217497528987,1.06507047031875
2169,Rlearner,0.951768858634284,0.06062462000719,0.832946786843765,1.0705909304248
2169,intercept,1.15203989172074,0.085878821783954,0.983717401024194,1.32036238241729
2169,AIPW,0.926520448729786,0.0500902505544348,0.828343557643094,1.02469733981648
2170,Tlearner,1.03174829549916,0.0601813403288741,0.913795035913216,1.1497015550851
2170,Rlearner,0.969325997306476,0.0606521357480194,0.850449995654924,1.08820199895803
2170,intercept,1.21251915819114,0.0808281438650666,1.05409599621561,1.37094232016667
2170,AIPW,1.01830777547606,0.0497731377163973,0.92075242555192,1.1158631254002
2171,Tlearner,0.973349891039077,0.0633769667198723,0.849133318818733,1.09756646325942
2171,Rlearner,0.983652738778599,0.0598603367613414,0.866328634623931,1.10097684293327
2171,intercept,1.2048570055233,0.0789096827809029,1.05019402727273,1.35951998377387
2171,AIPW,0.956381375617729,0.0595033430971103,0.839754823147393,1.07300792808807
2172,Tlearner,0.848799064610226,0.0610050177481249,0.729231426947675,0.968366702272778
2172,Rlearner,0.930893492715745,0.0589397345169809,0.81537373580411,1.04641324962738
2172,intercept,1.11215097958139,0.0817031968513753,0.952012713752697,1.27228924541009
2172,AIPW,0.947224113841376,0.0456912671342196,0.857669230258306,1.03677899742445
2173,Tlearner,1.02942600212085,0.0632311555033675,0.905495214633398,1.1533567896083
2173,Rlearner,1.00337632097545,0.0600935875953838,0.885595053586696,1.12115758836421
2173,intercept,1.12647785390525,0.0825061820754852,0.964765737037299,1.2881899707732
2173,AIPW,0.980639432047233,0.0532315859323898,0.876305523619749,1.08497334047472
2174,Tlearner,0.929406346617167,0.0633536151299322,0.805235542672088,1.05357715056225
2174,Rlearner,1.02858899348228,0.059407259161079,0.912152905106328,1.14502508185823
2174,intercept,1.20175690087474,0.0801168221291936,1.04472792950152,1.35878587224796
2174,AIPW,1.01754985095376,0.0507883397433378,0.918004705056816,1.1170949968507
2175,Tlearner,1.06667056026762,0.0645676900283898,0.940120213247035,1.19322090728821
2175,Rlearner,1.12985363037592,0.0595725493329036,1.0130935792162,1.24661368153565
2175,intercept,1.1863434211616,0.0740363075161157,1.04123225843001,1.33145458389319
2175,AIPW,1.10802707735093,0.0489834168418803,1.01201958034084,1.20403457436102
2176,Tlearner,1.00871108283636,0.0637919692635361,0.883681120576942,1.13374104509578
2176,Rlearner,1.08543528603625,0.0590717947675331,0.969656695789747,1.20121387628276
2176,intercept,1.26308800047921,0.0722882196297889,1.12140309000482,1.40477291095359
2176,AIPW,1.00767090317994,0.04664508443733,0.916246537682773,1.09909526867711
2177,Tlearner,1.17233920516563,0.0592541409201248,1.05620322302733,1.28847518730394
2177,Rlearner,1.25167897500457,0.0606368413446768,1.13283294983274,1.37052500017641
2177,intercept,1.39451198874395,0.0842672616364878,1.22934815593643,1.55967582155147
2177,AIPW,1.21448644564299,0.0524132064897913,1.111756560923,1.31721633036298
2178,Tlearner,1.19550166932676,0.0611569903428477,1.07563617085191,1.3153671678016
2178,Rlearner,1.21152380013509,0.0607916736875299,1.09237430914762,1.33067329112256
2178,intercept,1.38648655090023,0.0803765347829768,1.2289485427256,1.54402455907487
2178,AIPW,1.17740590899925,0.0558742316994205,1.06789241486839,1.28691940313012
2179,Tlearner,0.979132148597495,0.0597459405657189,0.862032256866215,1.09623204032877
2179,Rlearner,0.990222439412345,0.0604338103430514,0.87177434769144,1.10867053113325
2179,intercept,1.12263661980102,0.0765383563964444,0.972621441263991,1.27265179833805
2179,AIPW,1.02966632514101,0.069341780463611,0.893756435432334,1.16557621484969
2180,Tlearner,0.948954046529553,0.0653905927408533,0.820790839829754,1.07711725322935
2180,Rlearner,0.9546356266056,0.059280349635025,0.838448276330009,1.07082297688119
2180,intercept,1.07042808199114,0.0757572939948843,0.921943785761169,1.21891237822112
2180,AIPW,0.97225358659792,0.0476916664270957,0.878777920400813,1.06572925279503
2182,Tlearner,1.03611182700338,0.0607042915491769,0.917133601859974,1.15509005214679
2182,Rlearner,1.01295365924146,0.0615889670346775,0.892241502008471,1.13366581647446
2182,intercept,1.20859182762412,0.0845386891742993,1.04289599684249,1.37428765840575
2182,AIPW,1.02636158219866,0.0515703409190352,0.925283713997347,1.12743945039997
2183,Tlearner,0.930518815448978,0.0594176660384565,0.814062329968175,1.04697530092978
2183,Rlearner,0.892140879212893,0.053347699205541,0.787581310111957,0.996700448313829
2183,intercept,1.00298515341539,0.072837945773167,0.860222779699985,1.1457475271308
2183,AIPW,0.932414054754019,0.046078372526114,0.842100444602835,1.0227276649052
2184,Tlearner,0.96555051454468,0.0658820893802134,0.836423992133213,1.09467703695615
2184,Rlearner,1.00158935236188,0.056043305554643,0.89174649190021,1.11143221282356
2184,intercept,1.19371181029095,0.0814022706765192,1.03416335976497,1.35326026081693
2184,AIPW,0.978223972072967,0.0537964966671739,0.872782838605306,1.08366510554063
2185,Tlearner,0.955645072869584,0.0581971505871601,0.841580753715896,1.06970939202327
2185,Rlearner,0.982045586574778,0.0612263968533281,0.862044053839098,1.10204711931046
2185,intercept,1.09685855814417,0.0782452640927712,0.943497840522339,1.250219275766
2185,AIPW,1.01957124837986,0.043437086769733,0.934434558311182,1.10470793844854
2186,Tlearner,0.978185662734325,0.0604972992971454,0.859613134949979,1.09675819051867
2186,Rlearner,0.959924618051194,0.0572011862145405,0.847812353197725,1.07203688290466
2186,intercept,1.23176631357136,0.0737585498561762,1.08719955585326,1.37633307128947
2186,AIPW,0.992710363624026,0.0486521961719832,0.897352059126939,1.08806866812111
2187,Tlearner,1.04726646859016,0.0582437524783423,0.933110811408139,1.16142212577217
2187,Rlearner,1.06337168457747,0.057558676426967,0.950558751782816,1.17618461737212
2187,intercept,1.17962151485893,0.0792778951677936,1.02423684033005,1.3350061893878
2187,AIPW,1.07465747575784,0.044603349439977,0.987234910855483,1.16208004066019
2188,Tlearner,1.02622006909319,0.0616536765904945,0.90538108346134,1.14705905472504
2188,Rlearner,1.02707466496832,0.0577030391424484,0.913978786450618,1.14017054348603
2188,intercept,1.20550520537996,0.0809741436191195,1.04679588388648,1.36421452687343
2188,AIPW,1.0417910923645,0.0573945363821017,0.929297801055576,1.15428438367341
2189,Tlearner,0.934336014731776,0.0626735505582788,0.8114981128543,1.05717391660925
2189,Rlearner,0.904728902838273,0.0591979346630164,0.788703082939605,1.02075472273694
2189,intercept,1.01431592931395,0.0755447733093178,0.866248173627687,1.16238368500021
2189,AIPW,0.934504368534095,0.0459390855856702,0.844463760786181,1.02454497628201
2190,Tlearner,1.07308758696143,0.0638088912115921,0.94802445829328,1.19815071562959
2190,Rlearner,1.02839631514556,0.0617841261107607,0.907301653152185,1.14949097713893
2190,intercept,1.34278698742349,0.0917646843496102,1.16292820609825,1.52264576874873
2190,AIPW,1.17309365268355,0.0814510196123633,1.01344965424331,1.33273765112378
2191,Tlearner,0.859983433254358,0.0627435808165648,0.737008274592813,0.982958591915903
2191,Rlearner,0.893804192803948,0.0633475909395549,0.769645196055045,1.01796318955285
2191,intercept,1.03286220587374,0.0852140616673185,0.865842645005799,1.19988176674169
2191,AIPW,0.959762237461252,0.0495218290981689,0.862699452428841,1.05682502249366
2193,Tlearner,0.918460759219768,0.0606104045274901,0.799666549257484,1.03725496918205
2193,Rlearner,0.907529476427186,0.0580829929911168,0.793688902050305,1.02137005080407
2193,intercept,1.03059179788788,0.0790155143029528,0.875721389854093,1.18546220592167
2193,AIPW,0.945467410674369,0.0553626459664761,0.836956624580075,1.05397819676866
2194,Tlearner,0.990517671115054,0.061555711561217,0.869870693412333,1.11116464881777
2194,Rlearner,0.922674065351775,0.0655160058127421,0.794265053547884,1.05108307715567
2194,intercept,1.09339995732427,0.0827111309181455,0.931286140724706,1.25551377392384
2194,AIPW,0.971765716978174,0.0489105803175971,0.875900979555684,1.06763045440066
2195,Tlearner,1.09913041196085,0.0575950750788132,0.986246139119493,1.2120146848022
2195,Rlearner,1.15407199840558,0.0558192325917816,1.04466831288102,1.26347568393014
2195,intercept,1.32522472332013,0.0756920587541556,1.17686828816199,1.47358115847828
2195,AIPW,1.1918307364413,0.0568650593161939,1.08037522018156,1.30328625270104
2196,Tlearner,0.908579177661555,0.061253339396424,0.788524838511755,1.02863351681135
2196,Rlearner,0.916784159467097,0.0575554914303819,0.803977469151045,1.02959084978315
2196,intercept,1.10543876148995,0.0765351623311153,0.955429843320961,1.25544767965893
2196,AIPW,0.917842112631977,0.0457020377093297,0.82826611872169,1.00741810654226
2197,Tlearner,1.09063327467818,0.0579539727119265,0.977045575401789,1.20422097395457
2197,Rlearner,1.12036179118446,0.0536180799489108,1.01527228556441,1.22545129680452
2197,intercept,1.16070896045872,0.078049858963528,1.0077312368902,1.31368668402723
2197,AIPW,1.10166566030625,0.0468036246368654,1.009930556018,1.19340076459451
2198,Tlearner,0.994152592159542,0.0626084541076583,0.871442276980803,1.11686290733828
2198,Rlearner,1.04501825247956,0.0600301385593253,0.927361342916337,1.16267516204279
2198,intercept,1.18957219578509,0.0757169883472534,1.04116689862448,1.33797749294571
2198,AIPW,1.06104246298455,0.0497521166555271,0.963528314339717,1.15855661162938
2199,Tlearner,1.01416924098728,0.0572098638614863,0.902039968258325,1.12629851371623
2199,Rlearner,1.02258069769365,0.0564746043205591,0.911892507184201,1.13326888820309
2199,intercept,1.10303156175905,0.071275250537523,0.963332070705508,1.2427310528126
2199,AIPW,1.0503655336554,0.0459624864326367,0.960279060247435,1.14045200706337
2200,Tlearner,0.967957761093432,0.0617068753153678,0.847014507876807,1.08890101431006
2200,Rlearner,1.01578702131793,0.0605973144290351,0.897018467477172,1.13455557515869
2200,intercept,1.16661746846499,0.0843158666497191,1.00135836983154,1.33187656709844
2200,AIPW,1.04708087359489,0.0492683463937543,0.950514914663134,1.14364683252665
2201,Tlearner,1.04809599847957,0.0620693866347041,0.926442236133061,1.16974976082608
2201,Rlearner,1.09263280354709,0.06055337967879,0.973950360234479,1.2113152468597
2201,intercept,1.34670054826204,0.0783392549710631,1.19315560851876,1.50024548800533
2201,AIPW,1.10258933648638,0.048182851996299,1.00815094657364,1.19702772639913
2202,Tlearner,1.12270933485067,0.059098300003124,1.006878795297,1.23853987440433
2202,Rlearner,1.1230258544817,0.0580626570046692,1.00922513790584,1.23682657105755
2202,intercept,1.29139471916614,0.0756969483109117,1.14302870047675,1.43976073785553
2202,AIPW,1.11882970080956,0.0629945614525175,0.99536036036263,1.2422990412565
2203,Tlearner,1.02559364639961,0.0606077236720655,0.906804690817406,1.14438260198181
2203,Rlearner,1.05390876344542,0.0602355773459762,0.935849201259334,1.17196832563151
2203,intercept,1.2525029685847,0.0851982855223869,1.08551432896082,1.41949160820858
2203,AIPW,1.05757894666799,0.0472799300877609,0.964910283695979,1.15024760964
2204,Tlearner,0.96019860125131,0.0646735224882425,0.833440826421013,1.08695637608161
2204,Rlearner,0.85475244813436,0.06187431675704,0.733481015722538,0.976023880546181
2204,intercept,1.03223473754342,0.0848732897598042,0.865883089614202,1.19858638547263
2204,AIPW,0.873888479979367,0.0485503825166619,0.77872973024671,0.969047229712024
2205,Tlearner,0.910348174325531,0.0641935548545934,0.784531118770932,1.03616522988013
2205,Rlearner,0.92575290014476,0.0639602231651187,0.800393166297983,1.05111263399154
2205,intercept,1.10021776108316,0.0853198564601228,0.932990842421324,1.267444679745
2205,AIPW,0.916210089638957,0.048734272837913,0.820690914876647,1.01172926440127
2206,Tlearner,1.07670637708153,0.0589388150031606,0.961188422383866,1.19222433177919
2206,Rlearner,1.06467931561597,0.0594422587114611,0.948174629381795,1.18118400185015
2206,intercept,1.17954105291459,0.0798488786912564,1.02303725067972,1.33604485514945
2206,AIPW,1.07502505803011,0.049528204191921,0.977949777813949,1.17210033824628
2207,Tlearner,1.07507253691984,0.0634461552374072,0.950720357696989,1.1994247161427
2207,Rlearner,1.10258035862826,0.0597435487405243,0.985485154788224,1.21967556246831
2207,intercept,1.22083925877729,0.0817610481844344,1.0605876043358,1.38109091321879
2207,AIPW,1.06481599121024,0.0466836726887706,0.973315992740252,1.15631598968023
2208,Tlearner,1.0055938928299,0.060015019323177,0.887966616424995,1.1232211692348
2208,Rlearner,1.061719656016,0.0565168361767235,0.950948692589475,1.17249061944253
2208,intercept,1.13898899532005,0.0791429279896991,0.983868856460238,1.29410913417986
2208,AIPW,1.06846567675687,0.0466680041953198,0.976996388534044,1.1599349649797
2209,Tlearner,1.12002259029586,0.0569927807534568,1.0083187926403,1.23172638795142
2209,Rlearner,1.07127220871947,0.0561896480838759,0.96114252217109,1.18140189526784
2209,intercept,1.18166731511273,0.0734579106564274,1.03768981022613,1.32564481999933
2209,AIPW,1.06546525963923,0.0599051149814892,0.948051234275507,1.18287928500294
2210,Tlearner,1.03230441459874,0.0615936346804343,0.911583108948168,1.15302572024931
2210,Rlearner,1.08198410536821,0.0605062195510824,0.963394094207419,1.20057411652901
2210,intercept,1.2705652917596,0.0774887509853617,1.11868733982829,1.42244324369091
2210,AIPW,1.12201140780691,0.0480823813663369,1.02776994032888,1.21625287528493
2211,Tlearner,0.890252999984892,0.0656596210943802,0.76156250740136,1.01894349256842
2211,Rlearner,0.891999453886691,0.0646840082620658,0.765221127317351,1.01877778045603
2211,intercept,1.05987369143818,0.0879046853189571,0.887580508213026,1.23216687466334
2211,AIPW,0.845466521368625,0.068233256260348,0.711729339098342,0.979203703638907
2212,Tlearner,0.966358586091598,0.0603203423373233,0.848132887575318,1.08458428460788
2212,Rlearner,0.944672042833238,0.0613432068427448,0.824441566725267,1.06490251894121
2212,intercept,1.06018982996855,0.0886342333903892,0.886466732523388,1.23391292741371
2212,AIPW,0.952891383071382,0.0567111157424914,0.841737596216099,1.06404516992667
2213,Tlearner,0.988347205940172,0.0609715311861616,0.868845200733035,1.10784921114731
2213,Rlearner,1.02511904453416,0.0599988220268095,0.907523514246787,1.14271457482154
2213,intercept,1.11913795528748,0.0835991178050508,0.955283684389585,1.28299222618538
2213,AIPW,1.00389254448089,0.0559081381001726,0.894312593804551,1.11347249515723
2214,Tlearner,0.957318517258608,0.0662587009926001,0.827453849650703,1.08718318486651
2214,Rlearner,1.02208259825288,0.0635169629500118,0.897591638463488,1.14657355804226
2214,intercept,1.19487297388393,0.0870037470269476,1.02434562971112,1.36540031805675
2214,AIPW,0.994912159420285,0.0590462894588777,0.879181432080884,1.11064288675968
2215,Tlearner,0.949304495632179,0.0587064369794514,0.834241993491784,1.06436699777257
2215,Rlearner,0.959523062356717,0.0572052549136271,0.847402822999575,1.07164330171386
2215,intercept,1.1165261274414,0.0753482800872339,0.968843498470418,1.26420875641237
2215,AIPW,1.02295768564642,0.075648877221872,0.874685886291549,1.17122948500129
2216,Tlearner,1.12134936130573,0.0610270223872392,1.00173859534302,1.24096012726844
2216,Rlearner,1.17451617949223,0.0585752045684278,1.05971088815105,1.28932147083342
2216,intercept,1.28802858543771,0.0760520008093911,1.13896666385131,1.43709050702412
2216,AIPW,1.15915614079186,0.0447233969061263,1.07149828285585,1.24681399872786
2217,Tlearner,1.05120331874665,0.0592188780686504,0.935136450527229,1.16727018696608
2217,Rlearner,1.10303527954668,0.0544431009712147,0.996328762436422,1.20974179665694
2217,intercept,1.32756613817653,0.0720221691860243,1.18640268657192,1.46872958978114
2217,AIPW,1.08605709646935,0.0519592027094689,0.984217059158791,1.18789713377991
2218,Tlearner,0.895443459935553,0.0614851960586291,0.774934690078256,1.01595222979285
2218,Rlearner,0.867729249530421,0.0613618603416916,0.747462213236329,0.987996285824513
2218,intercept,0.967935474323197,0.0765843290068655,0.81783018946974,1.11804075917665
2218,AIPW,0.900253440371209,0.0441809513029817,0.813658775817365,0.986848104925053
2219,Tlearner,1.05915179057916,0.0588247413504045,0.943857416132483,1.17444616502584
2219,Rlearner,1.03789760836331,0.0591170456514441,0.922030328014073,1.15376488871255
2219,intercept,1.19784602399782,0.0775087051126886,1.04592896197695,1.34976308601869
2219,AIPW,1.05207636002943,0.041411733487888,0.970909362393165,1.13324335766569
2220,Tlearner,0.932044719501443,0.0637594754647529,0.807078443917362,1.05701099508552
2220,Rlearner,0.907879157126287,0.0612603733954006,0.787811031591827,1.02794728266075
2220,intercept,0.980666994593724,0.0805290930525945,0.822829972210639,1.13850401697681
2220,AIPW,1.0060130972058,0.0739559357979125,0.861059463041895,1.15096673136971
2222,Tlearner,0.994517300466092,0.0659613014126558,0.865235525323896,1.12379907560829
2222,Rlearner,1.01284583658906,0.0585077312030164,0.898172790614002,1.12751888256413
2222,intercept,1.23747189403909,0.0779340650222527,1.08472112659547,1.3902226614827
2222,AIPW,0.994372438315102,0.077528987657972,0.842415622505477,1.14632925412473
2223,Tlearner,0.973097469700934,0.0586007032638107,0.858242201835146,1.08795273756672
2223,Rlearner,0.935578788207287,0.0573256452173189,0.823222588190822,1.04793498822375
2223,intercept,1.03246387858016,0.0776788500703044,0.880213332442368,1.18471442471796
2223,AIPW,0.937209235105151,0.0434642736913506,0.852019258670104,1.0223992115402
2225,Tlearner,0.946498687992077,0.0625897947035766,0.823824944573311,1.06917243141084
2225,Rlearner,1.03896750548278,0.0609150475048186,0.919576206256794,1.15835880470878
2225,intercept,1.22707744543434,0.084058943650867,1.06232191587864,1.39183297499004
2225,AIPW,1.09051127162798,0.197893077095989,0.702640840519844,1.47838170273612
2226,Tlearner,1.02719956206393,0.0640656388496447,0.901633217272076,1.15276590685578
2226,Rlearner,1.0581840724641,0.0597611977646275,0.941054277172457,1.17531386775575
2226,intercept,1.13262520680641,0.0803876063152366,0.97506549842855,1.29018491518428
2226,AIPW,1.03843786186415,0.0445903430670335,0.951040789452765,1.12583493427554
2227,Tlearner,0.928628758921618,0.0586151479839364,0.813745179924617,1.04351233791862
2227,Rlearner,0.983325356669575,0.0536289585082896,0.878214529464934,1.08843618387422
2227,intercept,1.12525681765012,0.0717437635497501,0.984639041092611,1.26587459420763
2227,AIPW,0.93318611335776,0.0445869836388216,0.84579562542567,1.02057660128985
2228,Tlearner,0.955545391113197,0.0683658184371148,0.821550849202848,1.08953993302355
2228,Rlearner,1.00922568141821,0.0612634184245737,0.88915158773624,1.12929977510018
2228,intercept,1.20489173186741,0.0863680391762408,1.03561037508198,1.37417308865285
2228,AIPW,1.01512967924714,0.0538598438422298,0.909564385316372,1.12069497317791
2229,Tlearner,0.923357857187307,0.0623193572295072,0.801214161477787,1.04550155289683
2229,Rlearner,0.912146501426209,0.0620239578311011,0.79058177789862,1.0337112249538
2229,intercept,0.998683774500213,0.0866057762544869,0.828936453041418,1.16843109595901
2229,AIPW,0.879878032742774,0.0692167472805605,0.744213208072875,1.01554285741267
2230,Tlearner,1.01403296962507,0.0601594968652157,0.896122522441192,1.13194341680894
2230,Rlearner,1.00590142875418,0.056540370802467,0.895084338308801,1.11671851919955
2230,intercept,1.12856093908505,0.0820852392108899,0.967673870231708,1.2894480079384
2230,AIPW,1.03310667430599,0.0612085411537549,0.913137933644634,1.15307541496735
2231,Tlearner,1.1473308323416,0.0580132947269711,1.03362686405223,1.26103480063097
2231,Rlearner,1.15443457022112,0.0552804138407296,1.04608695004282,1.26278219039942
2231,intercept,1.25270231753152,0.0771108672970817,1.10156501762924,1.4038396174338
2231,AIPW,1.23013685519205,0.0495735028141668,1.13297278967629,1.32730092070782
2232,Tlearner,1.02780575971253,0.0647114590998314,0.900973630489823,1.15463788893524
2232,Rlearner,1.08518618228969,0.0593690553872951,0.968824971934423,1.20154739264495
2232,intercept,1.18878332083507,0.069369482316167,1.05281913549538,1.32474750617476
2232,AIPW,1.05044084357163,0.070597688431422,0.91206937424604,1.18881231289721
2233,Tlearner,0.970991134782631,0.062352979297955,0.848781541029868,1.09320072853539
2233,Rlearner,1.01170375113106,0.0601838110455985,0.893745649029319,1.12966185323279
2233,intercept,1.18760321693513,0.0806166640418736,1.02959455541305,1.3456118784572
2233,AIPW,0.981451522453527,0.0596058985839068,0.86462396122907,1.09827908367798
2234,Tlearner,0.91591719687399,0.0571445262797504,0.803915983452077,1.0279184102959
2234,Rlearner,1.02125247696384,0.0581766695964834,0.907228299814244,1.13527665411343
2234,intercept,1.23169680316638,0.0771926901076922,1.0803991305553,1.38299447577745
2234,AIPW,1.01244016621589,0.0509590474231229,0.912560433266564,1.11231989916521
2235,Tlearner,1.08049585447958,0.0583530306886457,0.966126015941078,1.19486569301809
2235,Rlearner,1.08418640256536,0.057683991239717,0.971127857250987,1.19724494787973
2235,intercept,1.17779639400268,0.0768879322790961,1.02709604673566,1.32849674126971
2235,AIPW,1.10071813777732,0.0485787353991987,1.00550381639489,1.19593245915975
2236,Tlearner,1.10202989486182,0.0580462508133168,0.98826133383014,1.2157984558935
2236,Rlearner,1.11584330470544,0.0547757944571135,1.00848472034493,1.22320188906595
2236,intercept,1.3082319192029,0.0795230112137027,1.15236681722404,1.46409702118176
2236,AIPW,1.12543519987876,0.04639175009233,1.0345073696978,1.21636303005973
2237,Tlearner,1.06203588750857,0.0617296486468223,0.941047999382485,1.18302377563465
2237,Rlearner,1.03427231725731,0.0627578606946933,0.911269170548931,1.15727546396569
2237,intercept,1.24051950020885,0.0807281353524469,1.08229235491806,1.39874664549965
2237,AIPW,1.13875439533534,0.0790708323961636,0.983775563838862,1.29373322683182
2238,Tlearner,0.962520852139843,0.0635445621848495,0.837975798844172,1.08706590543551
2238,Rlearner,0.99569429888054,0.0598592903242412,0.878372245704901,1.11301635205618
2238,intercept,1.26173717817465,0.0818149497080823,1.1013798767468,1.42209447960249
2238,AIPW,0.99623442719716,0.0506756003380296,0.896910250534622,1.0955586038597
2239,Tlearner,1.00616001531613,0.0612446311427974,0.88612274402981,1.12619728660246
2239,Rlearner,1.01721002866334,0.0627488840406365,0.894224475873617,1.14019558145307
2239,intercept,1.23673219274059,0.0820605974274135,1.07589342178286,1.39757096369832
2239,AIPW,1.06040136667298,0.0564502139577744,0.949758947315738,1.17104378603021
2240,Tlearner,0.996970985189118,0.0591684511783247,0.881002951858585,1.11293901851965
2240,Rlearner,1.04401820853748,0.0581127286940824,0.930119353253735,1.15791706382123
2240,intercept,1.14982131661473,0.0705086391920641,1.01162438379828,1.28801824943117
2240,AIPW,1.03082029630192,0.0469643085173768,0.938770251607866,1.12287034099598
2241,Tlearner,0.979777911754758,0.0588303568921959,0.864472531048416,1.0950832924611
2241,Rlearner,1.0462071001079,0.0569945953374592,0.934499745933042,1.15791445428275
2241,intercept,1.15325994826628,0.0792819880925081,0.997867251604965,1.3086526449276
2241,AIPW,1.05874614431064,0.0494840817629141,0.961757344055324,1.15573494456595
2242,Tlearner,0.898774571532188,0.0643260897168288,0.772697752420911,1.02485139064346
2242,Rlearner,0.891560516316973,0.0665393790657884,0.761145729794369,1.02197530283958
2242,intercept,1.09237133387932,0.0917332808772566,0.912574103359895,1.27216856439874
2242,AIPW,0.918426651879974,0.0450276194533841,0.830172517751341,1.00668078600861
2243,Tlearner,0.971410266034122,0.0619008875261185,0.850086755871865,1.09273377619638
2243,Rlearner,1.01240829609109,0.0585621638863655,0.897628564017078,1.1271880281651
2243,intercept,1.2463866864062,0.0800855605305329,1.08941898776635,1.40335438504604
2243,AIPW,1.00451512662712,0.0401147928644667,0.925890132612766,1.08314012064148
2244,Tlearner,0.9434411874741,0.0646353356666636,0.816758257438782,1.07012411750942
2244,Rlearner,0.953739703377748,0.0622230531118468,0.831784760270405,1.07569464648509
2244,intercept,1.16784005914968,0.0850080176214874,1.00122434461156,1.33445577368779
2244,AIPW,1.0017091889817,0.0495084403951429,0.904672645807223,1.09874573215618
2245,Tlearner,1.17609914168161,0.0676761136232487,1.0434563963664,1.30874188699681
2245,Rlearner,1.13799503823409,0.0631509733224515,1.01422140493343,1.26176867153474
2245,intercept,1.30726353882166,0.0830359250444699,1.1445131257345,1.47001395190882
2245,AIPW,1.13728237348436,0.0607770246493585,1.01815940517162,1.2564053417971
2246,Tlearner,1.08088468871544,0.0594813060255791,0.964303471151899,1.19746590627898
2246,Rlearner,1.06111250166632,0.0563555800152184,0.950657594508623,1.17156740882401
2246,intercept,1.18589170916491,0.0778123291897367,1.03337954395302,1.33840387437679
2246,AIPW,1.09190540911588,0.054509868048478,0.985066067740861,1.19874475049089
2247,Tlearner,0.940626698691408,0.0594989571062188,0.824010885645525,1.05724251173729
2247,Rlearner,0.988756104402939,0.059829542009047,0.871492356853681,1.1060198519522
2247,intercept,1.21164289086484,0.0785608407003288,1.0576636430922,1.36562213863749
2247,AIPW,1.00214268156171,0.0483113899566403,0.907452357246695,1.09683300587672
2248,Tlearner,1.00462288655196,0.065881713370314,0.875497101106352,1.13374867199757
2248,Rlearner,1.04292247776677,0.0631358493082322,0.919178486989291,1.16666646854426
2248,intercept,1.17878424836088,0.0770299583802459,1.02780552993559,1.32976296678616
2248,AIPW,1.0040450195346,0.0429865027971011,0.919791474052279,1.08829856501692
2249,Tlearner,1.03873084258982,0.0625129711064958,0.916207670654498,1.16125401452515
2249,Rlearner,1.08480452953535,0.0605324931880752,0.966163022992303,1.20344603607839
2249,intercept,1.15041201238631,0.0849687646053348,0.983873233759852,1.31695079101276
2249,AIPW,1.04771590077178,0.0550178273886326,0.939880959090058,1.1555508424535
2250,Tlearner,0.819551007824717,0.0660075694976267,0.690178548902344,0.94892346674709
2250,Rlearner,0.869316169264869,0.0649432337844303,0.742029770007821,0.996602568521918
2250,intercept,1.11218590447114,0.0873732509643288,0.94093433258106,1.28343747636123
2250,AIPW,0.894870538566098,0.0606390874592539,0.77601792714596,1.01372314998624
2251,Tlearner,1.09331417415711,0.0630950270559931,0.969650193523783,1.21697815479044
2251,Rlearner,1.09077584487043,0.0578111021126551,0.97746816682306,1.2040835229178
2251,intercept,1.25799745344134,0.0822024134918747,1.09688072299727,1.41911418388542
2251,AIPW,1.09941623554332,0.0487476008754386,1.00387093782746,1.19496153325918
2252,Tlearner,0.944831784485871,0.0628971554173469,0.821555625137852,1.06810794383389
2252,Rlearner,0.973600145713188,0.0587361471818496,0.858479412646119,1.08872087878026
2252,intercept,1.18437537541116,0.074763990617336,1.03783795380118,1.33091279702114
2252,AIPW,0.956680108193119,0.0447752561479584,0.868920606143121,1.04443961024312
2253,Tlearner,0.895301213576804,0.0595015421271721,0.778680333982954,1.01192209317065
2253,Rlearner,0.878042352175082,0.0596435806759142,0.761143082141281,0.994941622208883
2253,intercept,1.14095336779208,0.0783149173605635,0.987456129765378,1.29445060581879
2253,AIPW,0.917066441622434,0.0489564604984657,0.821111779045441,1.01302110419943
2254,Tlearner,1.07941884426651,0.0598018566571268,0.962209359009917,1.19662832952311
2254,Rlearner,1.06681726704498,0.0579450465148531,0.953247062793366,1.18038747129659
2254,intercept,1.21551605336539,0.0785260765619948,1.06160494330388,1.3694271634269
2254,AIPW,1.12716442289603,0.0668379056761693,0.996162127770742,1.25816671802133
2255,Tlearner,1.0292368043157,0.062220290366044,0.907287276090627,1.15118633254077
2255,Rlearner,1.06494621101608,0.0605934918035249,0.946185149383653,1.18370727264852
2255,intercept,1.16530100303581,0.0769051479586816,1.0145669130368,1.31603509303483
2255,AIPW,1.01862850829842,0.0462486045295069,0.927981243420586,1.10927577317625
2256,Tlearner,0.974978910146319,0.0600595985559796,0.857264260050665,1.09269356024197
2256,Rlearner,0.978566090414595,0.0573862392964166,0.866091128185421,1.09104105264377
2256,intercept,1.2403498584436,0.0808730421670139,1.08183869579626,1.39886102109095
2256,AIPW,1.00226323936805,0.0430425073301464,0.917899925000958,1.08662655373513
2257,Tlearner,1.02171749364595,0.0678291771426097,0.888774749345446,1.15466023794645
2257,Rlearner,1.05700826127345,0.0653088964011655,0.92900517645711,1.18501134608979
2257,intercept,1.22808834881044,0.0889661482746515,1.05371469819213,1.40246199942876
2257,AIPW,1.0572309709412,0.058403892363797,0.942759341908162,1.17170259997425
2258,Tlearner,0.995333850688593,0.0660893135000528,0.865801176465513,1.12486652491167
2258,Rlearner,1.02919394637763,0.0643501122283018,0.903070044009047,1.15531784874621
2258,intercept,1.21479176257311,0.0824038152562525,1.05328028467086,1.37630324047537
2258,AIPW,1.01836225557047,0.0484440402379244,0.923411936704138,1.1133125744368
2260,Tlearner,1.07821288741102,0.0607181626867883,0.959207475337469,1.19721829948457
2260,Rlearner,1.05442926846793,0.0572771153913786,0.942168185162483,1.16669035177338
2260,intercept,1.2795017725801,0.0761923011166788,1.13016486239141,1.42883868276879
2260,AIPW,1.02229565139071,0.0618578664836939,0.901054233082671,1.14353706969875
2261,Tlearner,0.988533647635828,0.0624177784485826,0.866197049881606,1.11087024539005
2261,Rlearner,1.09519546187936,0.0629770898778363,0.971762633867663,1.21862828989107
2261,intercept,1.25432447589722,0.0773468280118689,1.10272469299396,1.40592425880049
2261,AIPW,1.09663401676974,0.0509863333404735,0.99670080342241,1.19656723011707
2262,Tlearner,0.0942772853493082,0.590187815864521,-1.06246957785951,1.25102414855813
2262,Rlearner,1.03450158360669,0.0576127053002274,0.92158275616632,1.14742041104705
2262,intercept,1.22780148933226,0.0774542187507249,1.07599122058084,1.37961175808368
2262,AIPW,1.02020807689098,0.0525991212648754,0.917113799211821,1.12330235457013
2264,Tlearner,1.01070839196906,0.0572684567590747,0.898464279271087,1.12295250466704
2264,Rlearner,0.93272210711814,0.0549098953173092,0.825100689901349,1.04034352433493
2264,intercept,1.16423941023881,0.0748349211733767,1.01756296473899,1.31091585573863
2264,AIPW,0.95755184145468,0.0583949356343294,0.843097767611394,1.07200591529797
2265,Tlearner,0.936191012119576,0.0631257774908932,0.812466761741336,1.05991526249782
2265,Rlearner,0.997879912299222,0.0595086684292061,0.881245065410042,1.1145147591884
2265,intercept,1.25152053145514,0.0769212831126948,1.10075481655426,1.40228624635602
2265,AIPW,1.09332001950673,0.112105266249053,0.873593697658583,1.31304634135487
2267,Tlearner,0.928206818700357,0.0612500940977875,0.808158840219004,1.04825479718171
2267,Rlearner,1.02350843050513,0.0596146698721383,0.906665824605496,1.14035103640477
2267,intercept,1.23049178534714,0.080925674440644,1.07187746344347,1.3891061072508
2267,AIPW,1.01107897683664,0.0511692544862536,0.910787238043584,1.1113707156297
2268,Tlearner,1.02085604990095,0.0643905601222883,0.894652871116902,1.14705922868499
2268,Rlearner,1.03900057766084,0.0576099730974003,0.926087105239611,1.15191405008206
2268,intercept,1.11557622737736,0.0778604069638901,0.962969829728138,1.26818262502659
2268,AIPW,1.03215464201813,0.0608899637074879,0.912810313151449,1.1514989708848
2269,Tlearner,0.897796228051112,0.0654372977169179,0.769541481280327,1.0260509748219
2269,Rlearner,0.929729547948161,0.0600313865693073,0.812070192330317,1.047388903566
2269,intercept,1.13943358392963,0.0794841985832289,0.983644554706505,1.29522261315276
2269,AIPW,0.944795937215001,0.0537980454724138,0.83935176808907,1.05024010634093
2270,Tlearner,0.920611442662631,0.0587408231991064,0.805481544770148,1.03574134055511
2270,Rlearner,0.93729146655894,0.0543196031630948,0.830827000704766,1.04375593241311
2270,intercept,1.05789270211451,0.0690742578589607,0.922507156710949,1.19327824751807
2270,AIPW,0.907375931057717,0.0456324784723943,0.817936273251824,0.99681558886361
2271,Tlearner,1.10777547963475,0.0585852535218525,0.992950492706767,1.22260046656273
2271,Rlearner,1.08072433635572,0.0571347374401382,0.968742308706892,1.19270636400454
2271,intercept,1.17166748625657,0.0736907577627411,1.0272336010416,1.31610137147154
2271,AIPW,1.18081306842413,0.0815096954633138,1.02105406531604,1.34057207153223
2272,Tlearner,0.989659488615551,0.0585617070803402,0.8748806518649,1.1044383253662
2272,Rlearner,0.963617855607471,0.0594055879026279,0.847185042837893,1.08005066837705
2272,intercept,1.22135843842833,0.0806478803365122,1.06328859296877,1.3794282838879
2272,AIPW,1.02043089638069,0.0711546091606089,0.880967862425893,1.15989393033548
2273,Tlearner,0.962341978585901,0.062789039637539,0.839277722272466,1.08540623489933
2273,Rlearner,0.974000359277991,0.0626336232585983,0.851240713469888,1.09676000508609
2273,intercept,1.14209892655245,0.0831016259894478,0.979219739613132,1.30497811349177
2273,AIPW,1.07513804391518,0.088998381353066,0.900701216463167,1.24957487136719
2274,Tlearner,1.05765220743594,0.0591615667998825,0.941697667239205,1.17360674763267
2274,Rlearner,1.06424152921625,0.0582784714564064,0.950017824087647,1.17846523434485
2274,intercept,1.19956756512183,0.07642020566897,1.04978396201065,1.34935116823301
2274,AIPW,1.03486246410263,0.0525875207983956,0.931790923337777,1.13793400486749
2275,Tlearner,1.06203508822861,0.0614968413524777,0.941503494014783,1.18256668244244
2275,Rlearner,1.02735665142808,0.0593456665376325,0.911041282375793,1.14367202048036
2275,intercept,1.26333575536582,0.0888827445632956,1.08912557602176,1.43754593470988
2275,AIPW,1.14385213769285,0.0561191701669964,1.03385856416554,1.25384571122016
2276,Tlearner,0.996976950696052,0.0658790373409851,0.867856410171552,1.12609749122055
2276,Rlearner,0.961216972775218,0.0636767577271756,0.836412820977671,1.08602112457276
2276,intercept,1.21876968879689,0.0937404787005793,1.03503835054376,1.40250102705003
2276,AIPW,0.987052670702352,0.0544746330244097,0.880282389974509,1.0938229514302
2277,Tlearner,0.905725804946225,0.0647298000787038,0.778857728065488,1.03259388182696
2277,Rlearner,0.901652104894163,0.0630573065015109,0.778062055189098,1.02524215459923
2277,intercept,1.19584059151163,0.088801446260781,1.0217897568405,1.36989142618276
2277,AIPW,0.868597137858666,0.0603350978864663,0.750340346001192,0.98685392971614
2278,Tlearner,1.08049205286269,0.0610968035305175,0.960744518372359,1.20023958735303
2278,Rlearner,1.1089529028692,0.0599086332548521,0.991534139326669,1.22637166641173
2278,intercept,1.27069301553381,0.0778371155256948,1.11813226910345,1.42325376196417
2278,AIPW,1.20819968225545,0.0697117625698205,1.0715646276186,1.3448347368923
2279,Tlearner,1.0063182162278,0.0548599697950854,0.898794651236477,1.11384178121912
2279,Rlearner,1.06248600845091,0.0545084112412889,0.955651485563488,1.16932053133834
2279,intercept,1.18410504310842,0.0799795830070398,1.02734506041462,1.34086502580221
2279,AIPW,0.98680252882843,0.0669815967132658,0.855518599270429,1.11808645838643
2280,Tlearner,0.898178741931339,0.0634117710512501,0.773893954474989,1.02246352938769
2280,Rlearner,0.890837882294009,0.0614321609540488,0.770433059331606,1.01124270525641
2280,intercept,1.12562628767909,0.0757215055681177,0.977212136765575,1.2740404385926
2280,AIPW,0.899926051898225,0.048769722322455,0.804337396146213,0.995514707650237
2281,Tlearner,1.02577186181271,0.0573131616549931,0.9134401291288,1.13810359449662
2281,Rlearner,1.04912577950492,0.0540880369822287,0.943115175025282,1.15513638398456
2281,intercept,1.14540976129504,0.0799395063059712,0.988728328935333,1.30209119365474
2281,AIPW,0.987998649237713,0.0611804916640745,0.868084885576127,1.1079124128993
2282,Tlearner,1.04888493697597,0.0633017771797255,0.924815733546326,1.17295414040561
2282,Rlearner,1.04903523589834,0.063981708077035,0.923633392397999,1.17443707939869
2282,intercept,1.29137179835601,0.0795715387724346,1.13541158236204,1.44733201434998
2282,AIPW,1.05787194254349,0.0539897240065595,0.952052083490632,1.16369180159635
2283,Tlearner,1.16205182281512,0.0618512004938214,1.04082569744666,1.28327794818357
2283,Rlearner,1.15993140055837,0.0600486750875242,1.04223816006747,1.27762464104926
2283,intercept,1.23577634574114,0.0817367677535134,1.07557228094425,1.39598041053802
2283,AIPW,1.14397079822776,0.0517945173214055,1.04245354427781,1.24548805217772
2285,Tlearner,1.03439668423808,0.0588591937694589,0.919034784290879,1.14975858418529
2285,Rlearner,1.01461706423724,0.0548753923506713,0.907063271592419,1.12217085688206
2285,intercept,1.22365670565694,0.0757897176988552,1.07510885896718,1.3722045523467
2285,AIPW,0.98728856162083,0.0752976215836472,0.839705223316881,1.13487189992478
2286,Tlearner,1.02151576467441,0.0645007835443944,0.895096551952786,1.14793497739604
2286,Rlearner,1.05100399074837,0.0663996199606332,0.920863127038378,1.18114485445835
2286,intercept,1.19305032973812,0.0918671806662434,1.01299065563228,1.37311000384396
2286,AIPW,1.07706729910045,0.0494506593277438,0.980144006818071,1.17399059138283
2287,Tlearner,1.06279498826701,0.0644012980581474,0.936570763515413,1.18901921301861
2287,Rlearner,1.08537284505531,0.0573079634037031,0.97305130075671,1.1976943893539
2287,intercept,1.22694878862668,0.0721204153222802,1.08559277459501,1.36830480265835
2287,AIPW,1.13713851754523,0.0457432345313262,1.04748177786383,1.22679525722663
2288,Tlearner,1.04071982986384,0.0607096328964362,0.921731135872176,1.1597085238555
2288,Rlearner,1.05171503525265,0.0589175176906035,0.936238822520563,1.16719124798473
2288,intercept,1.25609981548109,0.0834045366770701,1.09262692359403,1.41957270736814
2288,AIPW,1.0695569099911,0.0499793712220826,0.971597342395818,1.16751647758638
2289,Tlearner,1.09251058963644,0.0600600007947899,0.974795151167207,1.21022602810568
2289,Rlearner,1.07624279060214,0.0580284013512208,0.962509213873316,1.18997636733097
2289,intercept,1.21226497337371,0.0752413999870854,1.06479182939902,1.3597381173484
2289,AIPW,1.08061107407166,0.0475298990040527,0.98745247202372,1.17376967611961
2290,Tlearner,0.97061839232691,0.0561978701909998,0.860472590744693,1.08076419390913
2290,Rlearner,1.00410606739456,0.054165795485287,0.897943059049432,1.11026907573968
2290,intercept,1.16570135041778,0.0742763615456409,1.02011968178833,1.31128301904724
2290,AIPW,1.01009714886436,0.0585609780719199,0.895317631843394,1.12487666588532
2291,Tlearner,0.913847121606441,0.0599285042039247,0.796389411719392,1.03130483149349
2291,Rlearner,0.977227131663117,0.0585362316553906,0.862498225827858,1.09195603749838
2291,intercept,1.13914051507783,0.079305129537886,0.983702461183578,1.29457856897209
2291,AIPW,0.988511646556345,0.0453251329409526,0.899674385992078,1.07734890712061
2292,Tlearner,0.95662124910085,0.055676767338206,0.84749679034235,1.06574570785935
2292,Rlearner,0.952181696191938,0.0548436502378875,0.844690116944967,1.05967327543891
2292,intercept,1.08642222083541,0.0743488088727269,0.940698555444863,1.23214588622595
2292,AIPW,0.989094210042706,0.0627096886299617,0.866183220327981,1.11200519975743
2293,Tlearner,1.0725976330807,0.0628607764733181,0.949392775152778,1.19580249100863
2293,Rlearner,1.0805721784127,0.0578213050558209,0.967244502964185,1.19389985386121
2293,intercept,1.26280747315829,0.0849145725325007,1.09637491099458,1.42924003532199
2293,AIPW,1.11055303817,0.0563432057025428,1.00012035499302,1.22098572134698
2294,Tlearner,0.996184830886154,0.0632138609306392,0.872287940138378,1.12008172163393
2294,Rlearner,0.978168157748259,0.0594942096755363,0.861561649495534,1.09477466600098
2294,intercept,1.05299997975585,0.0802876742353576,0.89563613825455,1.21036382125715
2294,AIPW,1.04114315165224,0.0926572877378096,0.859534867686133,1.22275143561835
2295,Tlearner,0.988218075631168,0.0596173882494555,0.871370141809893,1.10506600945244
2295,Rlearner,1.03055357146336,0.0565792720944286,0.919660235886788,1.14144690703993
2295,intercept,1.07249689255574,0.0738553288677257,0.927740447974997,1.21725333713648
2295,AIPW,1.11053899548781,0.0797561492994658,0.954216942860859,1.26686104811477
2296,Tlearner,1.02153593964695,0.0591215854826379,0.90565976139207,1.13741211790182
2296,Rlearner,1.03745231796005,0.0592396735535741,0.921344691339135,1.15355994458097
2296,intercept,1.1612202529802,0.0766683245168885,1.0109503369271,1.3114901690333
2296,AIPW,1.04438969628976,0.0509055168952658,0.944614883175035,1.14416450940448
2297,Tlearner,1.09376490934264,0.0603265392182448,0.975527065162942,1.21200275352235
2297,Rlearner,1.10784769255976,0.060985654606442,0.988318005957538,1.22737737916199
2297,intercept,1.23099368649894,0.0766430943809832,1.08077322151222,1.38121415148567
2297,AIPW,1.06366030366068,0.0824491449905636,0.902059979479176,1.22526062784219
2300,Tlearner,1.06014498776475,0.0590542454419037,0.944400793564434,1.17588918196507
2300,Rlearner,1.07040652625299,0.0575077255081188,0.957693455424266,1.18311959708172
2300,intercept,1.22995257258021,0.083585287345486,1.06612540938306,1.39377973577736
2300,AIPW,1.08450536470039,0.0482599683201562,0.989915826792887,1.1790949026079
2301,Tlearner,1.04317759393758,0.0624370575987899,0.920803209743296,1.16555197813186
2301,Rlearner,1.07032353935162,0.0577728556599372,0.957090822974115,1.18355625572913
2301,intercept,1.23712777952474,0.0780080912047787,1.08423192076337,1.3900236382861
2301,AIPW,1.04099539439958,0.0573672994848592,0.928555487409256,1.1534353013899
2302,Tlearner,1.10029197388982,0.0631259664404996,0.976567353177156,1.22401659460248
2302,Rlearner,1.11712052396847,0.0641840397852896,0.991322117607012,1.24291893032992
2302,intercept,1.22083271295697,0.0843971454268534,1.05541430792033,1.3862511179936
2302,AIPW,1.09018433617157,0.0567757029433045,0.978903958402697,1.20146471394045
2303,Tlearner,1.01948422456167,0.060940793298402,0.900042464507503,1.13892598461584
2303,Rlearner,1.05636901739689,0.0598189904944013,0.939125950436324,1.17361208435746
2303,intercept,1.21136482710836,0.0751298759894616,1.06411027016902,1.35861938404771
2303,AIPW,1.05516358557504,0.0693620373141344,0.919213992439339,1.19111317871075
2305,Tlearner,0.962473491186471,0.0609715646664104,0.842971420359252,1.08197556201369
2305,Rlearner,1.02599157239035,0.0542979594084095,0.919569527515854,1.13241361726485
2305,intercept,1.19776330129709,0.0809433837785149,1.0391142690912,1.35641233350297
2305,AIPW,1.00055468921013,0.0441717474786643,0.913978064151944,1.08713131426831
2306,Tlearner,1.18237152553379,0.0607895870495084,1.06322612428169,1.30151692678589
2306,Rlearner,1.15756958466469,0.0587504275255046,1.04242086263837,1.27271830669101
2306,intercept,1.27161931895025,0.0813109125112667,1.11224993042817,1.43098870747233
2306,AIPW,1.17892804411139,0.0431659149511875,1.09432285080706,1.26353323741572
2307,Tlearner,0.974984400016589,0.059015675201525,0.859315802098287,1.09065299793489
2307,Rlearner,0.97482879910596,0.056560691119683,0.863971881570686,1.08568571664123
2307,intercept,1.13309868864188,0.0744199214491643,0.98723564260152,1.27896173468224
2307,AIPW,1.03491976912588,0.0796071075048987,0.878889838416284,1.19094969983549
2308,Tlearner,1.06220710823044,0.064049003723408,0.936673367686891,1.18774084877399
2308,Rlearner,1.03973590465057,0.0578371646461782,0.926377144976144,1.15309466432499
2308,intercept,1.19680724322323,0.0793107011814422,1.0413582689076,1.35225621753885
2308,AIPW,1.0380665561521,0.0508756520632778,0.938350278108078,1.13778283419613
2309,Tlearner,1.0531793134981,0.0603245429243249,0.934945381982579,1.17141324501361
2309,Rlearner,1.0568832423536,0.0573624292774432,0.94445494690409,1.16931153780312
2309,intercept,1.17596546029691,0.0715962715140791,1.03563676812932,1.31629415246451
2309,AIPW,1.04891913772319,0.0672522285153638,0.917104769833081,1.18073350561331
2310,Tlearner,0.930682981944783,0.0614331054314253,0.810276307840738,1.05108965604883
2310,Rlearner,0.986247687725355,0.0603374555628101,0.867988447903461,1.10450692754725
2310,intercept,1.15011735407437,0.0812916935678083,0.990785634681465,1.30944907346727
2310,AIPW,0.97041649367182,0.0526427913014738,0.867236622720931,1.07359636462271
2311,Tlearner,0.936787512401577,0.0606495091806307,0.81791665872751,1.05565836607564
2311,Rlearner,0.991991380556802,0.0595869195282455,0.875203164331755,1.10877959678185
2311,intercept,1.14316180585578,0.074859068574229,0.996438031450294,1.28988558026127
2311,AIPW,0.973449110614911,0.050477328048972,0.874513547638925,1.0723846735909
2312,Tlearner,1.12396510211267,0.069661925678084,0.987430236689922,1.26049996753542
2312,Rlearner,0.995631648743191,0.0600297968884273,0.877975408842619,1.11328788864376
2312,intercept,1.16736595518397,0.0857105876155443,0.999373203457508,1.33535870691044
2312,AIPW,1.0176424472034,0.0501325354572977,0.919382677707096,1.1159022166997
2313,Tlearner,1.07614025237822,0.0638169399275706,0.951061348516623,1.20121915623981
2313,Rlearner,1.09649436374351,0.0615452064177709,0.975867975743597,1.21712075174343
2313,intercept,1.28992962007501,0.0837477466068289,1.12578403672563,1.45407520342439
2313,AIPW,1.07716553291487,0.05043641946573,0.978310150762034,1.1760209150677
2314,Tlearner,0.953742292128922,0.0703913026013934,0.81577787420533,1.09170671005251
2314,Rlearner,0.932153760798788,0.0560707626211225,0.822257085475693,1.04205043612188
2314,intercept,1.04176923970865,0.0745694725893963,0.895613073433438,1.18792540598387
2314,AIPW,0.90263380047226,0.0562273617585686,0.792428171425466,1.01283942951905
2315,Tlearner,0.931594301130722,0.0588023988806502,0.816343717120089,1.04684488514135
2315,Rlearner,1.03516761972942,0.0597360724463908,0.918087069156615,1.15224817030222
2315,intercept,1.18084098741432,0.0758549894678456,1.03216520805734,1.32951676677129
2315,AIPW,1.02719265775185,0.0487517670361354,0.93163919436102,1.12274612114267
2316,Tlearner,0.9700819879907,0.0605761582124909,0.851354899572417,1.08880907640898
2316,Rlearner,1.04662846032837,0.058416725208886,0.932133782824179,1.16112313783256
2316,intercept,1.19658028204398,0.0807646206554951,1.03828162555921,1.35487893852875
2316,AIPW,1.15035486331245,0.103601726383819,0.947295479600163,1.35341424702473
2317,Tlearner,0.930104780596359,0.068087779997284,0.796655184014396,1.06355437717832
2317,Rlearner,0.864513801612537,0.059735390385721,0.747434587854084,0.981593015370991
2317,intercept,1.17598971804435,0.0804135197457064,1.01837921934276,1.33360021674593
2317,AIPW,0.864430847604731,0.0575386485256437,0.751655096494469,0.977206598714992
2318,Tlearner,1.01633492503929,0.0621560164607156,0.89451137135381,1.13815847872477
2318,Rlearner,1.0823351426353,0.0632738326125453,0.958320709550893,1.2063495757197
2318,intercept,1.26083135475103,0.0780004256108001,1.10795052055386,1.4137121889482
2318,AIPW,1.10226474002358,0.0525088769076428,0.999347341284603,1.20518213876256
2319,Tlearner,1.09003543873849,0.0604213040167968,0.971611858966627,1.20845901851036
2319,Rlearner,1.09453556427712,0.0592138587906487,0.978478533661807,1.21059259489243
2319,intercept,1.1680996605293,0.0727561955307967,1.02549751728893,1.31070180376966
2319,AIPW,1.06227100491003,0.0588001821616832,0.947022647873133,1.17751936194693
2320,Tlearner,1.03220802470288,0.0625239542724902,0.909663326157772,1.15475272324799
2320,Rlearner,1.00336648797547,0.0620495580247002,0.881751588990429,1.12498138696051
2320,intercept,1.14946284300297,0.0895006447847891,0.974041579224787,1.32488410678116
2320,AIPW,0.995173657728808,0.0619089663301061,0.8738320837218,1.11651523173582
2321,Tlearner,0.943247123207027,0.0630775292697353,0.819617437604574,1.06687680880948
2321,Rlearner,0.885059537506457,0.0602733868317757,0.766925870089926,1.00319320492299
2321,intercept,1.04433712724982,0.0810247972661574,0.88552852460815,1.20314572989149
2321,AIPW,0.925158686792329,0.0531735002809426,0.820938626241681,1.02937874734298
2322,Tlearner,1.04996618207364,0.0599594555054486,0.932447808750324,1.16748455539695
2322,Rlearner,1.11706393106063,0.0547610239433189,1.00973429637518,1.22439356574607
2322,intercept,1.22339676937115,0.0754122147154338,1.0755888285289,1.3712047102134
2322,AIPW,1.10515145704861,0.046796509091535,1.0134302992292,1.19687261486801
2323,Tlearner,1.00650757534812,0.0642944397063547,0.880492789117479,1.13252236157875
2323,Rlearner,0.97337028656642,0.062181128996687,0.851497513214874,1.09524305991797
2323,intercept,1.12460147599708,0.0896900774272186,0.948808924239731,1.30039402775443
2323,AIPW,0.97176833145115,0.0513013857078156,0.871217615463832,1.07231904743847
2324,Tlearner,0.882010924269619,0.063753925601238,0.757055526218146,1.00696632232109
2324,Rlearner,0.932910220932938,0.0570176251440225,0.821157729166648,1.04466271269923
2324,intercept,1.1520573901803,0.0802419530579254,0.994783162186762,1.30933161817383
2324,AIPW,0.915644633710874,0.0583124088305796,0.801352312402938,1.02993695501881
2325,Tlearner,1.11128688892299,0.0615655916502438,0.990620546601609,1.23195323124437
2325,Rlearner,1.11803026744745,0.0626292553158588,0.995279182649801,1.2407813522451
2325,intercept,1.18520164775637,0.0875910812372927,1.01352312853127,1.35688016698146
2325,AIPW,1.04466976048656,0.0896831679388889,0.868890751326334,1.22044876964678
2326,Tlearner,1.14036606249102,0.0655314833929422,1.01192671518737,1.26880540979467
2326,Rlearner,1.11634502906252,0.0606341188322183,0.99750433991705,1.23518571820799
2326,intercept,1.27108359270152,0.0866566893615069,1.10123648155297,1.44093070385008
2326,AIPW,1.14446320556628,0.0434322443933765,1.05933600655526,1.2295904045773
2327,Tlearner,0.931406493850043,0.0649551714457041,0.804096697206838,1.05871629049325
2327,Rlearner,1.01694979359106,0.0638723755865141,0.891762237834477,1.14213734934764
2327,intercept,1.16232766403908,0.0821046091706457,1.00140263006461,1.32325269801354
2327,AIPW,0.915614835578145,0.0480763348763651,0.821385219220469,1.00984445193582
2328,Tlearner,1.01348594327311,0.0566733873632262,0.902408145159299,1.12456374138692
2328,Rlearner,1.08511325784312,0.0564315757051477,0.97450940187019,1.19571711381606
2328,intercept,1.21992479422698,0.0700748370902481,1.08257811353009,1.35727147492386
2328,AIPW,1.10282851963814,0.0459697121977662,1.01272788373052,1.19292915554577
2329,Tlearner,0.905181441957004,0.0582121395938521,0.791087744890036,1.01927513902397
2329,Rlearner,0.934718253752313,0.0561744841303784,0.824618288006654,1.04481821949797
2329,intercept,1.07520215600886,0.0774790234492814,0.923343270048269,1.22706104196945
2329,AIPW,0.772145188319684,0.164295344328023,0.450126313436759,1.09416406320261
2330,Tlearner,1.02279764328965,0.0621267170356957,0.901031515421977,1.14456377115733
2330,Rlearner,1.10135298765156,0.0588403518394886,0.986028017208501,1.21667795809463
2330,intercept,1.22655266223771,0.0803710630935122,1.06902537857443,1.38407994590099
2330,AIPW,1.11374627850558,0.0467215022992946,1.02217213399896,1.20532042301219
2331,Tlearner,1.06680038050416,0.0634084039715569,0.94252219240274,1.19107856860558
2331,Rlearner,1.1376825833177,0.0615359630789172,1.01707431192904,1.25829085470636
2331,intercept,1.26372805268379,0.0820107319347036,1.10298701809178,1.42446908727581
2331,AIPW,1.10629867649735,0.0461419915149863,1.01586037312798,1.19673697986672
2332,Tlearner,1.06680715076506,0.0714964277993614,0.926676727255041,1.20693757427507
2332,Rlearner,1.09984220232567,0.0595540667420862,0.983118376378284,1.21656602827305
2332,intercept,1.17313062372519,0.0820545065583513,1.01230379087082,1.33395745657955
2332,AIPW,1.04343906958185,0.0870169271119366,0.872885892442457,1.21399224672125
2333,Tlearner,1.09545739021716,0.0621451312883343,0.973655171077507,1.2172596093568
2333,Rlearner,1.06248241052087,0.0619662712836262,0.941030750548728,1.18393407049302
2333,intercept,1.27928644378855,0.086138711909125,1.11045456844666,1.44811831913043
2333,AIPW,1.15352929403789,0.0529780097214583,1.04969239498383,1.25736619309195
2334,Tlearner,1.11887006972662,0.0618236897687677,0.997697864388458,1.24004227506478
2334,Rlearner,1.13116151153487,0.0587934458754808,1.01592847509192,1.24639454797781
2334,intercept,1.15341451155909,0.0727479244799453,1.01082857957839,1.29600044353978
2334,AIPW,1.16331473482228,0.0519135714029828,1.06156413487244,1.26506533477213
2335,Tlearner,1.10246275162499,0.058027638983351,0.988730669109729,1.21619483414025
2335,Rlearner,1.14214150002399,0.0579979997693336,1.02846750930074,1.25581549074725
2335,intercept,1.3348543552445,0.0755484437016141,1.18677940558934,1.48292930489966
2335,AIPW,1.17148353520954,0.0644170365085126,1.04522614365285,1.29774092676622
2336,Tlearner,1.02835850893556,0.0580084457037169,0.914664044557123,1.14205297331399
2336,Rlearner,0.993555366648935,0.0574351072861892,0.88098462491981,1.10612610837806
2336,intercept,1.11025662246032,0.0771894429413622,0.958965314295254,1.26154793062539
2336,AIPW,1.00742533217603,0.0484064890203192,0.912548613696203,1.10230205065585
2337,Tlearner,1.00104359951427,0.0628778428285961,0.87780529214465,1.12428190688389
2337,Rlearner,1.03211650868284,0.0591459659712806,0.916192545548298,1.14804047181738
2337,intercept,1.08075028774305,0.0760191376248722,0.931752777998302,1.2297477974878
2337,AIPW,1.01963453231524,0.0846252672221498,0.853769008559831,1.18550005607066
2338,Tlearner,1.02004870285667,0.061478482903255,0.899553090542126,1.14054431517121
2338,Rlearner,1.02235506424972,0.0576298383649939,0.909402656619465,1.13530747187997
2338,intercept,1.09220884571652,0.0789465071395947,0.93747369172291,1.24694399971012
2338,AIPW,1.05793215303877,0.0585492162918952,0.943175689106658,1.17268861697089
2339,Tlearner,1.07742522103305,0.0615874541481536,0.956716029003157,1.19813441306294
2339,Rlearner,1.08110668256945,0.060979715363889,0.961588636668727,1.20062472847018
2339,intercept,1.22472207893447,0.0906970334334499,1.04695589340491,1.40248826446403
2339,AIPW,1.06179950399964,0.101921530761663,0.862033303706783,1.2615657042925
2340,Tlearner,0.935213891052379,0.0587282494077743,0.820108637338056,1.0503191447667
2340,Rlearner,0.909655669147173,0.060791476512454,0.79050656461575,1.0288047736786
2340,intercept,1.03051026632184,0.0816380754695561,0.870499638401505,1.19052089424217
2340,AIPW,0.942397274592758,0.0462359109447283,0.851774889141091,1.03301966004443
2341,Tlearner,1.00579569081522,0.0615731679183253,0.885114499281261,1.12647688234917
2341,Rlearner,0.987371337884897,0.0559302234047746,0.87775011436426,1.09699256140553
2341,intercept,1.18161066674994,0.0771217525221123,1.0304520318066,1.33276930169328
2341,AIPW,0.997623777578282,0.0432662129898887,0.9128220001181,1.08242555503846
2342,Tlearner,0.936911077102058,0.0635275884140651,0.812399291785807,1.06142286241831
2342,Rlearner,0.960111980306702,0.0587215608174413,0.845019835988539,1.07520412462487
2342,intercept,1.08909344485156,0.0790841001190218,0.934088608618278,1.24409828108484
2342,AIPW,0.96874568129117,0.055116982268797,0.860716396044328,1.07677496653801
2343,Tlearner,1.01062146665146,0.0605034994404948,0.892036786809452,1.12920614649347
2343,Rlearner,1.06230962964808,0.0563672113552115,0.951831925482905,1.17278733381325
2343,intercept,1.17378086999006,0.0722305998889953,1.03220889420763,1.31535284577249
2343,AIPW,1.05578838690823,0.0425149143104111,0.972459154859828,1.13911761895664
2344,Tlearner,0.994568145251645,0.0687707197937561,0.859780011264987,1.1293562792383
2344,Rlearner,1.0039795745934,0.0671392406819268,0.872389080907453,1.13557006827934
2344,intercept,1.2633160200371,0.0951890129478687,1.07674555465928,1.44988648541492
2344,AIPW,1.02842406339997,0.0626620381143322,0.905606468695881,1.15124165810406
2345,Tlearner,1.03464926513837,0.0649025876577071,0.907442530825815,1.16185599945093
2345,Rlearner,1.10408299941731,0.058871775698719,0.9886964393419,1.21946955949272
2345,intercept,1.20451681401898,0.0779797631062895,1.05167647833065,1.35735714970731
2345,AIPW,1.06522771177442,0.0487608209045851,0.969656502801436,1.16079892074741
2346,Tlearner,1.08942747882084,0.062353504731215,0.967216855237816,1.21163810240387
2346,Rlearner,1.07711751622065,0.0594585945534536,0.960580812324508,1.19365422011678
2346,intercept,1.27535409176777,0.0768885700581929,1.12465249445371,1.42605568908182
2346,AIPW,1.11475426913326,0.0506389630528862,1.0155019015496,1.21400663671691
2347,Tlearner,1.09158217582297,0.0569177431831603,0.980025449102675,1.20313890254326
2347,Rlearner,1.0909043923463,0.055219741793701,0.98267568719504,1.19913309749755
2347,intercept,1.2544548826819,0.0784302542843769,1.10073158428452,1.40817818107928
2347,AIPW,1.14090800697843,0.0570786474411404,1.02903385799379,1.25278215596306
2348,Tlearner,1.01835035991572,0.0640216259395829,0.892870278842439,1.14383044098899
2348,Rlearner,1.02431735006526,0.0626107810071759,0.901602474247273,1.14703222588325
2348,intercept,1.05197717391601,0.0824100208056393,0.890453533136958,1.21350081469506
2348,AIPW,1.06248437094971,0.0617432180519591,0.941467663567868,1.18350107833155
2349,Tlearner,1.01463102815209,0.0576158747698459,0.90170598866542,1.12755606763876
2349,Rlearner,1.06774060293472,0.0542301616971658,0.961451439132493,1.17402976673695
2349,intercept,1.16458035766328,0.0858636756387538,0.996287553411323,1.33287316191524
2349,AIPW,0.991446257023749,0.0472659888638488,0.898804918850606,1.08408759519689
2350,Tlearner,1.07152447409581,0.0601770953013185,0.953579534610991,1.18946941358063
2350,Rlearner,1.12808767688143,0.0610355946872788,1.00846010951938,1.24771524424348
2350,intercept,1.30124062767888,0.0780492995672766,1.14826400052702,1.45421725483074
2350,AIPW,1.15767111592721,0.0611241276710664,1.03786782569192,1.2774744061625
2351,Tlearner,1.06408480851053,0.0601856759355296,0.94612305129169,1.18204656572936
2351,Rlearner,1.06623754389614,0.0558453787413412,0.956782612860112,1.17569247493217
2351,intercept,1.0614840159943,0.0755652881195966,0.913376051279888,1.20959198070871
2351,AIPW,1.08311136883276,0.0495679703273066,0.985958146991243,1.18026459067429
2352,Tlearner,0.975110080966513,0.0601835750010312,0.857152441503626,1.0930677204294
2352,Rlearner,0.990893965224629,0.057502553622852,0.878191031104756,1.1035968993445
2352,intercept,1.04695934129065,0.0750067986777074,0.899946015882348,1.19397266669896
2352,AIPW,0.971054499397025,0.053284817516636,0.866616257064418,1.07549274172963
2354,Tlearner,1.01264197922163,0.0586608204502706,0.897668883835533,1.12761507460773
2354,Rlearner,1.03127926740235,0.0565367477285142,0.920469278051437,1.14208925675327
2354,intercept,1.23211364802607,0.078910377488194,1.07744930814921,1.38677798790293
2354,AIPW,1.02047393416726,0.0481800274785651,0.92604108030927,1.11490678802525
2355,Tlearner,1.03948359625127,0.060465419291515,0.920973552129784,1.15799364037275
2355,Rlearner,1.09053053448373,0.0588695287940377,0.975148378260573,1.20591269070689
2355,intercept,1.29091150776552,0.0777352658767228,1.13855038664715,1.4432726288839
2355,AIPW,1.05085868046981,0.0495457322786273,0.953749045203696,1.14796831573592
2356,Tlearner,1.10871818531855,0.0587039654719156,0.99366052724391,1.22377584339319
2356,Rlearner,1.08723287343811,0.0584418738426433,0.972688905517496,1.20177684135872
2356,intercept,1.28106748044222,0.0720921778922092,1.13976681177349,1.42236814911095
2356,AIPW,1.09879032779467,0.0388613857931872,1.02262201164002,1.17495864394932
2357,Tlearner,1.00325488641749,0.0622205808021396,0.881304788948136,1.12520498388685
2357,Rlearner,0.996101694233902,0.0624287143080133,0.873743662589055,1.11845972587875
2357,intercept,1.11779421046277,0.0813150634964825,0.958416686009666,1.27717173491588
2357,AIPW,1.01012773287836,0.0493423392997306,0.913416747850884,1.10683871790583
2358,Tlearner,1.00788634455667,0.0632524826757031,0.883913756579546,1.13185893253379
2358,Rlearner,1.04706843496529,0.0586315622518421,0.93215268459436,1.16198418533622
2358,intercept,1.22666569359864,0.0751669074603134,1.07933855497642,1.37399283222085
2358,AIPW,0.926295762967756,0.0991053170194148,0.732049341609703,1.12054218432581
2359,Tlearner,1.00365994455348,0.0609407370916345,0.884218294662551,1.12310159444441
2359,Rlearner,1.0294032984775,0.0628541870939291,0.906211355495858,1.15259524145914
2359,intercept,1.08257740655364,0.0813584425511278,0.923114859153426,1.24203995395385
2359,AIPW,1.05578941808357,0.0519281770811632,0.954010191004487,1.15756864516265
2360,Tlearner,1.11034964358748,0.0624653071992633,0.987919891193697,1.23277939598127
2360,Rlearner,1.17261792363,0.058043787414814,1.05885419077067,1.28638165648934
2360,intercept,1.36090330287411,0.0793378085746767,1.20540119806774,1.51640540768048
2360,AIPW,1.1654735378215,0.0530066727065483,1.06158045931667,1.26936661632634
2361,Tlearner,1.08119905385856,0.0618543965432326,0.959966664348367,1.20243144336876
2361,Rlearner,1.16192027169864,0.0577851779515632,1.04866340407333,1.27517713932394
2361,intercept,1.24519418918284,0.0752768946365066,1.09765147569528,1.39273690267039
2361,AIPW,1.02435576157875,0.0960088188907811,0.836178476552814,1.21253304660468
2362,Tlearner,0.978374317282068,0.0617983105686701,0.857251854262053,1.09949678030208
2362,Rlearner,1.0258059591555,0.0584527996645857,0.911240577017379,1.14037134129362
2362,intercept,1.22025148147405,0.079799360416178,1.06384473505834,1.37665822788976
2362,AIPW,1.0518562809301,0.0560674741355313,0.941964031624454,1.16174853023574
2363,Tlearner,0.994297172014024,0.0613159484377819,0.874120121398056,1.11447422262999
2363,Rlearner,0.984939934507284,0.0636494671290082,0.860189271299262,1.10969059771531
2363,intercept,1.16826396880423,0.0855519770241232,1.00058209383695,1.33594584377152
2363,AIPW,1.01406730930856,0.0616971006108229,0.893140992111348,1.13499362650577
2364,Tlearner,0.893803262025563,0.0664633964899179,0.763537398615119,1.02406912543601
2364,Rlearner,0.902454929572462,0.0615716992716908,0.781776616533017,1.02313324261191
2364,intercept,1.14153895577185,0.08355129897094,0.977778409788811,1.3052995017549
2364,AIPW,0.932053243883416,0.0504543988738309,0.833162622090708,1.03094386567612
2365,Tlearner,0.920729691253765,0.0601751549126502,0.802788554860852,1.03867082764668
2365,Rlearner,0.985147666714901,0.0580191503281675,0.871432221658077,1.09886311177172
2365,intercept,1.08760783506383,0.0791996939058471,0.932376435008367,1.24283923511929
2365,AIPW,0.993430163497452,0.0470863269105883,0.901140962752699,1.0857193642422
2366,Tlearner,1.06604500336942,0.0587899708847254,0.950818777783204,1.18127122895564
2366,Rlearner,1.08657332275046,0.0558152908033358,0.977177362989297,1.19596928251163
2366,intercept,1.22173939398766,0.0746484758638793,1.07542838129446,1.36805040668086
2366,AIPW,1.06053448408431,0.0536570560433156,0.955366654239407,1.1657023139292
2367,Tlearner,0.939786122281558,0.0599262104531502,0.822332908063416,1.0572393364997
2367,Rlearner,1.00742969230664,0.0568501361631708,0.896005472910622,1.11885391170265
2367,intercept,1.20274735890904,0.0769555796716437,1.05191442275262,1.35358029506546
2367,AIPW,1.0389738682767,0.0484905574174285,0.943932375738536,1.13401536081486
2368,Tlearner,1.01205326278599,0.060290893711934,0.893885282514869,1.13022124305712
2368,Rlearner,0.992620145242041,0.0588459135182247,0.877284274108962,1.10795601637512
2368,intercept,1.13695561582436,0.0782519684186808,0.983581757723745,1.29032947392497
2368,AIPW,1.03672600220857,0.047869834001257,0.942901127566104,1.13055087685103
2370,Tlearner,1.03902846553494,0.0594133523727757,0.922580434683508,1.15547649638636
2370,Rlearner,1.11089429533112,0.0587150382609777,0.995814934988716,1.22597365567353
2370,intercept,1.28353516855179,0.0752674562968083,1.13601095421005,1.43105938289353
2370,AIPW,1.12115902568581,0.0482613946824117,1.02656669210828,1.21575135926333
2371,Tlearner,1.00253424094968,0.0629264504502169,0.879200664392314,1.12586781750705
2371,Rlearner,1.03536333921089,0.0593024133919558,0.919132744766348,1.15159393365543
2371,intercept,1.20482002418208,0.0791565571206193,1.04967317222567,1.3599668761385
2371,AIPW,1.02030281155951,0.0471893182681118,0.927811747754016,1.11279387536501
2372,Tlearner,0.968533945784726,0.061121837193075,0.848737346217378,1.08833054535207
2372,Rlearner,0.957464528376914,0.0531637154527398,0.853265560805208,1.06166349594862
2372,intercept,1.14237763106621,0.0690437072793017,1.00705196479878,1.27770329733364
2372,AIPW,1.00344186657341,0.055764598404723,0.894143253700155,1.11274047944667
2373,Tlearner,0.994897475265194,0.067683357918898,0.86224053139142,1.12755441913897
2373,Rlearner,0.969175905967929,0.0617261438337862,0.848194887149169,1.09015692478669
2373,intercept,1.2170864856576,0.0762779567419897,1.0675816904433,1.3665912808719
2373,AIPW,0.955576170615771,0.0714086463325502,0.815615223803973,1.09553711742757
2374,Tlearner,0.974977489356851,0.061556784830406,0.854328408085174,1.09562657062853
2374,Rlearner,0.991666578202242,0.0642436283852152,0.865751380331046,1.11758177607344
2374,intercept,1.07585767754325,0.0830569046790207,0.913066144372366,1.23864921071413
2374,AIPW,0.989335056808823,0.0602630542642652,0.871219470450864,1.10745064316678
2375,Tlearner,1.01010903232082,0.0663714827842323,0.880023316463204,1.14019474817844
2375,Rlearner,0.955297487655731,0.0608714340753286,0.835991669180782,1.07460330613068
2375,intercept,1.19431775389495,0.0832271719181961,1.03119249693529,1.35744301085462
2375,AIPW,1.0079375524908,0.0465731456791327,0.916654186959704,1.0992209180219
2376,Tlearner,1.04063842829777,0.0608051350577684,0.921462553509447,1.15981430308609
2376,Rlearner,1.12271821035865,0.057148342230823,1.01070951781007,1.23472690290724
2376,intercept,1.2665160055074,0.0661650298766324,1.1368325469492,1.3961994640656
2376,AIPW,1.1368518149081,0.0434944290520535,1.05160273396607,1.22210089585012
2377,Tlearner,1.04540238703727,0.0628806549561009,0.922158567999027,1.16864620607552
2377,Rlearner,1.00911246463009,0.0618020155208764,0.887982740037185,1.13024218922299
2377,intercept,1.29815429103459,0.083090144925185,1.13529760698123,1.46101097508796
2377,AIPW,1.09861015736483,0.0620448995832849,0.977002154181591,1.22021816054807
2379,Tlearner,1.050836621418,0.0683047787735068,0.91696171504995,1.18471152778605
2379,Rlearner,1.10267694332694,0.0614160286288768,0.982303739140864,1.22305014751302
2379,intercept,1.3575388425116,0.0882639164797344,1.18454156621132,1.53053611881188
2379,AIPW,1.12103103768765,0.0515751764845137,1.019943691778,1.2221183835973
2380,Tlearner,1.03094977678891,0.064850904864569,0.903844338889524,1.1580552146883
2380,Rlearner,1.05198025986339,0.0628057285757801,0.928883293832061,1.17507722589472
2380,intercept,1.14347276099102,0.0801117706537858,0.986453690509604,1.30049183147244
2380,AIPW,1.0918263957476,0.0528374477235165,0.988264998209503,1.19538779328569
2381,Tlearner,0.943089527431839,0.0631929065069769,0.819233706599758,1.06694534826392
2381,Rlearner,0.985068143521522,0.0594971210994966,0.86845592898269,1.10168035806035
2381,intercept,1.14836970801006,0.0834694886241347,0.984769510306754,1.31196990571336
2381,AIPW,0.995191369970235,0.0521827492402627,0.89291318145932,1.09746955848115
2382,Tlearner,1.09460627852273,0.0607088358855598,0.975619146643682,1.21359341040178
2382,Rlearner,1.11500211374398,0.0560255008136456,1.00519414993341,1.22481007755454
2382,intercept,1.27872386293961,0.0681057954793083,1.14523650380016,1.41221122207905
2382,AIPW,1.10634376484778,0.0514168689578052,1.00556670169048,1.20712082800508
2383,Tlearner,1.03469059376591,0.059751984450074,0.917578856238963,1.15180233129285
2383,Rlearner,1.07302566592606,0.0568167306231416,0.96166692018539,1.18438441166673
2383,intercept,1.26780960283173,0.0775708798301623,1.11577067836461,1.41984852729885
2383,AIPW,1.08197092021178,0.0433283890177499,0.997047277736989,1.16689456268657
2384,Tlearner,1.04344478471669,0.0649234440881934,0.91619717255153,1.17069239688185
2384,Rlearner,1.0521416418648,0.0627142137200287,0.929224041654796,1.1750592420748
2384,intercept,1.15659708301789,0.0811013459731939,0.997638444910427,1.31555572112535
2384,AIPW,0.9933109416198,0.0605956991901049,0.874543371207195,1.11207851203241
2385,Tlearner,1.01537543460638,0.0619017180325479,0.894050296681432,1.13670057253133
2385,Rlearner,1.03259142353375,0.0617562313050272,0.911551434354977,1.15363141271253
2385,intercept,1.13480516252858,0.0818142270521601,0.974449277506345,1.29516104755081
2385,AIPW,1.03543328184565,0.0622334491577269,0.913455721496508,1.1574108421948
2386,Tlearner,0.890003336491209,0.0624229833436099,0.76765653733019,1.01235013565223
2386,Rlearner,0.910934095796075,0.0631253196850205,0.787210742700858,1.03465744889129
2386,intercept,1.12663817297893,0.0767170601492111,0.976272735086477,1.27700361087139
2386,AIPW,0.947051802594943,0.0505771704380669,0.847920548536332,1.04618305665355
2387,Tlearner,0.83440267968829,0.0634726196094205,0.709998631249415,0.958806728127164
2387,Rlearner,0.840942946581069,0.0614758469584112,0.720452500623487,0.961433392538651
2387,intercept,1.09528312706379,0.080521055224506,0.937461858823762,1.25310439530383
2387,AIPW,0.684772543465334,0.146281080042185,0.398061626582651,0.971483460348016
2388,Tlearner,0.96469154633429,0.0618301324861792,0.843506713502039,1.08587637916654
2388,Rlearner,0.941470316780509,0.0608870640627356,0.822133864093164,1.06080676946785
2388,intercept,1.2194699064258,0.0762037755284666,1.07011050639,1.36882930646159
2388,AIPW,0.976253114676152,0.048453589187336,0.881284079868974,1.07122214948333
2389,Tlearner,0.872783836168844,0.0667477388266773,0.741960672019071,1.00360700031862
2389,Rlearner,0.884957068343746,0.0622546598762738,0.762940177116458,1.00697395957103
2389,intercept,1.01189145322089,0.0829062998711529,0.849395105473427,1.17438780096835
2389,AIPW,0.915305193950694,0.0584543193892252,0.800734727947813,1.02987565995358
2390,Tlearner,1.08849465985412,0.0656886879541204,0.959747197272359,1.21724212243589
2390,Rlearner,1.13026489791342,0.0595752380954687,1.0134995768759,1.24703021895093
2390,intercept,1.22802917114295,0.0797356042142845,1.07174738688296,1.38431095540295
2390,AIPW,1.10141017399564,0.0478840094855413,1.00755751540398,1.1952628325873
2391,Tlearner,0.985320933550033,0.0594771475501837,0.868747866448498,1.10189400065157
2391,Rlearner,1.03377959445927,0.0611739093308601,0.913880935377261,1.15367825354127
2391,intercept,1.06552185622342,0.0779651273414479,0.912710206634181,1.21833350581266
2391,AIPW,1.04351472283229,0.0567082588321878,0.932366535521207,1.15466291014338
2392,Tlearner,1.05276866509919,0.0612100635817103,0.932799144987629,1.17273818521075
2392,Rlearner,1.07157804463666,0.0607076367425242,0.952593263034776,1.19056282623855
2392,intercept,1.28112591582367,0.083939700968307,1.11660410192578,1.44564772972155
2392,AIPW,1.1196511766326,0.0541373953829183,1.01354188168208,1.22576047158312
2394,Tlearner,1.03265684757813,0.0627899705510841,0.909590766707673,1.15572292844858
2394,Rlearner,1.01672084950213,0.0593776073265646,0.900342877653904,1.13309882135036
2394,intercept,1.14279717091682,0.0813718524834621,0.983308340049233,1.3022860017844
2394,AIPW,1.03977191708839,0.0527092079357253,0.93646186953437,1.14308196464241
2396,Tlearner,1.01473047361388,0.0582556103988515,0.900551575334733,1.12890937189302
2396,Rlearner,1.01769548074007,0.0593055138875065,0.901458809435917,1.13393215204422
2396,intercept,1.1684591826985,0.0812385671500346,1.00923159108443,1.32768677431257
2396,AIPW,0.966032508561471,0.071333618579022,0.826218616146588,1.10584640097635
2397,Tlearner,0.940590391138083,0.0665230015680152,0.810207703921272,1.07097307835489
2397,Rlearner,0.99246761611058,0.066554706228612,0.862022788900857,1.1229124433203
2397,intercept,1.25120458024579,0.0923031892949434,1.0702903292277,1.43211883126388
2397,AIPW,0.962098980943473,0.0666426594479544,0.831479368425482,1.09271859346146
2398,Tlearner,0.997472653029851,0.0614564545340276,0.877020215525634,1.11792509053407
2398,Rlearner,1.06329401631314,0.0631348257604959,0.939552031652357,1.18703600097392
2398,intercept,1.20987378130041,0.0855767365564,1.04214337764987,1.37760418495095
2398,AIPW,1.12137995322477,0.0776262409669787,0.969232520929492,1.27352738552005
2399,Tlearner,0.986205500153187,0.0592137847818587,0.870148614592438,1.10226238571394
2399,Rlearner,1.0285544359134,0.0586026127325843,0.913695425557588,1.14341344626922
2399,intercept,1.17067663822229,0.0760606430063235,1.0215977779299,1.31975549851468
2399,AIPW,1.12521730366913,0.0696555128247139,0.988692498532694,1.26174210880557
2401,Tlearner,0.898486040116627,0.0633315929760121,0.774358398800094,1.02261368143316
2401,Rlearner,0.997865462603147,0.0583579949323543,0.883485894325762,1.11224503088053
2401,intercept,1.26388224255202,0.085341875283441,1.09661216699648,1.43115231810757
2401,AIPW,0.963659175009002,0.0491978774485021,0.867231335209938,1.06008701480807
2402,Tlearner,0.999399989054279,0.0613187431158436,0.879217460969962,1.1195825171386
2402,Rlearner,1.02533155105542,0.0588683685425496,0.909951668883391,1.14071143322745
2402,intercept,1.16706542133868,0.0740739025399406,1.0218805723604,1.31225027031697
2402,AIPW,1.03797274728643,0.0491546530336909,0.941629627340394,1.13431586723246
2403,Tlearner,1.11652679828561,0.0683760476959538,0.982512207396352,1.25054138917488
2403,Rlearner,1.10718945185895,0.0592782097460871,0.991006295688609,1.22337260802929
2403,intercept,1.36429484036459,0.0829494641440016,1.20171389064235,1.52687579008683
2403,AIPW,1.09780176323438,0.0453017182185694,1.00901039552598,1.18659313094277
2404,Tlearner,1.0650702671557,0.0616930577579523,0.944154095853965,1.18598643845744
2404,Rlearner,1.07948484200542,0.0574677275815722,0.96685016567218,1.19211951833866
2404,intercept,1.18509128735665,0.0743631021821678,1.0393396070796,1.3308429676337
2404,AIPW,1.0481305405093,0.0504142832387441,0.949318545361362,1.14694253565724
2405,Tlearner,0.959450690953352,0.0610918469907829,0.839712871102386,1.07918851080432
2405,Rlearner,0.958386069607522,0.0624177167352483,0.836049592809212,1.08072254640583
2405,intercept,1.02825628764483,0.0825124212646613,0.866531941966091,1.18998063332356
2405,AIPW,1.02109649653434,0.0584103521712945,0.906612206278601,1.13558078679008
2406,Tlearner,0.900897778209578,0.0633810873544999,0.776673129693771,1.02512242672538
2406,Rlearner,0.927987267624338,0.0574402178289165,0.815406509415527,1.04056802583315
2406,intercept,1.16316864984938,0.0883835103913079,0.989936969482413,1.33640033021634
2406,AIPW,0.946832531043694,0.0495422851357888,0.849729652177548,1.04393540990984
2407,Tlearner,0.98847337764897,0.0612406844180941,0.868443841800922,1.10850291349702
2407,Rlearner,0.958637607297944,0.058859527539022,0.843275053174418,1.07400016142147
2407,intercept,1.13909135805315,0.0762305171412363,0.989679544456326,1.28850317164997
2407,AIPW,0.949441495972217,0.0538722203393466,0.843851944107098,1.05503104783734
2408,Tlearner,1.07370263657185,0.0639734266622506,0.948317024346228,1.19908824879748
2408,Rlearner,1.07268550331291,0.061355416063145,0.952431097572678,1.19293990905315
2408,intercept,1.16844589462379,0.0804376276618896,1.01078814440649,1.3261036448411
2408,AIPW,1.07382064074757,0.0608228057376518,0.954607941501769,1.19303333999336
2411,Tlearner,1.07804297449075,0.0602953376316032,0.959866284297123,1.19621966468437
2411,Rlearner,1.076922370886,0.060613055713993,0.958122964693653,1.19572177707835
2411,intercept,1.2928819067837,0.0849466559149297,1.12638646119044,1.45937735237696
2411,AIPW,1.07377755454028,0.0520181922225306,0.971821897784116,1.17573321129644
2412,Tlearner,0.871793782657472,0.061477296786099,0.751300495089838,0.992287070225106
2412,Rlearner,0.910002082736622,0.0634416780808879,0.785658678579297,1.03434548689395
2412,intercept,1.09929481148212,0.0919047564812683,0.919161488778837,1.27942813418541
2412,AIPW,1.02269483408857,0.111176276961079,0.804789331244854,1.24060033693228
2413,Tlearner,1.09074609310365,0.0578226549200594,0.977415771969845,1.20407641423745
2413,Rlearner,1.1350284768173,0.0568948061342265,1.02351670588683,1.24654024774778
2413,intercept,1.32144217312645,0.0762446712939213,1.17200261739037,1.47088172886254
2413,AIPW,1.1389766655813,0.0491418548001737,1.04265863017296,1.23529470098964
2414,Tlearner,1.01970015621346,0.0637844246387346,0.894684981146929,1.14471533127999
2414,Rlearner,1.03483460449024,0.0628657582046235,0.911619982548379,1.15804922643211
2414,intercept,1.11467947059071,0.0893234408880116,0.939605526450207,1.28975341473121
2414,AIPW,0.9542797123869,0.0849330144156453,0.787811004132235,1.12074842064156
2415,Tlearner,1.00486698617367,0.0637048784184836,0.880007718833935,1.1297262535134
2415,Rlearner,1.00739885555483,0.0561992779498547,0.897250294815954,1.1175474162937
2415,intercept,1.22411506499602,0.0732908210945811,1.08046505565064,1.3677650743414
2415,AIPW,0.958581302009211,0.0498075813476122,0.860958442567891,1.05620416145053
2416,Tlearner,1.08191041403442,0.0574799479814773,0.969251786157485,1.19456904191135
2416,Rlearner,1.07762638338699,0.057134065606695,0.965645672507517,1.18960709426646
2416,intercept,1.25730247991212,0.0799754200456919,1.10055065662256,1.41405430320167
2416,AIPW,1.09878002849552,0.0449311481496732,1.01071497812216,1.18684507886888
2417,Tlearner,1.07112066814877,0.0615608544657962,0.950463610538293,1.19177772575924
2417,Rlearner,1.11929217325157,0.0609342976342379,0.999863144465221,1.23872120203792
2417,intercept,1.3322514831549,0.0813822477481351,1.17274227756855,1.49176068874124
2417,AIPW,1.10285515648046,0.0499859852667018,1.00488262535772,1.2008276876032
2418,Tlearner,0.933141649112903,0.0692459041738132,0.797422170855317,1.06886112737049
2418,Rlearner,0.929090971963318,0.060452281235491,0.81060667795847,1.04757526596817
2418,intercept,1.22782617468487,0.0841444261095875,1.06290309951008,1.39274924985967
2418,AIPW,0.914369979724426,0.0534197150445362,0.809667338237135,1.01907262121172
2419,Tlearner,1.0954622030329,0.0621815476153903,0.973588609203771,1.21733579686203
2419,Rlearner,1.09476922698756,0.0572684080222209,0.982525209812058,1.20701324416305
2419,intercept,1.3328851047013,0.0812520052362197,1.17363117443831,1.49213903496429
2419,AIPW,1.11741117856103,0.0462981270975595,1.02666684944981,1.20815550767225
2420,Tlearner,1.04545721024871,0.0577096667630389,0.932348341833351,1.15856607866408
2420,Rlearner,1.07482310725255,0.0592508212274419,0.958693631592338,1.19095258291275
2420,intercept,1.17236828247455,0.0787173029237652,1.01808236874397,1.32665419620513
2420,AIPW,1.10199152906015,0.0458319189153564,1.01216096798605,1.19182209013424
2421,Tlearner,0.964609744136845,0.0631723800856655,0.840794154351265,1.08842533392242
2421,Rlearner,1.04526494924622,0.0598273845857378,0.928005430168951,1.1625244683235
2421,intercept,1.1646064267221,0.0783074963571117,1.01112373386216,1.31808911958204
2421,AIPW,1.10181372804112,0.0528990374942592,0.998131614552369,1.20549584152987
2422,Tlearner,0.938752368082451,0.0573504250785248,0.82634760043048,1.05115713573442
2422,Rlearner,0.980711270083547,0.0565029684920297,0.869967486819568,1.09145505334753
2422,intercept,1.08790029491512,0.0721217410181959,0.946541682519461,1.22925890731079
2422,AIPW,0.909854767216262,0.0753993786968873,0.762071984970363,1.05763754946216
2423,Tlearner,1.03916245708299,0.0631571439671836,0.915376729540897,1.16294818462508
2423,Rlearner,0.998589772259734,0.0625397529517788,0.876014108872215,1.12116543564725
2423,intercept,1.14799747063993,0.0839798032260615,0.983397056316854,1.31259788496302
2423,AIPW,0.987108911534635,0.0547360033657589,0.879826344937747,1.09439147813152
2424,Tlearner,1.04415195382156,0.0641538617801164,0.918412695263372,1.16989121237975
2424,Rlearner,1.0633987821719,0.0615781369460851,0.9427078515225,1.1840897128213
2424,intercept,1.30344424242022,0.0844274213483704,1.13796649657741,1.46892198826302
2424,AIPW,1.06398290981074,0.0487806329327534,0.968372869262541,1.15959295035893
2425,Tlearner,0.959257629590424,0.0631544972621308,0.835477089494915,1.08303816968593
2425,Rlearner,0.934014989325127,0.0596327616823626,0.817136924129037,1.05089305452122
2425,intercept,1.07091449734363,0.0849588398859126,0.904395171167241,1.23743382352002
2425,AIPW,0.902349102034389,0.0537071424895837,0.797083102754805,1.00761510131397
2426,Tlearner,0.965945215109089,0.0575503554187178,0.853148591190923,1.07874183902726
2426,Rlearner,0.963605290201282,0.0569069767421302,0.852069665317648,1.07514091508492
2426,intercept,1.09847135150952,0.0722276392027744,0.956905178672086,1.24003752434696
2426,AIPW,0.977383124748582,0.0471857496393452,0.884899055455465,1.0698671940417
2427,Tlearner,0.949569200979227,0.0587153505838919,0.834489228495156,1.0646491734633
2427,Rlearner,0.952526425720861,0.0569091017848324,0.840986635830065,1.06406621561166
2427,intercept,1.20967885345709,0.0728468023297208,1.06689912089084,1.35245858602334
2427,AIPW,0.966717868739884,0.0477476595775795,0.873132455967828,1.06030328151194
2428,Tlearner,1.06999009110723,0.0619056727579656,0.948657202062891,1.19132298015156
2428,Rlearner,1.01288231807775,0.061525003247833,0.892295527563284,1.13346910859221
2428,intercept,1.20367277857709,0.091344752500305,1.02463706367649,1.38270849347769
2428,AIPW,1.00367739247994,0.0516953384581854,0.902354529101901,1.10500025585799
2429,Tlearner,1.1121052179236,0.0615793533545011,0.991411903157517,1.23279853268969
2429,Rlearner,1.05524744676152,0.0614747738240006,0.934759104108729,1.1757357894143
2429,intercept,1.18997753981782,0.0855033648156892,1.02239094477907,1.35756413485657
2429,AIPW,1.10129555272934,0.0477911296493733,1.00762493861657,1.19496616684211
2430,Tlearner,1.04209372126361,0.0587737067989764,0.926899372699701,1.15728806982752
2430,Rlearner,1.10591501649679,0.0570758055799327,0.994048493171512,1.21778153982207
2430,intercept,1.29664208424894,0.0745726082383439,1.15047977210178,1.44280439639609
2430,AIPW,1.1090729311906,0.0447343219834713,1.021393660103,1.19675220227821
2431,Tlearner,1.04390698327071,0.0615579208433859,0.923255675454501,1.16455829108691
2431,Rlearner,1.04864144691585,0.0601347220056991,0.930779557564353,1.16650333626735
2431,intercept,1.2036519684943,0.0777687550075048,1.05122520867959,1.35607872830901
2431,AIPW,1.05788963343853,0.0505528809867461,0.958805986704506,1.15697328017255
2432,Tlearner,0.956482517975426,0.0648360814304051,0.829406133473126,1.08355890247773
2432,Rlearner,0.995595722596562,0.0624265374692015,0.873241957477387,1.11794948771574
2432,intercept,1.28388117633067,0.085017763052563,1.11724636074765,1.4505159919137
2432,AIPW,1.0178609110872,0.0493646055261261,0.921106284255991,1.11461553791841
2433,Tlearner,0.923940144142356,0.0606706144883784,0.80502792482522,1.04285236345949
2433,Rlearner,0.978301683964735,0.058389933841502,0.863859516575714,1.09274385135376
2433,intercept,1.0718056398905,0.0770651517133355,0.920757942532363,1.22285333724864
2433,AIPW,0.979306866075947,0.0439947067260502,0.893077240892888,1.065536491259
2434,Tlearner,0.937563440817723,0.0647866267561135,0.810583985695902,1.06454289593954
2434,Rlearner,0.913460106922461,0.0606142959506021,0.794658269911029,1.03226194393389
2434,intercept,1.04215956975503,0.0888040613369235,0.868103609534665,1.2162155299754
2434,AIPW,0.839912920735746,0.129829836219705,0.585446441745124,1.09437939972637
2435,Tlearner,1.02271088324993,0.0640972682460584,0.897082545980257,1.14833922051961
2435,Rlearner,1.00027662415922,0.0627621133813759,0.877265142338105,1.12328810598034
2435,intercept,1.20003388629795,0.0928857154545893,1.01797788400696,1.38208988858894
2435,AIPW,1.02329120601529,0.0670518322232244,0.89186961485777,1.15471279717281
2436,Tlearner,1.06999358910143,0.0577163597958193,0.956871602582866,1.18311557561999
2436,Rlearner,1.07969127084953,0.0551374527095995,0.971623849339432,1.18775869235962
2436,intercept,1.27271285525506,0.0714969633760126,1.13257880703807,1.41284690347204
2436,AIPW,1.11909009215194,0.0441039050860629,1.03264643818326,1.20553374612063
2437,Tlearner,0.920929079257785,0.05820047145505,0.806858251322635,1.03499990719293
2437,Rlearner,0.929295915373493,0.0566809069519118,0.81820337913668,1.04038845161031
2437,intercept,1.05623518126105,0.0751531342287489,0.908935038172699,1.20353532434939
2437,AIPW,0.961042486328775,0.0526707871274103,0.857807743559051,1.0642772290985
2438,Tlearner,0.970335228309763,0.0612054943543002,0.850374663719366,1.09029579290016
2438,Rlearner,1.0041476413429,0.0604650210574801,0.88563837774578,1.12265690494001
2438,intercept,1.1267498406724,0.0841591227655783,0.961797960051862,1.29170172129293
2438,AIPW,0.983586068396863,0.0459915152314424,0.893442698543235,1.07372943825049
2440,Tlearner,0.958005804900674,0.065144377703011,0.830325170807498,1.08568643899385
2440,Rlearner,0.927075869355707,0.0576459954836624,0.81409179435477,1.04005994435664
2440,intercept,1.10782981946852,0.0792177225430356,0.952563083284173,1.26309655565287
2440,AIPW,0.973200502888702,0.0455167579472254,0.883987657312141,1.06241334846526
2441,Tlearner,1.10275747511978,0.0622344684884847,0.980780158285359,1.2247347919542
2441,Rlearner,1.05392112015792,0.0622928524937072,0.931829372775989,1.17601286753985
2441,intercept,1.25199315388384,0.0886905512264743,1.07815967347995,1.42582663428773
2441,AIPW,1.0810217663321,0.0505859260059389,0.981873351360462,1.18017018130374
2442,Tlearner,0.950590575071566,0.0644637018933891,0.824244041050397,1.07693710909274
2442,Rlearner,0.970902124098893,0.0616062177597513,0.850156156066048,1.09164809213174
2442,intercept,1.22360720165194,0.079474814165091,1.06783656588836,1.37937783741552
2442,AIPW,0.970182233886427,0.0481453611433356,0.875817326045489,1.06454714172736
2443,Tlearner,0.983545056730924,0.0642620309411477,0.857593790512876,1.10949632294897
2443,Rlearner,0.946694603230114,0.0612438885131545,0.826658787471145,1.06673041898908
2443,intercept,1.02418497787206,0.0815863292823691,0.864275772478619,1.18409418326551
2443,AIPW,0.925736506856724,0.0485935756903257,0.830493098503686,1.02097991520976
2444,Tlearner,0.998310285374429,0.0607327861424754,0.879276211854404,1.11734435889445
2444,Rlearner,1.01084278165401,0.0603675884088898,0.892524482539043,1.12916108076897
2444,intercept,1.14171966415594,0.0752124097111604,0.994303341122065,1.28913598718981
2444,AIPW,1.0156399207583,0.0449288991868374,0.927579278352098,1.1037005631645
2445,Tlearner,0.925982048195396,0.062997152071629,0.802509899006411,1.04945419738438
2445,Rlearner,0.96862274302647,0.0602266791066992,0.850580621068888,1.08666486498405
2445,intercept,1.12122393409876,0.0765123733954409,0.971259682243695,1.27118818595382
2445,AIPW,1.06527236990854,0.0986480887178811,0.871922116021494,1.25862262379559
2446,Tlearner,1.13730912702051,0.066742040682127,1.00649713102884,1.26812112301219
2446,Rlearner,1.07241041416656,0.0566481180161988,0.961382143062832,1.18343868527028
2446,intercept,1.20718257603848,0.072269836694981,1.06553369611632,1.34883145596065
2446,AIPW,1.02982001293424,0.0535883527347396,0.92478684157415,1.13485318429433
2447,Tlearner,0.772640123160171,0.0941416305237041,0.588125917887834,0.957154328432507
2447,Rlearner,1.01432430225653,0.055488399328834,0.905569038012237,1.12307956650082
2447,intercept,1.18243169441508,0.066244374564371,1.05259272026892,1.31227066856125
2447,AIPW,0.984726123940547,0.0473604409982015,0.891899659584072,1.07755258829702
2448,Tlearner,1.00372721312976,0.0641869966680939,0.877923011384503,1.12953141487502
2448,Rlearner,1.04254432509363,0.0605168551155759,0.923933468609475,1.16115518157779
2448,intercept,1.26953828469344,0.0840914113681851,1.1047191184118,1.43435745097508
2448,AIPW,1.04855362639737,0.0527261875117893,0.945210298874261,1.15189695392048
2449,Tlearner,1.04191421098085,0.0656037217371087,0.913333279124332,1.17049514283737
2449,Rlearner,1.04907541252812,0.0590126556943002,0.933412732735232,1.16473809232101
2449,intercept,1.29366429242317,0.089407675979183,1.11842524750397,1.46890333734236
2449,AIPW,1.07303721379111,0.0496704988779874,0.975683035990256,1.17039139159197
2450,Tlearner,1.03877855814409,0.0643910045707174,0.912574508257134,1.16498260803105
2450,Rlearner,1.02975205814122,0.0605608474688971,0.911054978228955,1.14844913805348
2450,intercept,1.20535247734597,0.0876274985482326,1.03360258019143,1.3771023745005
2450,AIPW,0.995487487334188,0.0440453855256907,0.909158531703834,1.08181644296454
2451,Tlearner,1.03867255134005,0.063477153485802,0.914259616666758,1.16308548601334
2451,Rlearner,1.00582527891012,0.0607923905436701,0.886674382910431,1.1249761749098
2451,intercept,1.16202822780327,0.0823526622305389,1.00061700983141,1.32343944577513
2451,AIPW,0.989358173263893,0.0659269453641973,0.860141360350066,1.11857498617772
2452,Tlearner,1.88645294233672,0.429788338654287,1.04408327759901,2.72882260707442
2452,Rlearner,1.08469468234177,0.0590635119734898,0.968932326073281,1.20045703861026
2452,intercept,1.27283533307346,0.0744869671958307,1.12684087736963,1.41882978877729
2452,AIPW,1.06066500263852,0.0701386157545697,0.923193315759564,1.19813668951748
2453,Tlearner,0.966424832985281,0.0590542662775799,0.850680597947787,1.08216906802278
2453,Rlearner,0.950575638232374,0.0546707520229043,0.843422933259762,1.05772834320499
2453,intercept,1.08326962847784,0.0791488694682779,0.928137844320014,1.23840141263566
2453,AIPW,0.916077442333905,0.0550782267439375,0.808124117915788,1.02403076675202
2454,Tlearner,1.04359240784246,0.0597461421032225,0.926492121104936,1.16069269457999
2454,Rlearner,0.989514595098347,0.0572876963829907,0.87723277343042,1.10179641676627
2454,intercept,1.08515398944782,0.0708693748788006,0.946250014685375,1.22405796421027
2454,AIPW,0.987373418603416,0.0531620912316329,0.883175719789415,1.09157111741742
2455,Tlearner,0.945168906462324,0.0680967997702909,0.811701631450119,1.07863618147453
2455,Rlearner,1.03296138863073,0.0606305999972971,0.914127596274971,1.15179518098648
2455,intercept,1.1554676069315,0.0771016970888152,1.00434828063743,1.30658693322558
2455,AIPW,0.994468043770708,0.0525357086957432,0.891498054727051,1.09743803281436
2456,Tlearner,1.09960642936607,0.0601671386363565,0.981681004585987,1.21753185414616
2456,Rlearner,1.15442913774532,0.0568305463295584,1.04304331371765,1.26581496177299
2456,intercept,1.32583018326668,0.0726285757773555,1.18347817474306,1.4681821917903
2456,AIPW,0.916207247943906,0.289256146551387,0.349265200703188,1.48314929518462
2457,Tlearner,1.11823221605164,0.0642014232977572,0.992399738631821,1.24406469347145
2457,Rlearner,1.18557529556715,0.0602346878746062,1.06751747671291,1.30363311442139
2457,intercept,1.35789120477734,0.0760290577651007,1.20887425155774,1.50690815799694
2457,AIPW,1.26322090725916,0.0581600626168913,1.14922718453005,1.37721462998827
2458,Tlearner,1.10545962997667,0.0610500315716749,0.98580376684115,1.22511549311218
2458,Rlearner,1.0730572976481,0.059912946603049,0.955630080098453,1.19048451519775
2458,intercept,1.26003628763469,0.0882743994181251,1.08701846477516,1.43305411049421
2458,AIPW,1.10809577794709,0.0495686912891817,1.0109411430203,1.20525041287389
2459,Tlearner,1.02751735822574,0.0630604474804658,0.903921152315045,1.15111356413643
2459,Rlearner,1.06397060105168,0.0577428056714462,0.950796781569347,1.17714442053401
2459,intercept,1.14099993848388,0.0774281703276334,0.989240724641716,1.29275915232604
2459,AIPW,1.01957019582626,0.0475916011801495,0.926290657513166,1.11284973413935
2460,Tlearner,1.0011715507646,0.0612373115919582,0.881148625534305,1.1211944759949
2460,Rlearner,1.03048741393061,0.0606635295795722,0.911589080779571,1.14938574708165
2460,intercept,1.1672867109812,0.081540933937794,1.00746648046312,1.32710694149928
2460,AIPW,1.00606648319406,0.0503948012623112,0.907292672719935,1.10484029366819
2461,Tlearner,0.943293473138984,0.0603716829412482,0.824967148888067,1.0616197973899
2461,Rlearner,0.997858811785425,0.0604633075306634,0.879352906639155,1.11636471693169
2461,intercept,1.08059434892244,0.0819940242247831,0.919886061441869,1.24130263640302
2461,AIPW,0.986306328602833,0.0450173227726799,0.89807237596838,1.07454028123729
2462,Tlearner,0.953857837430536,0.0625837530274963,0.831195935479294,1.07651973938178
2462,Rlearner,0.946625291572507,0.0616180123332736,0.825856206600346,1.06739437654467
2462,intercept,1.0528479902291,0.080166769891421,0.895721121241916,1.20997485921629
2462,AIPW,0.959495891159454,0.0506973970341553,0.86012899297251,1.0588627893464
2463,Tlearner,1.0650237943764,0.0607896795379341,0.94587821185032,1.18416937690248
2463,Rlearner,1.04496488143244,0.0606834927919292,0.926027421104168,1.16390234176072
2463,intercept,1.22065896512231,0.0828838329011904,1.05820665263597,1.38311127760864
2463,AIPW,1.02889717981838,0.055254173838663,0.920598999094605,1.13719536054216
2464,Tlearner,0.959979603444687,0.0633106710743941,0.835892968301813,1.08406623858756
2464,Rlearner,0.988097179552388,0.0565950114044558,0.877172995495021,1.09902136360975
2464,intercept,1.12068563486926,0.0669433632083179,0.989476642980961,1.25189462675757
2464,AIPW,0.967941580230402,0.050654568944185,0.8686586250998,1.067224535361
2465,Tlearner,1.00318445979052,0.0623004361569144,0.881077848701833,1.12529107087921
2465,Rlearner,0.996472848886539,0.0605612718223929,0.877774937256709,1.11517076051637
2465,intercept,1.18438921801514,0.0822897209454741,1.02310136496201,1.34567707106827
2465,AIPW,0.946097308336823,0.0910812319939729,0.767578093628636,1.12461652304501
2466,Tlearner,1.08025841210507,0.0620558572536167,0.958631166858226,1.20188565735192
2466,Rlearner,1.11920076000564,0.0579342013171844,1.00565181195087,1.23274970806042
2466,intercept,1.18888887575302,0.0738978972273742,1.04404899718737,1.33372875431867
2466,AIPW,1.12217815133157,0.043682301875675,1.03656083965525,1.20779546300789
2467,Tlearner,0.890521607435562,0.0611019159914178,0.770764052705991,1.01027916216513
2467,Rlearner,0.907712864995257,0.0620918859794243,0.786015004743418,1.0294107252471
2467,intercept,1.02406363463812,0.0780944029793222,0.870998604798645,1.17712866447759
2467,AIPW,0.97753329915714,0.0768882232872741,0.826832381514082,1.1282342168002
2468,Tlearner,0.911124362663527,0.148754479291732,0.619570940712723,1.20267778461433
2468,Rlearner,0.933194835101785,0.055454199574374,0.824506601144516,1.04188306905905
2468,intercept,1.10795467589491,0.0732492921074914,0.964386063364224,1.25152328842559
2468,AIPW,0.903154183774052,0.0482964154992921,0.808493209395439,0.997815158152664
2469,Tlearner,1.04795270318896,0.0613621164194042,0.927685164991773,1.16822024138615
2469,Rlearner,1.06091309235505,0.0576972983797441,0.947828465525494,1.17399771918461
2469,intercept,1.21125255576311,0.0843896171661238,1.04584890611751,1.37665620540871
2469,AIPW,1.03531611838643,0.0525109356911139,0.932394684431842,1.13823755234101
2470,Tlearner,0.938457807760875,0.0615401335693795,0.817841362361107,1.05907425316064
2470,Rlearner,1.01187949317444,0.0594144111576507,0.895429387142788,1.12832959920609
2470,intercept,1.22801290095063,0.0797251079168031,1.0717516894337,1.38427411246757
2470,AIPW,0.950811294042137,0.05749541780834,0.838120275137791,1.06350231294648
2471,Tlearner,1.04969783549762,0.0603570864018018,0.931400119938312,1.16799555105692
2471,Rlearner,1.00211228904763,0.0550866557477272,0.894144427753325,1.11008015034193
2471,intercept,1.15332251877864,0.0751506387797298,1.00602726677037,1.30061777078691
2471,AIPW,0.985856969740107,0.0714537730654538,0.845807574531817,1.1259063649484
2472,Tlearner,1.00181896524743,0.0686579604478047,0.867251835517756,1.1363860949771
2472,Rlearner,0.986004021531627,0.0605357208708297,0.867356188846631,1.10465185421662
2472,intercept,1.09501818383497,0.0789976680559548,0.940182754445295,1.24985361322464
2472,AIPW,1.05198820645415,0.0758274679306342,0.903366369310103,1.20061004359819
2473,Tlearner,0.889536024479626,0.0610174888108284,0.769943943983327,1.00912810497593
2473,Rlearner,0.933331932966157,0.060172149936002,0.815396686219249,1.05126717971307
2473,intercept,1.16518521707965,0.0822764746940406,1.00392332667933,1.32644710747997
2473,AIPW,0.927019477081256,0.0633553566947544,0.802842977959537,1.05119597620297
2475,Tlearner,0.917063248286268,0.062435786560245,0.794691355281758,1.03943514129078
2475,Rlearner,0.89444629952213,0.0540679327082319,0.78847509869546,1.0004175003488
2475,intercept,1.16286064418486,0.0726853188149316,1.0203974193076,1.30532386906213
2475,AIPW,0.919096393467562,0.0433097979819425,0.834209189422955,1.00398359751217
2476,Tlearner,1.05409396399088,0.0608496802697733,0.934830782191343,1.17335714579041
2476,Rlearner,1.07226247681222,0.0592760519635749,0.956083549817892,1.18844140380656
2476,intercept,1.22424259599882,0.0769990115332514,1.07332453339364,1.37516065860399
2476,AIPW,1.07641677983467,0.0415597346913565,0.994959699839613,1.15787385982973
2477,Tlearner,0.965869151419746,0.0641026492474138,0.840230267581211,1.09150803525828
2477,Rlearner,1.00938482156987,0.0614902578387968,0.888866130805745,1.12990351233399
2477,intercept,1.15338399426856,0.0827829460348458,0.991129420040257,1.31563856849685
2477,AIPW,1.06879995721566,0.0778862335044554,0.916142939546924,1.22145697488439
2478,Tlearner,1.04337682422874,0.0596218016748705,0.926520240252601,1.16023340820487
2478,Rlearner,1.08047480262338,0.0535799497069411,0.975460030904313,1.18548957434246
2478,intercept,1.25699257887666,0.0802996705677134,1.09960522456394,1.41437993318938
2478,AIPW,1.35157032014042,0.29937782245217,0.764789788134166,1.93835085214667
2479,Tlearner,0.954722144061254,0.0602454845903207,0.836643164033063,1.07280112408945
2479,Rlearner,0.991407110301296,0.0612039586834542,0.871449555570448,1.11136466503214
2479,intercept,1.11338978828276,0.0802213648370015,0.956155913202235,1.27062366336328
2479,AIPW,1.00813214001727,0.075727011613575,0.859707197254664,1.15655708277988
2481,Tlearner,0.9858454489283,0.0659009191360214,0.856682020873611,1.11500887698299
2481,Rlearner,1.04971710041845,0.0606994544259796,0.930748355862297,1.1686858449746
2481,intercept,1.25916066288476,0.07773617083375,1.10679776805061,1.41152355771891
2481,AIPW,1.05798783909405,0.0505431109698399,0.958923341593161,1.15705233659493
2482,Tlearner,0.979684611843183,0.0625602357358526,0.857068802936577,1.10230042074979
2482,Rlearner,1.00653198099779,0.0590644796059128,0.8907677282046,1.12229623379098
2482,intercept,1.14680676312144,0.0821871911149213,0.985719868536192,1.30789365770668
2482,AIPW,1.0107606648292,0.0502647195328869,0.912241814544745,1.10927951511366
2483,Tlearner,1.00869449068377,0.0588053538516942,0.893438115036316,1.12395086633122
2483,Rlearner,0.969271115112544,0.0573438837928605,0.856879168144887,1.0816630620802
2483,intercept,1.24755357986335,0.0773088056715028,1.0960283207472,1.39907883897949
2483,AIPW,1.03584748298741,0.0553520927790399,0.927357381140496,1.14433758483433
2484,Tlearner,1.0208372691256,0.0644536159217423,0.894510503245609,1.14716403500559
2484,Rlearner,1.07410379418552,0.0573668300074449,0.961666873463701,1.18654071490735
2484,intercept,1.28398474939242,0.0711475761430902,1.14453550015197,1.42343399863288
2484,AIPW,1.06435213265771,0.0429373694968185,0.98019488844395,1.14850937687148
2485,Tlearner,1.04078436449849,0.0583030765384577,0.926512434295228,1.15505629470175
2485,Rlearner,1.07771356871486,0.0574482627117729,0.965117042825389,1.19031009460433
2485,intercept,1.17394117417069,0.0822894175099544,1.01265391585118,1.3352284324902
2485,AIPW,1.06480751331263,0.0464728329230889,0.973720760783373,1.15589426584188
2486,Tlearner,0.954061877121716,0.0587196874054045,0.838973404623673,1.06915034961976
2486,Rlearner,0.93720143324672,0.0606618638718175,0.818306364822887,1.05609650167055
2486,intercept,1.10876190719572,0.082350001693979,0.947355903875518,1.27016791051592
2486,AIPW,0.941640938666111,0.0811703945625782,0.782546965323458,1.10073491200876
2487,Tlearner,0.885218757241597,0.0619082105356882,0.763880894244325,1.00655662023887
2487,Rlearner,0.953349991139082,0.0594473047959433,0.836835414761058,1.06986456751711
2487,intercept,1.09908913447227,0.0847441521248086,0.932990596307646,1.2651876726369
2487,AIPW,0.955116363634559,0.0622751088520271,0.833057150284586,1.07717557698453
2488,Tlearner,1.08204234208851,0.057610920147221,0.969127013483746,1.19495767069328
2488,Rlearner,1.12790073241726,0.0543468385483633,1.02138288618885,1.23441857864566
2488,intercept,1.30853389483738,0.0685142089060078,1.1742460453816,1.44282174429315
2488,AIPW,1.12266858429757,0.0594019006728221,1.00624085897884,1.2390963096163
2489,Tlearner,0.936310150889053,0.0637185537583823,0.811424080375644,1.06119622140246
2489,Rlearner,0.943800658258434,0.0571967806997013,0.831697028055383,1.05590428846148
2489,intercept,1.13972435030706,0.0790533401642306,0.984779803585164,1.29466889702895
2489,AIPW,0.912883169690944,0.0599428984681127,0.795395088693443,1.03037125068844
2490,Tlearner,0.965025482634755,0.0616019531459032,0.84428787309146,1.08576309217805
2490,Rlearner,0.949138237285973,0.0571279498151022,0.837169513137761,1.06110696143418
2490,intercept,1.09063351294874,0.0790389228407098,0.935717224180949,1.24554980171653
2490,AIPW,0.970970395824437,0.0449086084985943,0.882949523167192,1.05899126848168
2491,Tlearner,0.968684629052134,0.0612016788855109,0.848731542643147,1.08863771546112
2491,Rlearner,0.917692551197412,0.0618797634996469,0.796410443366248,1.03897465902858
2491,intercept,1.09219643675966,0.0821866721173235,0.931110559409707,1.25328231410961
2491,AIPW,0.924277339158958,0.0529316355894756,0.820531333403586,1.02802334491433
2492,Tlearner,0.949226479781116,0.0593829793434495,0.832837978973269,1.06561498058896
2492,Rlearner,0.941012014616511,0.0586911385098531,0.825979496925547,1.05604453230747
2492,intercept,1.07146025374386,0.0794774649507856,0.915684422440318,1.2272360850474
2492,AIPW,0.953889706406558,0.0550604862552082,0.84597115334635,1.06180825946677
2493,Tlearner,0.990051408794019,0.0616715871738033,0.869177319063942,1.1109254985241
2493,Rlearner,1.04223610543016,0.0552715337812329,0.933905889848654,1.15056632101167
2493,intercept,1.20617865017341,0.0735592900310565,1.06200244171254,1.35035485863428
2493,AIPW,1.04193293756391,0.047008924846734,0.94979544486431,1.13407043026351
2494,Tlearner,0.999680425899525,0.0660196412797742,0.870284306718914,1.12907654508014
2494,Rlearner,1.01770133255679,0.0609978158222812,0.898147810409507,1.13725485470406
2494,intercept,1.19054592607874,0.0811397978902374,1.03151192221388,1.34957992994361
2494,AIPW,1.03941016320197,0.0629577679381391,0.916012938043213,1.16280738836072
2495,Tlearner,0.946390007052066,0.0597968029549098,0.829190426869805,1.06358958723433
2495,Rlearner,0.945578484865927,0.0599558473823885,0.828067183333865,1.06308978639799
2495,intercept,1.09720821293865,0.0775716748192005,0.945167730293013,1.24924869558428
2495,AIPW,0.957956061787336,0.0557672757568878,0.848652201303836,1.06725992227084
2496,Tlearner,0.98467676070993,0.0582190120569544,0.870569593862796,1.09878392755706
2496,Rlearner,0.961392791404561,0.0563928395172407,0.850864856964822,1.0719207258443
2496,intercept,1.13774667504374,0.0730648127034443,0.994539642144994,1.2809537079425
2496,AIPW,1.01023574940444,0.045809788384912,0.920448564170009,1.10002293463886
2497,Tlearner,0.942563381454152,0.0618453992099957,0.821348626393059,1.06377813651525
2497,Rlearner,0.972369537952911,0.0634622203544539,0.847985871679236,1.09675320422659
2497,intercept,1.07716973772213,0.0829489321414978,0.914589830724797,1.23974964471947
2497,AIPW,0.971119851999715,0.0448432932597913,0.883226997210524,1.05901270678891
2498,Tlearner,1.05816152818979,0.0581431574887961,0.94420303356431,1.17212002281527
2498,Rlearner,1.04882139304235,0.059726105262008,0.931760377791969,1.16588240829274
2498,intercept,1.19167635370846,0.0752251124059712,1.04423513339276,1.33911757402417
2498,AIPW,1.15572236065957,0.0746115293605747,1.00948376311284,1.30196095820629
2499,Tlearner,0.98426286706499,0.0621264633628298,0.862497236386997,1.10602849774298
2499,Rlearner,1.02606606878031,0.0637896233584436,0.901040704410385,1.15109143315023
2499,intercept,1.14690137488072,0.0868403881174733,0.976694214170469,1.31710853559096
2499,AIPW,0.939882378082175,0.0742001569960849,0.794450070369848,1.0853146857945
2500,Tlearner,1.0175221848888,0.0643133465376102,0.891470341949835,1.14357402782776
2500,Rlearner,1.02515488550978,0.0604733160434506,0.906629364038909,1.14368040698065
2500,intercept,1.23913328604129,0.079060896888545,1.08417392813974,1.39409264394284
2500,AIPW,1.00690520052515,0.0540854435914882,0.900897731085833,1.11291266996447
2501,Tlearner,1.04157936887071,0.0593451373521997,0.925265037002811,1.1578937007386
2501,Rlearner,1.10138521522888,0.058484817759838,0.986757078777213,1.21601335168055
2501,intercept,1.15009898394254,0.0819040644823426,0.989567017557148,1.31063095032793
2501,AIPW,1.04061105563803,0.12577324893218,0.794095487730958,1.28712662354511
2502,Tlearner,1.04455277595103,0.0601450511511151,0.926670641846521,1.16243491005553
2502,Rlearner,1.0890580379692,0.057990859344463,0.975398042221522,1.20271803371687
2502,intercept,1.27748306010423,0.0793863256496212,1.12188586183098,1.43308025837749
2502,AIPW,1.08134027161287,0.0490653263546393,0.985172231957776,1.17750831126796
2503,Tlearner,1.0999641866667,0.0615740102087558,0.979281344273833,1.22064702905956
2503,Rlearner,1.0886716951535,0.0625177093506721,0.966139236430241,1.21120415387676
2503,intercept,1.2721082815224,0.0801728513829401,1.11496949281184,1.42924707023296
2503,AIPW,1.13931044125183,0.0499038388506016,1.04149891710465,1.23712196539901
2504,Tlearner,0.951749982475619,0.122222892904937,0.712197514295646,1.19130245065559
2504,Rlearner,0.846855868225331,0.0603195357265516,0.728631750637112,0.965079985813549
2504,intercept,1.09669962452776,0.0749456242271858,0.949806201042472,1.24359304801304
2504,AIPW,0.847407622886049,0.0467933906659653,0.755692577180757,0.939122668591341
2505,Tlearner,0.99190715226211,0.0628421029417641,0.868738893783494,1.11507541074073
2505,Rlearner,0.979834009091865,0.0553672429764087,0.871316206934826,1.0883518112489
2505,intercept,1.10789759227111,0.0723141448608412,0.966161868343857,1.24963331619835
2505,AIPW,1.01424504218045,0.066844740008771,0.883229351763254,1.14526073259764
2506,Tlearner,1.09809416810882,0.0580556806398111,0.984307124956834,1.21188121126081
2506,Rlearner,1.06235225927552,0.0616721147935426,0.941477135429752,1.18322738312128
2506,intercept,1.27073262082214,0.0765823733687711,1.12063116901935,1.42083407262493
2506,AIPW,1.05103409223578,0.117752638039276,0.820238921678794,1.28182926279276
2507,Tlearner,1.16841555218167,0.0638292073029224,1.0433126047062,1.29351849965714
2507,Rlearner,1.1614591031508,0.0623352420270406,1.03928427381022,1.28363393249139
2507,intercept,1.25559440497132,0.0799709100850811,1.09885142120456,1.41233738873808
2507,AIPW,1.17119272610031,0.0468156839173521,1.0794339856223,1.26295146657832
2508,Tlearner,1.00016039830763,0.0616749821051978,0.879279654634291,1.12104114198097
2508,Rlearner,1.01700203754852,0.0634996696740134,0.892544971957266,1.14145910313978
2508,intercept,1.09770594036006,0.0914549299335987,0.918454277690209,1.27695760302992
2508,AIPW,1.0244514537566,0.0517977916615234,0.922927782100016,1.12597512541319
2509,Tlearner,1.1118794817885,0.0632069605945254,0.987996115450984,1.23576284812601
2509,Rlearner,1.1107315239666,0.0592422760841213,0.994618796479544,1.22684425145366
2509,intercept,1.29159008106289,0.0833894089305203,1.12814683955907,1.45503332256671
2509,AIPW,1.10803754925792,0.0482939424488889,1.0133814220581,1.20269367645774
2510,Tlearner,0.940471962771591,0.0569803630856808,0.828792503297641,1.05215142224554
2510,Rlearner,0.934124190901325,0.0558603017970035,0.82464001121366,1.04360837058899
2510,intercept,1.02334738581181,0.0766429504773446,0.873127202876218,1.17356756874741
2510,AIPW,0.846139602749425,0.104458475324901,0.641400991112618,1.05087821438623
2511,Tlearner,1.05801509933097,0.0638145193784578,0.932940939658456,1.18308925900348
2511,Rlearner,1.12381367522175,0.0609505286273597,1.00435283427344,1.24327451617005
2511,intercept,1.32273273697127,0.0802420485756971,1.1654583217629,1.48000715217963
2511,AIPW,1.12101128624093,0.0474419529301672,1.02802505849781,1.21399751398406
2512,Tlearner,0.973106121208206,0.0606227479366046,0.854287718608611,1.0919245238078
2512,Rlearner,0.967357382791083,0.0578878275630024,0.853899325624333,1.08081543995783
2512,intercept,1.16970757654853,0.0772035212917629,1.01838867481668,1.32102647828039
2512,AIPW,0.99171432625022,0.0515710597377633,0.890635049164204,1.09279360333624
2513,Tlearner,0.933977958263017,0.0607480490350612,0.814913970023224,1.05304194650281
2513,Rlearner,0.964008195849221,0.0566631299560152,0.852950501884118,1.07506588981432
2513,intercept,1.13462331853937,0.0770096988536857,0.983684308786145,1.28556232829259
2513,AIPW,0.940989235626197,0.0425576832912795,0.857576176375289,1.0244022948771
2514,Tlearner,1.03134320910507,0.0583663522721857,0.916947260742604,1.14573915746753
2514,Rlearner,1.07634442687576,0.0543506486396637,0.96981911300563,1.18286974074589
2514,intercept,1.13245709696666,0.0755529643586292,0.984373286823748,1.28054090710958
2514,AIPW,1.08183295226715,0.08001812024129,0.924997436594218,1.23866846794007
2515,Tlearner,1.03741100753429,0.0597038935775187,0.920393526385537,1.15442848868303
2515,Rlearner,1.04342979437231,0.0589895241873316,0.927812451499984,1.15904713724463
2515,intercept,1.10818745680682,0.0753123002120742,0.96057534839115,1.25579956522248
2515,AIPW,1.07333252667751,0.0486246613844337,0.978028190364016,1.168636862991
2516,Tlearner,0.94943595438328,0.0629165107906465,0.826121859200687,1.07275004956587
2516,Rlearner,0.963626936874406,0.057650591719564,0.850633853416638,1.07662002033217
2516,intercept,1.05925447805256,0.0840826778628098,0.89445242944145,1.22405652666366
2516,AIPW,0.896046437972322,0.0757858387194028,0.747506194082292,1.04458668186235
2517,Tlearner,1.06301240051472,0.0598766033135539,0.945656414503564,1.18036838652588
2517,Rlearner,1.0796117360419,0.0572304832953495,0.967442049965189,1.1917814221186
2517,intercept,1.25780542298191,0.0804133338791679,1.10019528857874,1.41541555738508
2517,AIPW,1.0371906498315,0.076139767605713,0.887956705324307,1.1864245943387
2518,Tlearner,0.937676380865624,0.0621753670743659,0.815814900674309,1.05953786105694
2518,Rlearner,1.01935473307447,0.0604557953864564,0.900863551460298,1.13784591468865
2518,intercept,1.09979672660596,0.0857205151497338,0.931784516912479,1.26780893629944
2518,AIPW,1.00940957310034,0.0604140289108111,0.890998076435146,1.12782106976553
2519,Tlearner,0.979836558278276,0.065030113086049,0.852379878719053,1.1072932378375
2519,Rlearner,0.987360300980419,0.0587576581345786,0.872197407220728,1.10252319474011
2519,intercept,1.11837880912157,0.082813451552361,0.956064444078945,1.2806931741642
2519,AIPW,0.937431599115268,0.0610758323030862,0.817722967801219,1.05714023042932
2520,Tlearner,0.919294998950997,0.060940454578713,0.799853902775221,1.03873609512677
2520,Rlearner,0.946283235388159,0.0564291809771166,0.835684072995917,1.0568823977804
2520,intercept,0.988897027352462,0.0736489490532672,0.844545087208059,1.13324896749687
2520,AIPW,0.894389582970295,0.0438337997431295,0.808475335473761,0.980303830466829
2522,Tlearner,1.08566563996881,0.0730909210476561,0.942410067118546,1.22892121281908
2522,Rlearner,1.10426295042011,0.0605803321704784,0.985527681194502,1.22299821964572
2522,intercept,1.24316285375472,0.0780659885901996,1.09015351611793,1.39617219139152
2522,AIPW,1.01472278488014,0.0581095663462211,0.900828034841545,1.12861753491873
2523,Tlearner,0.879484999093761,0.0626632912329322,0.756667205124469,1.00230279306305
2523,Rlearner,0.87256933858969,0.058329230702378,0.758246147167101,0.986892530012279
2523,intercept,1.01002159963125,0.0803163184255825,0.852601615517111,1.16744158374539
2523,AIPW,0.862911439291242,0.0580626029223927,0.749108737563352,0.976714141019131
2524,Tlearner,1.04714336923312,0.0609078043858938,0.927766266259362,1.16652047220689
2524,Rlearner,1.02705663795317,0.0610846648115305,0.907332894914867,1.14678038099147
2524,intercept,1.22949625307275,0.0792654937363751,1.07413588534945,1.38485662079604
2524,AIPW,0.996882343079196,0.0504803321458889,0.897940892073254,1.09582379408514
2525,Tlearner,0.897067815487828,0.0611990945874288,0.777119794210008,1.01701583676565
2525,Rlearner,0.927511349272143,0.063645487817677,0.802768485371014,1.05225421317327
2525,intercept,1.08920136781384,0.0846153548729514,0.923355272262854,1.25504746336482
2525,AIPW,0.927948931273697,0.0449421670430644,0.839862283869291,1.0160355786781
2526,Tlearner,0.953861203865829,0.0642892423095938,0.827856604345656,1.079865803386
2526,Rlearner,0.966055449732489,0.0577658010003333,0.852836560233728,1.07927433923125
2526,intercept,1.13842557604243,0.0798472998182034,0.981924868398754,1.29492628368611
2526,AIPW,1.02869311761864,0.130515975007429,0.772881806604084,1.2845044286332
2527,Tlearner,0.990497668266766,0.065135398065956,0.862834633938813,1.11816070259472
2527,Rlearner,1.00781073961469,0.0589816751236338,0.892208780624521,1.12341269860485
2527,intercept,1.26085132339945,0.0844749645316996,1.09528039291732,1.42642225388158
2527,AIPW,1.03117313840728,0.0461483550337315,0.940722362541165,1.12162391427339
2529,Tlearner,0.982777244355374,0.0606903820576841,0.863826281314338,1.10172820739641
2529,Rlearner,0.956841493190416,0.0576639068473178,0.8438223125618,1.06986067381903
2529,intercept,1.08674716223358,0.0786915294771907,0.932511764458286,1.24098256000887
2529,AIPW,0.941224739035138,0.0539641363145904,0.835455031858541,1.04699444621174
2530,Tlearner,0.944603017365299,0.0587344523475619,0.829485606112394,1.0597204286182
2530,Rlearner,0.962463491016352,0.057330707439719,0.8500973692263,1.0748296128064
2530,intercept,1.08994253026228,0.0781358184316852,0.936796326136175,1.24308873438838
2530,AIPW,0.9572207529793,0.0455137998789855,0.868013705216488,1.04642780074211
2531,Tlearner,1.02203346393877,0.0589903571694196,0.906414488451558,1.13765243942599
2531,Rlearner,1.03440699370376,0.0536719122472493,0.929211978717753,1.13960200868976
2531,intercept,1.22067819090734,0.0712817884254154,1.08096588559352,1.36039049622115
2531,AIPW,0.990808899455729,0.0523400627599322,0.888222376446262,1.0933954224652
2532,Tlearner,0.923106152305689,0.0649291752907485,0.795847307189934,1.05036499742144
2532,Rlearner,0.915019192933392,0.0595483247970663,0.798306620991448,1.03173176487533
2532,intercept,0.994812864465842,0.0779306728022862,0.842068745773361,1.14755698315832
2532,AIPW,0.838705447973053,0.0764081999107413,0.688945376148,0.988465519798106
2533,Tlearner,1.01681989317098,0.0621291589524308,0.89504897923445,1.13859080710751
2533,Rlearner,1.05883664337055,0.0619072775803331,0.937500608932169,1.18017267780892
2533,intercept,1.29174865251301,0.0906336602623543,1.1141066783988,1.46939062662722
2533,AIPW,1.09277833060525,0.0669192433467793,0.961616613645563,1.22394004756494
2534,Tlearner,1.1521586176646,0.0578924863334648,1.03869142947553,1.26562580585367
2534,Rlearner,1.13224882900884,0.0533020278184822,1.02777877418166,1.23671888383602
2534,intercept,1.31390228258395,0.0666070141894064,1.18335253477271,1.44445203039519
2534,AIPW,1.13271554754989,0.0501848160393679,1.03435330811273,1.23107778698705
2535,Tlearner,0.922243811747416,0.064751764862975,0.795332684680578,1.04915493881425
2535,Rlearner,0.927083575363333,0.0602069603200332,0.809080101517436,1.04508704920923
2535,intercept,1.15334332768678,0.0747074438901296,1.00691673766213,1.29976991771143
2535,AIPW,1.07583846255741,0.17477196418461,0.733285412755575,1.41839151235925
2536,Tlearner,1.03659660350042,0.0611861834141192,0.916673887657285,1.15651931934356
2536,Rlearner,1.03283037267159,0.058999115198611,0.917194231762579,1.14846651358059
2536,intercept,1.16674161389312,0.0807185690421336,1.00853321857054,1.3249500092157
2536,AIPW,1.05011735350021,0.0606256261900368,0.93129112616774,1.16894358083268
2538,Tlearner,0.982955492086186,0.0640692773101191,0.857382016042843,1.10852896812953
2538,Rlearner,0.93852866542304,0.0570331902081084,0.826745666691725,1.05031166415435
2538,intercept,1.15420976235199,0.0720563883612312,1.01297924116398,1.29544028354
2538,AIPW,0.962589295621032,0.0434210834536094,0.877483972051957,1.04769461919011
2539,Tlearner,0.905177527852178,0.0604795204536118,0.786639845960845,1.02371520974351
2539,Rlearner,0.856363068981368,0.059182744305972,0.74036702163542,0.972359116327316
2539,intercept,1.15452088847873,0.0726505511074571,1.01212580830811,1.29691596864935
2539,AIPW,0.906904273508318,0.0475115690913252,0.813781598089321,1.00002694892732
2540,Tlearner,0.989563576701934,0.0647197946154865,0.862715110168751,1.11641204323512
2540,Rlearner,0.938191497426344,0.0610754042828638,0.818485904690708,1.05789709016198
2540,intercept,1.12922036690334,0.086855617794696,0.958983356025732,1.29945737778094
2540,AIPW,0.944563184380542,0.0607583717832416,0.825476775685389,1.0636495930757
2541,Tlearner,0.905661396655405,0.0632231204918647,0.781746357501114,1.0295764358097
2541,Rlearner,0.964898937514008,0.061704500833497,0.843960338196333,1.08583753683168
2541,intercept,1.13476803265716,0.0760601151875896,0.985690206889483,1.28384585842483
2541,AIPW,0.903593843033187,0.0654923511286236,0.775228834821085,1.03195885124529
2542,Tlearner,0.979620307890332,0.065441920843446,0.851356499958057,1.10788411582261
2542,Rlearner,1.02467579115974,0.061988393620103,0.903180772204847,1.14617081011464
2542,intercept,1.14998865856812,0.0775046944773458,0.998079457392526,1.30189785974372
2542,AIPW,1.00293506625755,0.0451366792426459,0.91446717494196,1.09140295757313
2544,Tlearner,0.989096476291445,0.0587784212205417,0.873892887631059,1.10430006495183
2544,Rlearner,1.05601437988976,0.0595709694175387,0.939257425307248,1.17277133447227
2544,intercept,1.17793002940273,0.0771077544831487,1.02679883061576,1.3290612281897
2544,AIPW,1.03725794195294,0.0501189472621367,0.939024805319149,1.13549107858673
2545,Tlearner,0.983219959449591,0.0672140100766558,0.851482920442833,1.11495699845635
2545,Rlearner,1.06397290807632,0.0623546763975295,0.941759988069516,1.18618582808313
2545,intercept,1.19549056263039,0.0858606940817899,1.02720360223008,1.36377752303069
2545,AIPW,1.06231506749246,0.0581730992670994,0.94829579292895,1.17633434205598
2546,Tlearner,1.1345650032275,0.0589940701841619,1.01893875036511,1.25019125608988
2546,Rlearner,1.17869804224034,0.0575159639137333,1.06596882443331,1.29142726004736
2546,intercept,1.347216468962,0.0741260561670068,1.20192939887467,1.49250353904933
2546,AIPW,1.17842829799847,0.0702546291986701,1.04072922476908,1.31612737122786
2547,Tlearner,1.00409915596056,0.0645083035289277,0.877665204340085,1.13053310758104
2547,Rlearner,0.985567034714244,0.0578799832246322,0.872124352168183,1.09900971726031
2547,intercept,1.14290326121651,0.0856979588060925,0.974935261956568,1.31087126047645
2547,AIPW,0.984113046734047,0.0510539505955507,0.884047303566768,1.08417878990133
2548,Tlearner,1.0354292987286,0.0592935263764394,0.9192161225144,1.15164247494279
2548,Rlearner,1.0265651851921,0.0563653004477864,0.916091226336662,1.13703914404754
2548,intercept,1.21916796986376,0.08234501123357,1.05777174784597,1.38056419188156
2548,AIPW,1.02420983165241,0.0486370104861369,0.92888129109958,1.11953837220524
2549,Tlearner,0.681901510365948,0.153012024354365,0.382003453429826,0.98179956730207
2549,Rlearner,1.01576658709764,0.0582243633515783,0.901648931905773,1.12988424228951
2549,intercept,1.16651817183353,0.0750625704372687,1.01939553377649,1.31364080989058
2549,AIPW,1.00748042979373,0.0464710284734486,0.916397213985774,1.09856364560169
2550,Tlearner,0.943795941496629,0.0616478849183491,0.822968307333595,1.06462357565966
2550,Rlearner,0.916853884737387,0.0593513494760182,0.800527377330542,1.03318039214423
2550,intercept,1.06695018316639,0.0810211237259039,0.90814878066362,1.22575158566916
2550,AIPW,0.91975753515828,0.0596270332393927,0.80288855000907,1.03662652030749
2551,Tlearner,1.02882627710093,0.0634038604462464,0.904556994145488,1.15309556005638
2551,Rlearner,1.01660563537598,0.0583987320178628,0.902146223878162,1.1310650468738
2551,intercept,1.16500064626162,0.0822625845069477,1.003765980628,1.32623531189524
2551,AIPW,0.808244008094497,0.197446233876492,0.421249389696573,1.19523862649242
2552,Tlearner,0.895745837328622,0.0617017358365111,0.774812657305455,1.01667901735179
2552,Rlearner,0.9134852348599,0.0597799878487772,0.796318611680055,1.03065185803975
2552,intercept,1.08193044127326,0.0790151891222739,0.927060670593606,1.23680021195292
2552,AIPW,0.879413102145795,0.0625498352771453,0.756815425002591,1.002010779289
2553,Tlearner,0.954677727879471,0.0543947630696605,0.848065951315347,1.0612895044436
2553,Rlearner,0.949262513610291,0.0552164263689781,0.841040306572086,1.0574847206485
2553,intercept,1.06194987720577,0.0743329501486423,0.916257294914435,1.20764245949711
2553,AIPW,1.05221630176753,0.07985831192083,0.895694010402705,1.20873859313236
2554,Tlearner,1.00497245417501,0.0623115020591619,0.882844154316459,1.12710075403356
2554,Rlearner,0.942649038703889,0.0579798355230802,0.829010649249095,1.05628742815868
2554,intercept,1.12122340810255,0.0839735050263631,0.956635338250883,1.28581147795423
2554,AIPW,0.995904095769789,0.0581923769254414,0.881847036995924,1.10996115454365
2555,Tlearner,1.13489493144982,0.0640632581140077,1.00933325281407,1.26045661008556
2555,Rlearner,1.0943516168969,0.0617609016442368,0.973302474021475,1.21540075977232
2555,intercept,1.39242573483399,0.082157022593346,1.23139797055104,1.55345349911695
2555,AIPW,1.07495924617013,0.0602051017556687,0.956957246729017,1.19296124561124
2556,Tlearner,1.12728037490383,0.0575479727997145,1.0144884208331,1.24007232897457
2556,Rlearner,1.07543274261163,0.0564026118532463,0.964885654745273,1.18597983047798
2556,intercept,1.27577042693151,0.0814846172788555,1.11606057706495,1.43548027679806
2556,AIPW,1.13079790945501,0.0510568788768803,1.03072642685633,1.2308693920537
2557,Tlearner,0.975051794804577,0.0622605003474107,0.853023456464209,1.09708013314495
2557,Rlearner,1.10319480303245,0.0573980823047117,0.990696628933545,1.21569297713135
2557,intercept,1.33154953729569,0.0750678196505357,1.18441661078064,1.47868246381074
2557,AIPW,1.02344456527698,0.0525349775340664,0.920476009310214,1.12641312124375
2559,Tlearner,1.05340106743795,0.0635009139358412,0.928941563138326,1.17786057173758
2559,Rlearner,1.04727550527003,0.0675871370767035,0.914807150781517,1.17974385975854
2559,intercept,1.20738050557069,0.0913574837657739,1.02831983738978,1.38644117375161
2559,AIPW,1.08866452307897,0.0602905013795895,0.970495140374976,1.20683390578297
2560,Tlearner,1.01414390160818,0.0644580293578567,0.887808485552351,1.140479317664
2560,Rlearner,1.02120214140789,0.0610932077060819,0.901461654603949,1.14094262821184
2560,intercept,1.143608169624,0.0828937500880034,0.981136419451518,1.30607991979649
2560,AIPW,1.02248841658754,0.0517576346542743,0.921043452665159,1.12393338050991
2561,Tlearner,0.95259320615638,0.0600782411688559,0.834842017210911,1.07034439510185
2561,Rlearner,0.949774304068613,0.0584004663922364,0.835311493259488,1.06423711487774
2561,intercept,1.22737012293189,0.0790374757571767,1.07245667044783,1.38228357541596
2561,AIPW,0.93911420282551,0.0564421932528637,0.828487504049897,1.04974090160112
2562,Tlearner,1.02017308461854,0.0664456004459835,0.889942100813274,1.15040406842381
2562,Rlearner,1.04006653166389,0.0615714330257089,0.919388740456976,1.16074432287079
2562,intercept,1.1901619447455,0.0808907068247985,1.03161615936889,1.3487077301221
2562,AIPW,1.01382116128123,0.0461213621388837,0.923423291489021,1.10421903107344
2563,Tlearner,0.88719336846162,0.0680976542383554,0.753724418722782,1.02066231820046
2563,Rlearner,0.965999934328488,0.0593017419449951,0.849770655895809,1.08222921276117
2563,intercept,1.18859150390007,0.0793866165263967,1.03299373550833,1.34418927229181
2563,AIPW,0.977013317118773,0.047223286826248,0.884455674939327,1.06957095929822
2564,Tlearner,1.01753100674683,0.0600592842319125,0.899816972715026,1.13524504077863
2564,Rlearner,1.0472737561117,0.0603055413273745,0.929077067041856,1.16547044518155
2564,intercept,1.21742920567657,0.0826885727823456,1.05535960302317,1.37949880832996
2564,AIPW,1.07116801134253,0.047454283004773,0.978157616653176,1.16417840603189
2566,Tlearner,0.994911756457375,0.0649843130099091,0.867544843397875,1.12227866951687
2566,Rlearner,1.04989797588098,0.0626945112021353,0.927018991896454,1.17277695986551
2566,intercept,1.33344186072566,0.0881031424248079,1.16075970157303,1.50612401987828
2566,AIPW,1.03987264456953,0.0526461144687586,0.936686260210765,1.1430590289283
2567,Tlearner,0.86100392861297,0.0673724012947808,0.72895644852322,0.99305140870272
2567,Rlearner,0.910064627199887,0.0630341156872286,0.786520030655588,1.03360922374419
2567,intercept,1.12555438880554,0.0772432054689706,0.974157706086355,1.27695107152472
2567,AIPW,0.918958005445678,0.0652655262179492,0.791037574058497,1.04687843683286
2568,Tlearner,0.921751949995022,0.058960068997547,0.806192338233833,1.03731156175621
2568,Rlearner,0.95605214305465,0.0557455331453255,0.846792905790829,1.06531138031847
2568,intercept,1.15248718112355,0.0756376882790356,1.00423731209664,1.30073705015046
2568,AIPW,0.976474203058648,0.0435688916863295,0.891079175353442,1.06186923076385
2569,Tlearner,0.999000905868422,0.0660591807324074,0.869527290784681,1.12847452095216
2569,Rlearner,1.02822074259583,0.0596622332192649,0.911284914248844,1.14515657094282
2569,intercept,1.23644292952153,0.0816091287279429,1.07648903721476,1.3963968218283
2569,AIPW,1.04156149793571,0.0607267587460034,0.922537050793546,1.16058594507788
2570,Tlearner,0.864306466533463,0.0631304845795689,0.740572990430947,0.988039942635979
2570,Rlearner,0.843256618474339,0.0618919084847834,0.721950706909714,0.964562530038963
2570,intercept,0.986681482240645,0.0780128614593995,0.833776273780222,1.13958669070107
2570,AIPW,0.79079781911046,0.0542114950625917,0.684543288787781,0.89705234943314
2571,Tlearner,1.02463278793341,0.0615549556519895,0.903987291785553,1.14527828408127
2571,Rlearner,0.950556231684338,0.0647572993761388,0.823634257171028,1.07747820619765
2571,intercept,1.19703133018326,0.0848754957575053,1.03067535849855,1.36338730186797
2571,AIPW,0.981917754537467,0.0639808786155438,0.856515232451001,1.10732027662393
2572,Tlearner,1.03067865096886,0.0600436031824161,0.912995351229307,1.14836195070841
2572,Rlearner,1.02552097502299,0.0567017469755594,0.914387593090395,1.13665435695559
2572,intercept,1.19213148817314,0.0728437764348996,1.04935768636074,1.33490528998555
2572,AIPW,1.00964963249699,0.0502105300006116,0.911236993695787,1.10806227129818
2573,Tlearner,1.02255713673035,0.0643967495566401,0.89634182687789,1.14877244658281
2573,Rlearner,1.05102677465409,0.0599181928554926,0.933589274638604,1.16846427466959
2573,intercept,1.13174769332755,0.0765765207858799,0.981657712587222,1.28183767406787
2573,AIPW,0.958194450749336,0.130461453865842,0.702490001172286,1.21389890032639
2574,Tlearner,1.07722246778564,0.0596780352986286,0.960255667932222,1.19418926763907
2574,Rlearner,1.09930255850633,0.0557163291628428,0.990100559996376,1.20850455701628
2574,intercept,1.22325341494457,0.0695521768447206,1.08693114832892,1.35957568156022
2574,AIPW,1.05952459308234,0.0449200392246976,0.971481316201938,1.14756786996275
2575,Tlearner,0.996480415977344,0.0594553530333186,0.879950065343926,1.11301076661076
2575,Rlearner,1.06796514425473,0.0586904861616189,0.952933905142807,1.18299638336665
2575,intercept,1.19300627429441,0.0783252409208256,1.03948880208959,1.34652374649923
2575,AIPW,1.08374909902078,0.053922236405069,0.978061515666842,1.18943668237471
2576,Tlearner,1.11157583325324,0.0647779825191349,0.984613320524573,1.23853834598191
2576,Rlearner,1.09852067015002,0.0577315794554678,0.985368853646691,1.21167248665335
2576,intercept,1.32716805209598,0.0742423389607025,1.181653067733,1.47268303645895
2576,AIPW,1.08648937701201,0.0440092452700798,1.00023125628265,1.17274749774137
2577,Tlearner,0.897769310098323,0.0695172008643329,0.761518100098193,1.03402052009845
2577,Rlearner,0.94948356076516,0.0673655016436312,0.81744960374317,1.08151751778715
2577,intercept,1.01337785693227,0.0937241785138446,0.829678467045139,1.19707724681941
2577,AIPW,0.940716986272693,0.0528873605470108,0.837057759600551,1.04437621294483
2579,Tlearner,0.91715224712733,0.0616643430013411,0.796292355714377,1.03801213854028
2579,Rlearner,0.962982898351811,0.0594383546097291,0.846485864016422,1.0794799326872
2579,intercept,1.07817639382972,0.0844037535672859,0.912745036837836,1.2436077508216
2579,AIPW,1.01250771765026,0.0490758179288256,0.916319114509766,1.10869632079076
2581,Tlearner,1.01407078869315,0.0632221899629081,0.890157573342104,1.1379840040442
2581,Rlearner,1.00891179025635,0.0609722438292116,0.889408388294499,1.1284151922182
2581,intercept,1.22329853888,0.0778377116251773,1.07073662409465,1.37586045366535
2581,AIPW,1.02419339320409,0.0572935921472102,0.911897952595558,1.13648883381262
2582,Tlearner,1.01390090197221,0.0606066469284649,0.895114056768687,1.13268774717574
2582,Rlearner,1.03120638357389,0.0578418506669213,0.917838439467583,1.1445743276802
2582,intercept,1.15565052975299,0.0745200136895593,1.00959130292145,1.30170975658452
2582,AIPW,1.01401211859322,0.0430718959179855,0.929591202593966,1.09843303459247
2583,Tlearner,1.01283716221777,0.062617990360927,0.890108156326074,1.13556616810946
2583,Rlearner,0.957003623676401,0.0634359108594614,0.832671523065363,1.08133572428744
2583,intercept,1.22953430296517,0.0859864023521017,1.06100095435505,1.39806765157529
2583,AIPW,0.994491489670165,0.0692502524324319,0.858760994902598,1.13022198443773
2584,Tlearner,1.00080467935502,0.0592308531289735,0.884714340448653,1.11689501826139
2584,Rlearner,1.09165637588477,0.0602427197159791,0.973582814910714,1.20972993685883
2584,intercept,1.20554261974937,0.0833687428708726,1.04213988372246,1.36894535577628
2584,AIPW,1.05699601016245,0.0569247389933615,0.945423521735457,1.16856849858943
2585,Tlearner,1.0167726485894,0.0595317461380743,0.900092570221995,1.13345272695681
2585,Rlearner,1.04236650763746,0.0564413774885541,0.931743440522063,1.15298957475285
2585,intercept,1.25626249133407,0.0852883348009905,1.08909735512413,1.42342762754401
2585,AIPW,1.0417068418008,0.0514669203594381,0.940831677896302,1.1425820057053
2586,Tlearner,1.02610652689762,0.0605391397131763,0.907451993404752,1.14476106039048
2586,Rlearner,1.06021691526306,0.0598839016693725,0.942846624737354,1.17758720578877
2586,intercept,1.12804792317876,0.0802092686075615,0.970837756707936,1.28525808964958
2586,AIPW,1.0932245657234,0.0566940278251315,0.982104271186143,1.20434486026066
2587,Tlearner,1.08811282384843,0.0603843874050503,0.969761599306014,1.20646404839084
2587,Rlearner,1.10493681231321,0.0588794437726468,0.989535223089071,1.22033840153735
2587,intercept,1.27645420595406,0.0746611338556478,1.13011838359699,1.42279002831112
2587,AIPW,1.09319137582566,0.0502428338334449,0.994715421512109,1.19166733013921
2588,Tlearner,1.03145247561358,0.0634488237759789,0.907095066151228,1.15580988507592
2588,Rlearner,1.0735936359975,0.0666820083829924,0.942899301150035,1.20428797084496
2588,intercept,1.45355301657343,0.0927158150093161,1.27183001915517,1.63527601399169
2588,AIPW,1.12565830413766,0.0555530416255853,1.01677434255152,1.23454226572381
2589,Tlearner,1.03470479494359,0.0602388504683059,0.91663881755562,1.15277077233157
2589,Rlearner,1.06992937536846,0.0537261954964301,0.964627967169097,1.17523078356782
2589,intercept,1.22632783793847,0.0721327309865676,1.0849476852048,1.36770799067214
2589,AIPW,1.08431467322919,0.0502087145124235,0.985905592784837,1.18272375367354
2590,Tlearner,0.862194935648993,0.0621626088816865,0.740358461055838,0.984031410242148
2590,Rlearner,0.85380102306088,0.0603137507809907,0.735588243757614,0.972013802364147
2590,intercept,0.984801429634409,0.0818718166119087,0.824332669075068,1.14527019019375
2590,AIPW,0.84153931660876,0.0496393472988946,0.744246195902927,0.938832437314593
2591,Tlearner,0.872045127483571,0.0623031493111304,0.749933198710334,0.994157056256809
2591,Rlearner,0.926846098215215,0.0600710530477668,0.809108997728198,1.04458319870223
2591,intercept,1.12970371979419,0.0789307846456418,0.974999381888729,1.28440805769965
2591,AIPW,0.962346143751439,0.0615245240942209,0.841758076526766,1.08293421097611
2593,Tlearner,0.999635630043174,0.0670013107586372,0.868315474039269,1.13095578604708
2593,Rlearner,1.05026625871987,0.0624609578722538,0.927845030850379,1.17268748658936
2593,intercept,1.37528740312129,0.086872413156775,1.20501747333401,1.54555733290857
2593,AIPW,1.00485797860806,0.0724558947045725,0.862844424987096,1.14687153222902
2595,Tlearner,1.04132222751323,0.0644125445014278,0.915075960137847,1.16756849488861
2595,Rlearner,1.06449412205285,0.0594497274014731,0.947974797455237,1.18101344665046
2595,intercept,1.25485489072038,0.083954642391378,1.09030379163328,1.41940598980748
2595,AIPW,1.030994530637,0.0589339938494703,0.915483902692036,1.14650515858196
2596,Tlearner,0.943137832044621,0.0615803245141916,0.822442613840516,1.06383305024873
2596,Rlearner,0.961698987909516,0.0583016565930547,0.847429840748107,1.07596813507093
2596,intercept,1.08320363808176,0.0804669211960407,0.925488472537522,1.240918803626
2596,AIPW,0.986221134536594,0.0474574285058472,0.893204574665133,1.07923769440805
2597,Tlearner,1.09605342700763,0.0638758028205202,0.970859153995833,1.22124770001944
2597,Rlearner,1.04381784382397,0.0630161843250462,0.920308392103738,1.16732729554419
2597,intercept,1.21427497270163,0.0841870361234142,1.04926838189974,1.37928156350352
2597,AIPW,0.946923874689034,0.150234539515224,0.652464177239195,1.24138357213887
2598,Tlearner,0.956457954731239,0.0610876853840802,0.836728291479528,1.07618761798295
2598,Rlearner,0.963669665339612,0.0590576047686417,0.847918886979873,1.07942044369935
2598,intercept,1.21187497377789,0.0828586865524241,1.04947194813514,1.37427799942064
2598,AIPW,0.951879259046916,0.0476279992027661,0.858528380609494,1.04523013748434
2599,Tlearner,0.929884263230308,0.0575692767341982,0.81705055421526,1.04271797224536
2599,Rlearner,0.887162666519467,0.0589196469019571,0.771682280609814,1.00264305242912
2599,intercept,1.07396765444775,0.0794033284226978,0.918337130739265,1.22959817815624
2599,AIPW,0.921700703828618,0.0485703285140764,0.826502859941028,1.01689854771621
2600,Tlearner,0.952624133886047,0.0615900878278722,0.831909779938759,1.07333848783334
2600,Rlearner,1.02079807291953,0.0607242364963867,0.901780756397922,1.13981538944114
2600,intercept,1.1838624949061,0.0843163536089398,1.01860244183258,1.34912254797962
2600,AIPW,1.04165762980999,0.0464514785241511,0.950612731902652,1.13270252771732
2601,Tlearner,0.884338898745859,0.0596342122291927,0.767457990530223,1.00121980696149
2601,Rlearner,0.952551642524477,0.0576489269149535,0.839561822023787,1.06554146302517
2601,intercept,1.12964452803227,0.0717773917305099,0.988960840240466,1.27032821582406
2601,AIPW,0.855248901443982,0.141554017331738,0.577803027473775,1.13269477541419
2602,Tlearner,0.970213486043702,0.0608076600983316,0.851032662266819,1.08939430982059
2602,Rlearner,0.962474634460544,0.0598165455558681,0.845236359491443,1.07971290942964
2602,intercept,1.30149618016365,0.0828884502424283,1.13903481768849,1.46395754263881
2602,AIPW,0.96172716168145,0.0607809643309822,0.842596471592725,1.08085785177018
2603,Tlearner,0.996776161743433,0.0672837555678085,0.864902424085932,1.12864989940093
2603,Rlearner,1.02994198694923,0.0650229535086803,0.902499339903795,1.15738463399467
2603,intercept,1.26529791742206,0.085348614051121,1.09801463388186,1.43258120096226
2603,AIPW,1.03440788707808,0.0490128761527739,0.938342649818642,1.13047312433752
2604,Tlearner,1.06144449816065,0.0595296441198033,0.944768539673347,1.17812045664795
2604,Rlearner,1.08047922815812,0.055025220683421,0.972631777377248,1.18832667893899
2604,intercept,1.23245337178589,0.0737189588866886,1.08796421236799,1.3769425312038
2604,AIPW,1.14768894198619,0.0699640538596445,1.01055939642128,1.28481848755109
2605,Tlearner,1.06663873915524,0.0586554952560911,0.951676080957943,1.18160139735254
2605,Rlearner,1.07699140095147,0.0545748339663233,0.970026691915224,1.18395610998772
2605,intercept,1.23856382088439,0.0742425849039498,1.09304835447265,1.38407928729613
2605,AIPW,1.05863236761992,0.049886411243891,0.960855001581896,1.15640973365795
2607,Tlearner,1.01607005000653,0.0619411391342664,0.894667648141979,1.13747245187107
2607,Rlearner,1.00398726276511,0.0645402800873665,0.877490638241741,1.13048388728847
2607,intercept,1.11102431036294,0.0900205478365995,0.934584036603201,1.28746458412267
2607,AIPW,1.02687744262127,0.0622141332257601,0.904937741498775,1.14881714374376
2608,Tlearner,1.02884047571292,0.0645375005737039,0.902349298936225,1.15533165248961
2608,Rlearner,1.08705065494841,0.0591726726365817,0.971074347711731,1.20302696218509
2608,intercept,1.18577361088572,0.0745497473204788,1.03965610613759,1.33189111563386
2608,AIPW,1.03322168813567,0.0475086499063649,0.940104734319193,1.12633864195214
2609,Tlearner,0.983099693268709,0.0626635602782401,0.860281371980304,1.10591801455711
2609,Rlearner,0.9955522621677,0.0640499139482865,0.870016737616169,1.12108778671923
2609,intercept,1.09228607476365,0.0905947565471109,0.914720351931312,1.26985179759599
2609,AIPW,1.00817792028415,0.0448668478708212,0.920238898457339,1.09611694211096
2610,Tlearner,1.11220294795691,0.0595035068396539,0.995578217597353,1.22882767831646
2610,Rlearner,1.1107136721706,0.0575140170359836,0.997988270173845,1.22343907416735
2610,intercept,1.34092127928918,0.0791821614452902,1.18572424285641,1.49611831572195
2610,AIPW,1.11843899861389,0.0427937482738316,1.03456325199718,1.2023147452306
2611,Tlearner,0.968295983397729,0.0662428478120436,0.838462387452756,1.0981295793427
2611,Rlearner,0.983172223558735,0.0641483000624687,0.857443865766828,1.10890058135064
2611,intercept,1.13534866441249,0.0835098057498757,0.971669445142737,1.29902788368225
2611,AIPW,1.01349492593811,0.0492333099423274,0.916997638451152,1.10999221342508
2612,Tlearner,0.994033026880048,0.0657699978746499,0.865126199782458,1.12293985397764
2612,Rlearner,0.982674957118528,0.0633401634585646,0.858530517964862,1.1068193962722
2612,intercept,1.14180447395202,0.082671967849956,0.979767416966108,1.30384153093794
2612,AIPW,1.03963316828604,0.0573767637649788,0.927174711306679,1.1520916252654
2613,Tlearner,0.99483434773513,0.0696798089166201,0.858264431808922,1.13140426366134
2613,Rlearner,1.09166613005288,0.0626106270674878,0.968951555951132,1.21438070415462
2613,intercept,1.26745673147871,0.0757537592881972,1.11897936327384,1.41593409968357
2613,AIPW,1.0283503160425,0.0487877006479928,0.932726422772431,1.12397420931256
2614,Tlearner,0.988272431177069,0.0595321135508863,0.871591632693783,1.10495322966036
2614,Rlearner,0.974514361263332,0.0590572527345003,0.858764272877832,1.09026444964883
2614,intercept,1.11203455913477,0.0793811515431643,0.956447502110167,1.26762161615937
2614,AIPW,0.996603255317706,0.0423635644710506,0.913570668954447,1.07963584168097
2615,Tlearner,1.02832269225367,0.0673981222422498,0.896224800033232,1.16042058447411
2615,Rlearner,0.9981242138053,0.0626008543409123,0.875428793895674,1.12081963371493
2615,intercept,1.34752443398709,0.0832224280391289,1.1844084750304,1.51064039294378
2615,AIPW,0.989385327002779,0.0450112106113504,0.901163354204532,1.07760729980103
2616,Tlearner,1.11354454185001,0.0572637444645936,1.0013096650795,1.22577941862052
2616,Rlearner,1.11346621656549,0.0569663921313557,1.00181413965885,1.22511829347213
2616,intercept,1.3293797177014,0.0761613060223317,1.18010355789763,1.47865587750517
2616,AIPW,1.14147984102457,0.0444559219125831,1.05434623407591,1.22861344797323
2617,Tlearner,1.12669615566876,0.0592318234154597,1.01060391503582,1.2427883963017
2617,Rlearner,1.07974004400469,0.0573765119251954,0.967284147072772,1.1921959409366
2617,intercept,1.37758869572468,0.0787176198105805,1.22330216089594,1.53187523055342
2617,AIPW,1.15011716847505,0.0701709371804908,1.01258213160129,1.28765220534881
2618,Tlearner,0.964035283894949,0.0620349755746775,0.842448965986759,1.08562160180314
2618,Rlearner,0.953421622071653,0.0587549005810588,0.838264133017546,1.06857911112576
2618,intercept,1.00952982952436,0.0818173666488786,0.849167790892557,1.16989186815616
2618,AIPW,0.977343006259508,0.0544855671549605,0.870551294635785,1.08413471788323
2620,Tlearner,0.960276240269813,0.0598723307065738,0.842928628414457,1.07762385212517
2620,Rlearner,0.910016694014209,0.0614722278531966,0.789533341372504,1.03050004665591
2620,intercept,1.07595370089813,0.0833712653269825,0.912546020857244,1.23936138093902
2620,AIPW,0.958928793412082,0.0546873930751557,0.851741502984777,1.06611608383939
2621,Tlearner,1.06644556608699,0.0593442545840433,0.950132964412885,1.18275816776109
2621,Rlearner,1.01626552126487,0.0565694367551912,0.905391462598979,1.12713957993076
2621,intercept,1.16084498285339,0.0756037880222155,1.01266155832985,1.30902840737694
2621,AIPW,1.06027400454034,0.0631532390572146,0.936493655988202,1.18405435309248
2622,Tlearner,0.983305322096506,0.0652577312997927,0.85540251903612,1.11120812515689
2622,Rlearner,0.97986526120341,0.0658442345942093,0.850812932809153,1.10891758959767
2622,intercept,1.10375996491573,0.0855980094576404,0.935987866378758,1.27153206345271
2622,AIPW,0.957357445971144,0.0544753532765857,0.850585753549036,1.06412913839325
2623,Tlearner,0.88948823883727,0.0648263076289686,0.762431010633778,1.01654546704076
2623,Rlearner,0.976774810681485,0.0609303774868775,0.857353465242775,1.09619615612019
2623,intercept,1.1903947436775,0.0781690019574339,1.03718349984093,1.34360598751407
2623,AIPW,0.916200832596327,0.0748214826739757,0.769550726555334,1.06285093863732
2624,Tlearner,0.994780713620131,0.0621531947303528,0.872962690424535,1.11659873681573
2624,Rlearner,0.968047321599467,0.0562558657095653,0.857787850889598,1.07830679230934
2624,intercept,1.13134792041318,0.0737349036997362,0.986827509161701,1.27586833166467
2624,AIPW,0.956696959915102,0.0623596421038041,0.834472061391646,1.07892185843856
2625,Tlearner,1.13148689132462,0.0610169611688212,1.01189584498765,1.25107793766158
2625,Rlearner,1.14505618349495,0.0612743058662121,1.02496075081949,1.26515161617042
2625,intercept,1.19005478973843,0.0783858416565934,1.03641854009151,1.34369103938536
2625,AIPW,1.15809836616192,0.0567530564762942,1.04686237546839,1.26933435685546
2626,Tlearner,0.959661672486431,0.0610986514634336,0.839910516114135,1.07941282885873
2626,Rlearner,0.936966492929223,0.0602994090433531,0.818781822915202,1.05515116294324
2626,intercept,1.07637276516762,0.075335572512997,0.928715043042143,1.22403048729309
2626,AIPW,0.99804876450739,0.0538668058538894,0.892469825033767,1.10362770398101
2627,Tlearner,1.00889617354982,0.0646741417827717,0.882137184924547,1.13565516217509
2627,Rlearner,1.08310984775987,0.0580802584918929,0.969274632902982,1.19694506261675
2627,intercept,1.1471510941284,0.0757819961044687,0.998618381763639,1.29568380649316
2627,AIPW,1.06579776775932,0.0509822220646551,0.965872612512598,1.16572292300605
2628,Tlearner,1.09859094161899,0.0590609978942084,0.98283351285535,1.21434837038264
2628,Rlearner,1.11274926634092,0.0582580551508971,0.998565576435813,1.22693295624603
2628,intercept,1.24766984550264,0.0766164780182032,1.09750154858696,1.39783814241832
2628,AIPW,1.07836504129637,0.0698533786539968,0.941452419134537,1.2152776634582
2629,Tlearner,1.04830117988545,0.0598050570087059,0.931085422055025,1.16551693771588
2629,Rlearner,1.0661121650228,0.0609945130246053,0.94656511624001,1.18565921380558
2629,intercept,1.18088948590307,0.0847046826107524,1.01486830798599,1.34691066382014
2629,AIPW,1.24594931476704,0.147416500042969,0.957012974682824,1.53488565485126
2630,Tlearner,1.1046273205143,0.0602135607510813,0.986610910061266,1.22264373096733
2630,Rlearner,1.07607981887675,0.0593283525650188,0.959798384587217,1.19236125316628
2630,intercept,1.19892924407065,0.0732951077761402,1.05527083282941,1.34258765531188
2630,AIPW,1.17611239609146,0.0826710294384989,1.01407717839201,1.33814761379092
2631,Tlearner,1.05080735111516,0.06487179718988,0.923660965010611,1.17795373721971
2631,Rlearner,1.05499745026092,0.0568844866748554,0.943505905099152,1.16648899542268
2631,intercept,1.25142481194639,0.0799204469748248,1.09478073587573,1.40806888801704
2631,AIPW,1.07976573498241,0.0435714802010664,0.994365633788321,1.1651658361765
2632,Tlearner,0.983234620612359,0.0590846670855625,0.867430801086118,1.0990384401386
2632,Rlearner,0.997785990448471,0.0565181569562301,0.887012438341678,1.10855954255526
2632,intercept,1.17192021906896,0.0741992772224905,1.02648963571288,1.31735080242504
2632,AIPW,1.04033878000455,0.0465998492679819,0.949003075439309,1.1316744845698
2633,Tlearner,0.891974788893479,0.0596582809224673,0.775046706905871,1.00890287088109
2633,Rlearner,0.945324850782983,0.0605666435310221,0.826616410797704,1.06403329076826
2633,intercept,1.06166572507473,0.0804921533457624,0.903901104517032,1.21943034563242
2633,AIPW,0.95664020553419,0.0624641249138127,0.834210520703117,1.07906989036526
2634,Tlearner,0.85542086206662,0.0658282400835181,0.726399882337269,0.984441841795971
2634,Rlearner,0.907489571827424,0.0644252914349912,0.781218320921345,1.0337608227335
2634,intercept,1.13835490794241,0.093183186624096,0.955715862159186,1.32099395372564
2634,AIPW,0.875660644116468,0.0442397569360717,0.788950720521767,0.962370567711168
2635,Tlearner,0.966628759715404,0.0660828567956877,0.837108740400338,1.09614877903047
2635,Rlearner,1.03127930394426,0.0606756080660734,0.912357297394692,1.15020131049384
2635,intercept,1.29540708223813,0.0849979791602991,1.12881104308394,1.46200312139232
2635,AIPW,1.0041042655368,0.0731658771388285,0.860699146344699,1.14750938472891
2636,Tlearner,0.886020783534786,0.0640924368296236,0.760401915667315,1.01163965140226
2636,Rlearner,0.890996118715579,0.0585867971780272,0.776168106277093,1.00582413115407
2636,intercept,1.03856392645613,0.0799420304250128,0.881877546823101,1.19525030608915
2636,AIPW,0.86733028653276,0.0527421529714551,0.763955666708708,0.970704906356812
2637,Tlearner,1.1956923349675,0.0723833197832558,1.05382363511087,1.33756103482412
2637,Rlearner,1.15891382027824,0.0586022701094957,1.04405548145134,1.27377215910513
2637,intercept,1.33121647579617,0.0848892404220819,1.16483356456889,1.49759938702345
2637,AIPW,1.18525816609167,0.0464555704580082,1.09420524799398,1.27631108418937
2638,Tlearner,0.995172345225548,0.0609273723743365,0.875756889699188,1.11458780075191
2638,Rlearner,1.0517554569087,0.0579299561090803,0.938214829308917,1.16529608450848
2638,intercept,1.22575032795859,0.085412950193215,1.05834094557989,1.39315971033729
2638,AIPW,1.06967910567007,0.0559825879889883,0.959953233211657,1.17940497812849
2639,Tlearner,1.01844659847819,0.0634864782167912,0.894015387667991,1.14287780928839
2639,Rlearner,1.03537587915014,0.0612641491185185,0.915300353334355,1.15545140496593
2639,intercept,1.166595278437,0.082039225857172,1.00579839575694,1.32739216111705
2639,AIPW,1.01041811954541,0.0437247122680011,0.924717683500124,1.09611855559069
2640,Tlearner,0.967082984876261,0.0637838261805143,0.84206898276629,1.09209698698623
2640,Rlearner,0.992963532246093,0.0628741636041769,0.869732436023827,1.11619462846836
2640,intercept,1.14411149087814,0.0784294972010983,0.990389676363987,1.29783330539229
2640,AIPW,1.01192058225327,0.046325256639552,0.921123079239745,1.10271808526679
2641,Tlearner,1.0310499069748,0.0600325071129704,0.913388355131737,1.14871145881787
2641,Rlearner,1.07268787948313,0.0572257820115995,0.960527407753256,1.18484835121301
2641,intercept,1.20664362693138,0.0704336751653566,1.06859362360728,1.34469363025548
2641,AIPW,1.06193792872909,0.0447101297743002,0.974306074371463,1.14956978308672
2642,Tlearner,1.06886024796949,0.0576280623205281,0.955911321322427,1.18180917461656
2642,Rlearner,1.10727305527147,0.0514872612775622,1.00635987750485,1.2081862330381
2642,intercept,1.31251042561024,0.0765984887944415,1.16237738757313,1.46264346364734
2642,AIPW,1.08858798012384,0.0477016882985227,0.995092671058731,1.18208328918894
2643,Tlearner,1.03836808561295,0.0651609843441371,0.910654903101263,1.16608126812464
2643,Rlearner,0.972391086434216,0.0611295338021963,0.852579401790188,1.09220277107824
2643,intercept,1.13773556970104,0.0853662665734352,0.970417687217103,1.30505345218497
2643,AIPW,1.00264915152467,0.0562045136643226,0.892488304742599,1.11280999830674
2644,Tlearner,1.11091915703144,0.0558634673818525,1.00142877291148,1.2204095411514
2644,Rlearner,1.14623092443066,0.0515902593519276,1.0451158741478,1.24734597471352
2644,intercept,1.20002126276883,0.0694292338803011,1.06393996436344,1.33610256117422
2644,AIPW,1.13019916583429,0.0450563171677041,1.04188878418559,1.21850954748299
2645,Tlearner,0.959146017077051,0.0640612649917217,0.8335882448892,1.0847037892649
2645,Rlearner,0.986569062685771,0.0614668542260355,0.866096242159767,1.10704188321177
2645,intercept,1.11921465639661,0.0789925663124846,0.964389226424145,1.27404008636908
2645,AIPW,0.941704425443429,0.0659385983530993,0.812464772671354,1.0709440782155
2646,Tlearner,1.16551979443093,0.0594647221494923,1.04897108066724,1.28206850819462
2646,Rlearner,1.19267231128495,0.0555934747885539,1.08371110292395,1.30163351964595
2646,intercept,1.38941598067086,0.0795032002433395,1.23358970819392,1.54524225314781
2646,AIPW,1.18930675611083,0.0557561839617392,1.08002463554582,1.29858887667583
2647,Tlearner,0.998411219384677,0.062794960525345,0.875335358344386,1.12148708042497
2647,Rlearner,1.00033072496887,0.0644758295659976,0.87396042114617,1.12670102879157
2647,intercept,1.14226546835855,0.0893666286647682,0.967106876175608,1.3174240605415
2647,AIPW,1.01674345911526,0.0449866145428696,0.928569694611232,1.10491722361928
2648,Tlearner,1.12062562225845,0.0593679541657232,1.00426657025781,1.23698467425909
2648,Rlearner,1.12238354318349,0.0577614675570073,1.00917314707758,1.23559393928941
2648,intercept,1.19417160963626,0.0884701865857686,1.02077004392815,1.36757317534436
2648,AIPW,1.14969229132501,0.0496532511667257,1.05237191903822,1.24701266361179
2649,Tlearner,1.01555760612293,0.061203641829955,0.895600672413526,1.13551453983233
2649,Rlearner,1.08152744808143,0.0596241382527778,0.964666284496745,1.19838861166611
2649,intercept,1.21377037008425,0.0751927880470395,1.06639250551205,1.36114823465644
2649,AIPW,1.00344615784558,0.0692757220868952,0.867665742555263,1.13922657313589
2650,Tlearner,1.0460195370569,0.0589961272037279,0.930389252510246,1.16164982160355
2650,Rlearner,1.02744819364189,0.0588792652994599,0.912046954218768,1.14284943306501
2650,intercept,1.13151362401078,0.0756034569527134,0.983330848383464,1.2796963996381
2650,AIPW,1.05496950316206,0.0423683925712331,0.971927453722447,1.13801155260168
2651,Tlearner,0.972323624088913,0.0635941904457165,0.847681301189328,1.0969659469885
2651,Rlearner,0.977098515081551,0.058255829126708,0.862919188103684,1.09127784205942
2651,intercept,1.1283101306306,0.078046773218818,0.975338455121713,1.28128180613948
2651,AIPW,0.978616783052854,0.0777339139692238,0.826258311673175,1.13097525443253
2652,Tlearner,1.09888326581326,0.0634769505884983,0.974470728811371,1.22329580281514
2652,Rlearner,1.15244947970078,0.063148167708285,1.02868134530284,1.27621761409871
2652,intercept,1.298743264358,0.082719744751395,1.13661256464526,1.46087396407073
2652,AIPW,1.16100365683582,0.0462468246329767,1.07035988055519,1.25164743311646
2653,Tlearner,0.856078854503872,0.0616692657386548,0.735209314703079,0.976948394304665
2653,Rlearner,0.832383056595593,0.0626691568218265,0.709553766283321,0.955212346907866
2653,intercept,1.02318465935722,0.085181279556769,0.856229351425951,1.19013996728849
2653,AIPW,0.856811629496635,0.0460717039456382,0.766511089763185,0.947112169230086
2654,Tlearner,0.994213129916756,0.0611205570123278,0.874419039457566,1.11400722037595
2654,Rlearner,1.03979604273076,0.0563549296918293,0.929342410183489,1.15024967527803
2654,intercept,1.25021780688459,0.0758438106345026,1.10156393804097,1.39887167572822
2654,AIPW,1.0439149074145,0.0469930001305155,0.951808627158685,1.13602118767031
2655,Tlearner,0.957838356890251,0.058480824298877,0.843218047478237,1.07245866630226
2655,Rlearner,0.951362272823322,0.0564969837628093,0.840630219413071,1.06209432623357
2655,intercept,1.09263301098691,0.0761223067633779,0.943433289730688,1.24183273224313
2655,AIPW,0.97476138799839,0.0474216491009173,0.881814955760592,1.06770782023619
2656,Tlearner,0.953950278323991,0.064275186601495,0.82797322748547,1.07992732916251
2656,Rlearner,0.997204292247137,0.0624283744469863,0.874846926717663,1.11956165777661
2656,intercept,1.04158977584674,0.0795203736760365,0.885729843441706,1.19744970825177
2656,AIPW,0.980838075534664,0.0460276442933541,0.89062389271969,1.07105225834964
2657,Tlearner,1.05973362512796,0.0657848604194185,0.930797667977908,1.18866958227802
2657,Rlearner,1.05489547961962,0.065064143334218,0.927372101999603,1.18241885723964
2657,intercept,1.24089285364694,0.0892057580411385,1.06604956788631,1.41573613940757
2657,AIPW,1.0640828100485,0.0609090551591259,0.94470106193661,1.18346455816038
2658,Tlearner,0.960305368851542,0.0610992516454145,0.84055303614418,1.0800577015589
2658,Rlearner,0.974471772686807,0.0553288571924216,0.8660292052839,1.08291434008971
2658,intercept,1.14658089485304,0.0755305684774716,0.998540980637198,1.29462080906889
2658,AIPW,0.966006443839223,0.0449855708518469,0.877834724969604,1.05417816270884
2659,Tlearner,1.12757585165095,0.057698087360396,1.01448967844773,1.24066202485417
2659,Rlearner,1.15707677767959,0.0588205933724089,1.04179053312039,1.27236302223878
2659,intercept,1.29836059548724,0.0784358528499716,1.1446263239013,1.45209486707319
2659,AIPW,1.15841921847394,0.0585631603859161,1.04363542411754,1.27320301283033
2660,Tlearner,1.08702289334213,0.0576614163193217,0.974008594058693,1.20003719262557
2660,Rlearner,1.11239297681362,0.0581913439097429,0.998340038538536,1.2264459150887
2660,intercept,1.24092097974776,0.0765178594017666,1.09094597532029,1.39089598417522
2660,AIPW,1.09429877602773,0.0468080700410306,1.00255495874731,1.18604259330815
2661,Tlearner,1.01660501920502,0.0600423099896926,0.898924254076632,1.13428578433341
2661,Rlearner,1.01184696495649,0.0580843380346107,0.898003754342804,1.12569017557018
2661,intercept,1.06229700974365,0.078719911353316,0.908005983491147,1.21658803599615
2661,AIPW,1.00340484033121,0.0457944576188623,0.913647703398237,1.09316197726418
2662,Tlearner,1.04034889377942,0.0599908778301952,0.922768933831291,1.15792885372754
2662,Rlearner,0.99901531415008,0.0610708052886468,0.879318735277474,1.11871189302269
2662,intercept,1.21997239989974,0.08078133108033,1.0616409909823,1.37830380881719
2662,AIPW,0.955350560828005,0.0824861828684096,0.793677642405922,1.11702347925009
2663,Tlearner,0.984230323079883,0.0624577000360428,0.861815480452033,1.10664516570773
2663,Rlearner,0.920369300853392,0.0666625522346575,0.789713099355943,1.05102550235084
2663,intercept,1.15831121827898,0.0852365189098822,0.991247641215607,1.32537479534235
2663,AIPW,0.841740677857057,0.142596593929494,0.562251353755248,1.12123000195887
2665,Tlearner,0.938608784919079,0.0615126847874582,0.818046138143296,1.05917143169486
2665,Rlearner,0.928976136224046,0.0590497057494395,0.813240839657457,1.04471143279064
2665,intercept,1.16803290681008,0.0790094306923297,1.01317442265311,1.32289139096705
2665,AIPW,0.771274002277992,0.150883484728244,0.475542372210634,1.06700563234535
2666,Tlearner,1.08104541189797,0.0596802150941469,0.964074339723836,1.1980164840721
2666,Rlearner,1.06681966292621,0.0593125737329923,0.950569154579165,1.18307017127325
2666,intercept,1.13814104456763,0.0805116796089929,0.980338152534008,1.29594393660126
2666,AIPW,1.09638640790634,0.0513812037671007,0.995679248522824,1.19709356728986
2668,Tlearner,1.02056811413896,0.0605748160764499,0.901843656258979,1.13929257201894
2668,Rlearner,1.09328891572696,0.0567348998203888,0.982090555412511,1.20448727604141
2668,intercept,1.24926843854261,0.0783472023183616,1.09570792199862,1.4028289550866
2668,AIPW,1.01376216795871,0.0531990658405874,0.909491998911159,1.11803233700626
2669,Tlearner,0.992821422519545,0.0652034474752984,0.865025013800111,1.12061783123898
2669,Rlearner,1.00385463143388,0.0670709719376313,0.872397942028029,1.13531132083974
2669,intercept,1.26735725450134,0.0923776720149382,1.08629701735207,1.44841749165062
2669,AIPW,0.978708590704234,0.0616970176704057,0.857782436070238,1.09963474533823
2670,Tlearner,1.01981104085371,0.0625333357444923,0.897247954961356,1.14237412674607
2670,Rlearner,1.0272682174455,0.0587660540136027,0.912088868065308,1.1424475668257
2670,intercept,1.25931029248712,0.0725865752691797,1.11704060495953,1.40157998001471
2670,AIPW,1.05609806969358,0.0597691177834732,0.938950598837977,1.17324554054919
2671,Tlearner,0.968934757266563,0.0616182472030258,0.848165211958146,1.08970430257498
2671,Rlearner,1.03689022011754,0.0627924328697799,0.913819313191123,1.15996112704396
2671,intercept,1.1540914544346,0.0862605724786607,0.985020732376425,1.32316217649278
2671,AIPW,1.01733613730289,0.0777682205758761,0.864910424974174,1.16976184963161
2672,Tlearner,1.0613659937562,0.0635570363737058,0.936796491499635,1.18593549601277
2672,Rlearner,1.03483198721738,0.061883730278819,0.913542104641901,1.15612186979285
2672,intercept,1.22098618802677,0.0883953526505658,1.04773129683166,1.39424107922188
2672,AIPW,1.0593903284896,0.0511734275513393,0.959090410488978,1.15969024649023
2673,Tlearner,0.996503709797888,0.060356589482671,0.878206968182184,1.11480045141359
2673,Rlearner,0.955501160642164,0.0598214750732083,0.838253223996615,1.07274909728771
2673,intercept,1.11010496253744,0.0830174012693312,0.947390856049547,1.27281906902533
2673,AIPW,0.987258034732438,0.0560333148685675,0.877432737590045,1.09708333187483
2674,Tlearner,1.03028787677798,0.0611974548910726,0.91034306924596,1.15023268430999
2674,Rlearner,1.0706160593476,0.0555516074111554,0.961736909538429,1.17949520915677
2674,intercept,1.17641908032283,0.0693674057671873,1.04045896501914,1.31237919562652
2674,AIPW,1.03634444501328,0.0446340102224285,0.94886178497732,1.12382710504924
2675,Tlearner,1.06076657218486,0.0610908864127781,0.94103063503219,1.18050250933753
2675,Rlearner,1.0848166153858,0.0560840014977813,0.974893992341262,1.19473923843035
2675,intercept,1.26630899377683,0.0718029942653033,1.12557512501683,1.40704286253682
2675,AIPW,1.06788191058087,0.0498595005368401,0.970157289528668,1.16560653163308
2676,Tlearner,0.979673104088701,0.0612847236738236,0.859557252885518,1.09978895529188
2676,Rlearner,0.974137667128779,0.0603922286416571,0.855771074045023,1.09250426021254
2676,intercept,1.11754272620324,0.0786046792578076,0.963477554857933,1.27160789754854
2676,AIPW,0.961843319536754,0.0516387697604035,0.860631330806363,1.06305530826715
2677,Tlearner,0.95117415707099,0.0598094718025421,0.833949746403644,1.06839856773834
2677,Rlearner,1.00467522865109,0.0594676970231559,0.888120684242168,1.12122977306002
2677,intercept,1.13494406118326,0.0814774344032241,0.975248289752945,1.29463983261358
2677,AIPW,0.97689158444718,0.0488328255393104,0.881179246390131,1.07260392250423
2678,Tlearner,1.02270864810122,0.0568012126159031,0.911380317095853,1.1340369791066
2678,Rlearner,1.08479311242571,0.056343185720395,0.974362497639489,1.19522372721194
2678,intercept,1.22751789974531,0.0740026589663948,1.08247268817117,1.37256311131944
2678,AIPW,1.08737534368555,0.0484582672979827,0.992397139781503,1.1823535475896
2679,Tlearner,0.94650550486482,0.0626781816520464,0.82365852621035,1.06935248351929
2679,Rlearner,0.969770962682285,0.0625500035887444,0.847175208415495,1.09236671694907
2679,intercept,1.10825403303327,0.0835837032508112,0.94442997466168,1.27207809140486
2679,AIPW,0.97619554005585,0.0486214488753845,0.880897500260096,1.0714935798516
2680,Tlearner,0.996871543463961,0.0612551175079825,0.876813719279547,1.11692936764838
2680,Rlearner,0.969067307213068,0.0587496398227246,0.853920129055828,1.08421448537031
2680,intercept,1.17422996128627,0.0746801596068524,1.02785684845684,1.3206030741157
2680,AIPW,0.976217087517337,0.047465350132021,0.883185001258576,1.0692491737761
2681,Tlearner,1.05902069447038,0.0630298059327011,0.935484544889737,1.18255684405102
2681,Rlearner,0.994975565100626,0.0636747511000815,0.870175346219914,1.11977578398134
2681,intercept,1.19384263471565,0.081733101098319,1.03364575656295,1.35403951286836
2681,AIPW,1.06774264894865,0.0467419077202164,0.976128509817028,1.15935678808028
2682,Tlearner,0.967194448963252,0.0613993822826172,0.846853871016316,1.08753502691019
2682,Rlearner,0.992691283503033,0.0618113979833498,0.871543169621596,1.11383939738447
2682,intercept,1.28388181371072,0.0751882736535986,1.13651279734967,1.43125083007178
2682,AIPW,1.01644108364077,0.0455999390784758,0.927065203046962,1.10581696423459
2683,Tlearner,1.0968358268873,0.0635880373173297,0.972205563897747,1.22146608987686
2683,Rlearner,1.12754110040813,0.0608362955636963,1.00830415215045,1.24677804866581
2683,intercept,1.30109453965166,0.0780955222865785,1.14802731596997,1.45416176333335
2683,AIPW,1.15773149926486,0.0509595913139797,1.05785070028946,1.25761229824026
2684,Tlearner,1.19147962304758,0.061806934791026,1.07034025686235,1.3126189892328
2684,Rlearner,1.1661255855077,0.0617858717603691,1.04502750210397,1.28722366891144
2684,intercept,1.4478964418265,0.0839148115304376,1.28342341122685,1.61236947242616
2684,AIPW,1.15179272242526,0.0682202192846189,1.01808109262741,1.28550435222312
2685,Tlearner,1.00258454268755,0.0596381492919993,0.885695917970611,1.11947316740449
2685,Rlearner,1.04015570236231,0.0624474070526205,0.917761033611259,1.16255037111336
2685,intercept,1.21475826028683,0.0832234740619104,1.05164025112549,1.37787626944818
2685,AIPW,1.08223478365839,0.0611827920026021,0.962316511333289,1.20215305598349
2686,Tlearner,1.04520911570583,0.0577076675344329,0.932104165706532,1.15831406570513
2686,Rlearner,0.994948083174002,0.0575428359349494,0.882166197173204,1.1077299691748
2686,intercept,1.21372936361564,0.0819859238362802,1.05303695289653,1.37442177433475
2686,AIPW,1.0294290843251,0.0457999023194883,0.939661275778902,1.1191968928713
2687,Tlearner,1.04235672310376,0.0629683537381522,0.918941017611199,1.16577242859631
2687,Rlearner,1.02489834524794,0.0576330058556556,0.911939729450065,1.13785696104581
2687,intercept,1.24047772104764,0.0787686501063033,1.08609116683929,1.394864275256
2687,AIPW,1.06803407869364,0.0500832409847355,0.969870926363559,1.16619723102372
2688,Tlearner,0.947525153492251,0.0587422844848469,0.832392391532345,1.06265791545216
2688,Rlearner,0.994216924030979,0.0565268092160784,0.883426413806499,1.10500743425546
2688,intercept,1.10481232399928,0.0757406952686409,0.95636056127274,1.25326408672581
2688,AIPW,0.992209803667608,0.0507378434353873,0.892763630534249,1.09165597680097
2689,Tlearner,0.991803764692016,0.0625847919974505,0.869139826397082,1.11446770298695
2689,Rlearner,1.03404932565747,0.0602251956646714,0.916010111192837,1.1520885401221
2689,intercept,1.20939436130187,0.0781122615220138,1.05629432871872,1.36249439388501
2689,AIPW,0.786764672476907,0.263284422467143,0.270727204441307,1.30280214051251
2690,Tlearner,1.07205477296575,0.0633229851133003,0.947944002750119,1.19616554318139
2690,Rlearner,1.04720322225259,0.0599072189270532,0.92978723074161,1.16461921376357
2690,intercept,1.11002405744225,0.0841508284240134,0.945088433731181,1.27495968115331
2690,AIPW,0.99459940914134,0.0603117957445486,0.876388289482025,1.11281052880066
2691,Tlearner,1.06247535245715,0.0659787886684085,0.933159302923488,1.19179140199081
2691,Rlearner,1.04882404467273,0.0605951450675169,0.930059742702413,1.16758834664304
2691,intercept,1.18493174170859,0.0787862715090445,1.03051064955086,1.33935283386631
2691,AIPW,1.02544952399966,0.0557032709121385,0.916271113011864,1.13462793498745
2692,Tlearner,0.915408106578989,0.0599489211467205,0.797910380219385,1.03290583293859
2692,Rlearner,0.915425351373777,0.0575849145548296,0.802560992793494,1.02828970995406
2692,intercept,1.05216482591116,0.0769154888485931,0.901410467767914,1.2029191840544
2692,AIPW,0.956741696662411,0.044826363073259,0.868882025038824,1.044601368286
2694,Tlearner,1.08148724374368,0.0612229726630981,0.961492422297528,1.20148206518983
2694,Rlearner,1.11969696474027,0.0605439367190036,1.00103302928875,1.23836090019178
2694,intercept,1.23363804053805,0.0853390538480381,1.06637349499589,1.4009025860802
2694,AIPW,1.10069633784253,0.0582652046661388,0.986496536696899,1.21489613898816
2695,Tlearner,1.09961443849091,0.0629008177280319,0.976331101145849,1.22289777583597
2695,Rlearner,1.13626762531695,0.066963361374845,1.00502184873852,1.26751340189539
2695,intercept,1.31772520498987,0.0915325999582588,1.13832130907168,1.49712910090805
2695,AIPW,1.14688105271991,0.0529284926560056,1.04314120711414,1.25062089832568
2696,Tlearner,0.889246994576816,0.0586722429629917,0.774251511477169,1.00424247767646
2696,Rlearner,0.875845114695081,0.0580850130394805,0.76200058109616,0.989689648294002
2696,intercept,1.03812156296266,0.0802958341961157,0.880741727938276,1.19550139798705
2696,AIPW,0.878091941365096,0.0542007120441533,0.771858545758556,0.984325336971637
2697,Tlearner,0.981858002742323,0.0614984887628774,0.861323179663442,1.1023928258212
2697,Rlearner,0.971960800237991,0.0604408178167689,0.853498974120977,1.09042262635501
2697,intercept,1.05750142458989,0.0753865945916748,0.909743699190208,1.20525914998957
2697,AIPW,0.918206542979875,0.0604176980754693,0.799787854751956,1.0366252312078
2698,Tlearner,1.06244497457981,0.0746555550066462,0.916122775520937,1.20876717363869
2698,Rlearner,1.02060428906817,0.0599346560742922,0.903134521736759,1.13807405639957
2698,intercept,1.15890032820075,0.0762167154722032,1.00951556587524,1.30828509052627
2698,AIPW,0.99940846306927,0.0465526484817327,0.908165272045074,1.09065165409347
2699,Tlearner,0.91617167909982,0.0668873897640057,0.785074804142476,1.04726855405716
2699,Rlearner,1.0194593912606,0.0580430693232109,0.905697065834944,1.13322171668625
2699,intercept,1.2234269416595,0.0772328011741898,1.07205065135809,1.37480323196092
2699,AIPW,0.938937251417752,0.0786247996336224,0.784832644135852,1.09304185869965
2700,Tlearner,1.03532491318044,0.0700872642585101,0.897956399458822,1.17269342690206
2700,Rlearner,1.0398829051144,0.0557400724498133,0.930634370617113,1.14913143961169
2700,intercept,1.20248311453727,0.0719799898258907,1.06140233447853,1.34356389459602
2700,AIPW,1.00992021560936,0.0415228344195082,0.928535460147128,1.0913049710716
2701,Tlearner,1.05023266924886,0.0604309276916464,0.93179022742089,1.16867511107683
2701,Rlearner,1.06896235636125,0.0604785011631758,0.950426672242462,1.18749804048004
2701,intercept,1.17368900862473,0.0793937811301688,1.0180771976096,1.32930081963986
2701,AIPW,1.02248978618904,0.0592780403186893,0.906304827164408,1.13867474521367
2702,Tlearner,1.04980851336635,0.0601706067562141,0.931876291196247,1.16774073553645
2702,Rlearner,1.11490222001329,0.062458707804819,0.992485402194929,1.23731903783164
2702,intercept,1.31985871833946,0.0829524305139798,1.15727195453205,1.48244548214686
2702,AIPW,1.08167003529413,0.0502206916189444,0.983237479720995,1.18010259086726
2703,Tlearner,1.04754729579166,0.0648110443506087,0.920519983064036,1.17457460851928
2703,Rlearner,1.12369091562211,0.0580157418470596,1.0099821510655,1.23739968017872
2703,intercept,1.19589500347512,0.0697072859259708,1.05926872306021,1.33252128389002
2703,AIPW,1.09482043415283,0.0436027636268019,1.0093590174443,1.18028185086136
2704,Tlearner,1.021297979388,0.0596747700568674,0.904337579290829,1.13825837948517
2704,Rlearner,1.04228376263581,0.0587165314750266,0.927201475647642,1.15736604962397
2704,intercept,1.16869880849758,0.0790444055299654,1.01377177365885,1.32362584333631
2704,AIPW,1.08076318251182,0.052611300918658,0.977645032711246,1.18388133231239
2705,Tlearner,0.917940431645974,0.0610902695784983,0.798205703466275,1.03767515982567
2705,Rlearner,0.977414524966868,0.0569001937886691,0.865892194427727,1.08893685550601
2705,intercept,1.13869798490248,0.0748704318849406,0.991951938408,1.28544403139697
2705,AIPW,0.93807850805969,0.042373034710316,0.85502736002747,1.02112965609191
2706,Tlearner,1.03730522264246,0.0579662797344655,0.92369340204513,1.15091704323978
2706,Rlearner,1.02238696979737,0.0577147442203007,0.909268149748644,1.13550578984611
2706,intercept,1.14956265175134,0.0793652474009159,0.994006766845547,1.30511853665714
2706,AIPW,1.01232557263168,0.0460074811610009,0.922150909556116,1.10250023570724
2707,Tlearner,0.965216423687102,0.0591677947394378,0.849249676953145,1.08118317042106
2707,Rlearner,0.932100592318231,0.0584745463332884,0.817492587492667,1.04670859714379
2707,intercept,1.05711199444305,0.0766412775985909,0.906895090349813,1.20732889853629
2707,AIPW,0.924850749756504,0.047701942795621,0.831354941877087,1.01834655763592
2708,Tlearner,1.05339355680816,0.0622583252889044,0.93136948150413,1.17541763211219
2708,Rlearner,1.04280189488298,0.0586105887372178,0.927927251845349,1.15767653792062
2708,intercept,1.12427310176378,0.0880005338770189,0.951792055364823,1.29675414816274
2708,AIPW,1.04145277126011,0.0453423813128496,0.952581703886928,1.1303238386333
2709,Tlearner,0.96263995700146,0.0591700880772074,0.84666871540807,1.07861119859485
2709,Rlearner,1.00053053824854,0.0597425793991192,0.883437234282746,1.11762384221434
2709,intercept,1.12168238695404,0.0796125367243426,0.965641814974333,1.27772295893376
2709,AIPW,0.988796582096685,0.0505413221841954,0.889735590615663,1.08785757357771
2710,Tlearner,1.11783785030172,0.0598352465326422,1.00056292209167,1.23511277851177
2710,Rlearner,1.14833206038668,0.0608170711773664,1.02913279123383,1.26753132953953
2710,intercept,1.20565012336493,0.0766270865752504,1.05546103367744,1.35583921305242
2710,AIPW,1.15964530060837,0.0459054191586442,1.06967067905743,1.24961992215932
2712,Tlearner,1.01402577763657,0.0599690538294299,0.896488591943942,1.1315629633292
2712,Rlearner,1.04765939698104,0.0572162437833478,0.935517619835018,1.15980117412707
2712,intercept,1.13360727047657,0.0744865875924094,0.987613558795446,1.27960098215769
2712,AIPW,1.13315432641284,0.0616103440935514,1.01239805198948,1.2539106008362
2713,Tlearner,1.006369809171,0.0547327214983893,0.899095646258298,1.11364397208371
2713,Rlearner,1.00578850978846,0.0533016418919936,0.901319211363306,1.11025780821362
2713,intercept,1.10153295822262,0.0683400249444826,0.967586509331433,1.2354794071138
2713,AIPW,1.03793170040542,0.0421603918409611,0.955297332397139,1.12056606841371
2714,Tlearner,0.904919442054192,0.0595179442300863,0.788266414929359,1.02157246917902
2714,Rlearner,0.926687691085044,0.057609716494584,0.813774721596096,1.03960066057399
2714,intercept,1.14597934542142,0.0831639697983458,0.982977964616663,1.30898072622618
2714,AIPW,0.906487756052633,0.0565576228174118,0.795634815330506,1.01734069677476
2715,Tlearner,0.951298370438897,0.0656201669801147,0.822685206498367,1.07991153437943
2715,Rlearner,1.0469242878903,0.0591354294322566,0.931020975992766,1.16282759978783
2715,intercept,1.17450634620966,0.0736579072074295,1.0301368480831,1.31887584433622
2715,AIPW,1.0980802967021,0.0513058979519117,0.997520736716355,1.19863985668785
2716,Tlearner,0.929119076990698,0.0604508282298595,0.810637630824556,1.04760052315684
2716,Rlearner,0.901704894724391,0.0550813380053612,0.793747456013606,1.00966233343518
2716,intercept,1.14413325142252,0.0818336225065077,0.983739351309764,1.30452715153527
2716,AIPW,0.940034290626238,0.0584107322078415,0.825549255498868,1.05451932575361
2717,Tlearner,0.942217604752381,0.0601333511689904,0.82435840219146,1.0600768073133
2717,Rlearner,0.986865438928864,0.0590159143921688,0.871196372205514,1.10253450565221
2717,intercept,1.08950887085845,0.074013292237213,0.944442818073509,1.23457492364338
2717,AIPW,0.923690560479513,0.0524250805871521,0.820937402528695,1.02644371843033
2718,Tlearner,0.95183916101357,0.0683694482091189,0.817837504880821,1.08584081714632
2718,Rlearner,0.979242645746621,0.0628704159800814,0.85601889473261,1.10246639676063
2718,intercept,1.19961594745288,0.0847759399447214,1.03345510516123,1.36577678974454
2718,AIPW,0.914624045948773,0.0729067387588832,0.771726837981362,1.05752125391618
2719,Tlearner,0.906001939550375,0.0614762525564787,0.785510698635188,1.02649318046556
2719,Rlearner,0.958810027062639,0.0586701725738059,0.84381860185123,1.07380145227405
2719,intercept,1.11245521801322,0.0832300852447719,0.949324250933465,1.27558618509297
2719,AIPW,0.991433069782941,0.0517335279440668,0.89003535501257,1.09283078455331
2720,Tlearner,0.922649680549978,0.0593472802578333,0.806331148664219,1.03896821243574
2720,Rlearner,0.924602262746562,0.0560399147152689,0.814766048207938,1.03443847728518
2720,intercept,1.190613868201,0.0821342299028879,1.02963077759134,1.35159695881066
2720,AIPW,1.0179356134798,0.0731542636214894,0.874553256781684,1.16131797017792
2721,Tlearner,1.08691096605987,0.0627551154791234,0.963913199875132,1.2099087322446
2721,Rlearner,1.10236601229889,0.0579949115794485,0.988698074316583,1.21603395028119
2721,intercept,1.2132704531112,0.0830582415459887,1.05047629968106,1.37606460654134
2721,AIPW,1.09235342590971,0.0413546482039054,1.01129831543005,1.17340853638936
2722,Tlearner,1.06552951781081,0.0640368272792642,0.940019642659238,1.19103939296238
2722,Rlearner,1.09136514950086,0.0572719068844995,0.979114274681312,1.20361602432041
2722,intercept,1.30402150691889,0.0762066414317466,1.15465648971266,1.45338652412511
2722,AIPW,1.05746906058981,0.047696590655538,0.963983742904956,1.15095437827466
2723,Tlearner,1.05108460015249,0.0602983892988238,0.932901928801019,1.16926727150396
2723,Rlearner,1.09342663177521,0.0597828392217915,0.976254420006952,1.21059884354347
2723,intercept,1.18505924793286,0.0691283548538474,1.04956767241932,1.3205508234464
2723,AIPW,1.09137499712004,0.0592360941674267,0.975272252551883,1.2074777416882
2724,Tlearner,0.937882158088059,0.0639367852188353,0.812568361771869,1.06319595440425
2724,Rlearner,0.952644870079119,0.0543343952264804,0.846151412313452,1.05913832784479
2724,intercept,1.08294629444346,0.0778672315838248,0.930326520539166,1.23556606834776
2724,AIPW,0.936263182031505,0.0518118544358534,0.834711947337232,1.03781441672578
2725,Tlearner,1.03050737859851,0.0603596495475464,0.912204639365856,1.14881011783116
2725,Rlearner,1.03533119505805,0.0600003623146511,0.917732645861976,1.15292974425412
2725,intercept,1.16280454780795,0.0805265024184802,1.00497260306772,1.32063649254817
2725,AIPW,1.034317372423,0.0476149955156611,0.940991981212306,1.1276427636337
2726,Tlearner,1.00572629660464,0.0623297773611206,0.883562177812444,1.12789041539684
2726,Rlearner,0.944085785948421,0.0601517739425441,0.82619047541484,1.061981096482
2726,intercept,1.0644625360252,0.0745450182006842,0.918354300351856,1.21057077169854
2726,AIPW,0.97850233705231,0.0546036778504912,0.871479128465347,1.08552554563927
2727,Tlearner,0.873801530446757,0.0629904345851683,0.750342547289301,0.997260513604213
2727,Rlearner,0.964143578014326,0.0607822238689509,0.845012608330931,1.08327454769772
2727,intercept,1.23433178450194,0.0815502755711549,1.07449324438247,1.3941703246214
2727,AIPW,0.913987390023689,0.0445898143352166,0.826591353926665,1.00138342612071
2728,Tlearner,0.961999027961559,0.05813502654242,0.848056469698136,1.07594158622498
2728,Rlearner,1.00855461275561,0.0545740158547288,0.901591507188622,1.11551771832259
2728,intercept,1.16424379792605,0.0833737172975456,1.00083131202286,1.32765628382924
2728,AIPW,1.07038917363436,0.0539021668861623,0.964740926537479,1.17603742073124
2729,Tlearner,1.04772162421351,0.0571430524076748,0.935723299527781,1.15971994889924
2729,Rlearner,1.08696790140886,0.054741670535744,0.979676198705244,1.19425960411247
2729,intercept,1.21066100326767,0.0678531813352372,1.0776687678506,1.34365323868473
2729,AIPW,1.14345137249382,0.0917454927996359,0.963630206606529,1.3232725383811
2730,Tlearner,0.834384765445354,0.0628103282376105,0.711278784242499,0.95749074664821
2730,Rlearner,0.836103507195509,0.0544344573823239,0.729413931208174,0.942793083182844
2730,intercept,0.963419356452669,0.0726504227487429,0.821024527865132,1.1058141850402
2730,AIPW,0.916330614868741,0.0762802364797268,0.766821351368476,1.06583987836901
2731,Tlearner,1.08446542439617,0.0587370419954376,0.969342937526691,1.19958791126564
2731,Rlearner,1.13590095987047,0.0538342114728049,1.03038784424766,1.24141407549328
2731,intercept,1.30012541097803,0.0829122351390366,1.13761743010552,1.46263339185054
2731,AIPW,1.05873322148901,0.047477061291967,0.965678181356757,1.15178826162127
2732,Tlearner,1.0644189668606,0.0602018724744484,0.946425465008809,1.18241246871239
2732,Rlearner,1.07324079802014,0.057919842051088,0.95971999360976,1.18676160243052
2732,intercept,1.1669951736807,0.0793124244303237,1.01154282179727,1.32244752556413
2732,AIPW,1.09945396684648,0.0470309626053428,1.00727328014001,1.19163465355295
2733,Tlearner,1.01759877443852,0.0617439439767018,0.896582867980721,1.13861468089631
2733,Rlearner,1.12266667776134,0.0592757927791147,1.00648825875922,1.23884509676347
2733,intercept,1.21715325541896,0.0841571893842137,1.0522051642259,1.38210134661202
2733,AIPW,1.21674264475452,0.126676696162295,0.968456320276423,1.46502896923262
2734,Tlearner,0.908708742953042,0.0626726366106419,0.785872632380018,1.03154485352607
2734,Rlearner,0.890856663238305,0.0622685232734152,0.768812600251917,1.01290072622469
2734,intercept,1.0859258267313,0.0825977002164966,0.924034334306967,1.24781731915563
2734,AIPW,0.799392862509481,0.107321596838805,0.589042532705423,1.00974319231354
2735,Tlearner,1.01610025081914,0.0584685467523196,0.9015040049562,1.13069649668209
2735,Rlearner,1.07188140123713,0.0551473411617328,0.963794598716988,1.17996820375727
2735,intercept,1.14386498150567,0.0716118366164355,1.00350578173746,1.28422418127388
2735,AIPW,1.05888683583214,0.0544650702585256,0.952135298125432,1.16563837353885
2736,Tlearner,1.06257852358581,0.0619761728038484,0.941107456990641,1.18404959018099
2736,Rlearner,1.06776159223458,0.0601379897961928,0.949893298131405,1.18562988633776
2736,intercept,1.19910193554935,0.0857582571565347,1.03101575152254,1.36718811957616
2736,AIPW,1.10414893038835,0.058842807368286,0.988817027946505,1.21948083283019
2737,Tlearner,0.945879666799417,0.0695858144928518,0.809493976558542,1.08226535704029
2737,Rlearner,0.97415770076102,0.0591492572502074,0.858227286838319,1.09008811468372
2737,intercept,1.24200010915775,0.0826841060180129,1.07993926136245,1.40406095695306
2737,AIPW,0.968504803008995,0.0564767142128319,0.857810443151844,1.07919916286615
2738,Tlearner,0.919905267922093,0.0634400505119921,0.795565053741186,1.044245482103
2738,Rlearner,1.00978082594035,0.0609929977405821,0.890236747059681,1.12932490482103
2738,intercept,1.14997723912224,0.080094816321669,0.992991399131769,1.30696307911271
2738,AIPW,0.991948668485696,0.0531050866050137,0.887862698739869,1.09603463823152
2739,Tlearner,0.987916494704643,0.0640375330439375,0.862405236279732,1.11342775312955
2739,Rlearner,1.01602653880828,0.0621777045720663,0.894160477205663,1.13789260041091
2739,intercept,1.13684647934534,0.0857380054589727,0.968799988645751,1.30489297004492
2739,AIPW,1.10339829964535,0.0780430965110262,0.95043383048374,1.25636276880696
2740,Tlearner,0.970604598351538,0.0603912296417036,0.852239963271711,1.08896923343136
2740,Rlearner,1.00275800425854,0.0581311367594819,0.888823069829584,1.1166929386875
2740,intercept,1.15427991334045,0.0758260307303316,1.005660893109,1.3028989335719
2740,AIPW,1.00684764456484,0.0467518677035621,0.915213983865856,1.09848130526382
2741,Tlearner,0.961248964182695,0.0656925173904238,0.832493996043693,1.0900039323217
2741,Rlearner,1.08454930023535,0.06304334846905,0.9609866077712,1.20811199269949
2741,intercept,1.2829494475394,0.0848630578230847,1.11661785420615,1.44928104087264
2741,AIPW,1.06347644067195,0.0475801178085885,0.970219409767113,1.15673347157678
2742,Tlearner,0.933280495463202,0.0622775837796583,0.811218674210896,1.05534231671551
2742,Rlearner,0.899124996834391,0.0588036298899318,0.783872000089902,1.01437799357888
2742,intercept,1.06082556670342,0.0759844670663674,0.911896011253338,1.2097551221535
2742,AIPW,0.932921542552419,0.0486946630426062,0.837480002988911,1.02836308211593
2743,Tlearner,0.992515193963123,0.0617933475583895,0.871402458264514,1.11362792966173
2743,Rlearner,1.0361228840747,0.0582768038267529,0.921902447440159,1.15034332070924
2743,intercept,1.2125619439434,0.0753377926245422,1.06489987039929,1.3602240174875
2743,AIPW,1.01889675008601,0.0658230276254098,0.889883615940207,1.14790988423181
2744,Tlearner,1.03508230278164,0.0635372980062644,0.910551487014371,1.1596131185489
2744,Rlearner,1.01312374001589,0.0564751899613736,0.902434401671535,1.12381307836024
2744,intercept,1.12940423077969,0.0731847939612744,0.985962034615588,1.27284642694378
2744,AIPW,1.0089949900923,0.0468197629766243,0.917228254658117,1.10076172552648
2745,Tlearner,0.904250520849165,0.0582332199073849,0.79011550712689,1.01838553457144
2745,Rlearner,0.910764525707139,0.0556451850551558,0.801701967085967,1.01982708432831
2745,intercept,0.957086178823944,0.0741111713623478,0.811828282953742,1.10234407469415
2745,AIPW,0.892521860063109,0.0441736668644723,0.805941473008744,0.979102247117475
2746,Tlearner,1.00830139732549,0.0606920797149623,0.889347106937329,1.12725568771365
2746,Rlearner,0.9978164297984,0.0609799770061922,0.878297871088182,1.11733498850862
2746,intercept,1.07335115986577,0.0852478028775694,0.906265466225738,1.24043685350581
2746,AIPW,1.01519490490616,0.0488272003622487,0.919493592196155,1.11089621761617
2747,Tlearner,0.931845305399304,0.0599554352316932,0.814334811667761,1.04935579913085
2747,Rlearner,0.946676230224113,0.058510446804341,0.831997861768258,1.06135459867997
2747,intercept,1.11274936061186,0.0792388309175613,0.95744125201344,1.26805746921028
2747,AIPW,0.903945896896805,0.0613103377295022,0.783777634946981,1.02411415884663
2748,Tlearner,0.88976726177311,0.0715311186740481,0.749568845398115,1.02996567814811
2748,Rlearner,0.845871387944638,0.0663067597460529,0.715912526910824,0.975830248978452
2748,intercept,1.10212957480038,0.101163214952895,0.903849673492704,1.30040947610805
2748,AIPW,0.895341040236413,0.0694181491101624,0.759281467980495,1.03140061249233
2750,Tlearner,0.976233384179698,0.0622144511156296,0.854295300675136,1.09817146768426
2750,Rlearner,1.00910495295532,0.0616910835771515,0.888192650976857,1.13001725493379
2750,intercept,1.11031166545353,0.0855254970551004,0.942681691225528,1.27794163968152
2750,AIPW,0.961948745099855,0.0487724478173689,0.866354747377812,1.0575427428219
2751,Tlearner,1.00285844859896,0.0677805916349255,0.870010930143692,1.13570596705423
2751,Rlearner,1.00755824727565,0.062080265972921,0.885883161818055,1.12923333273324
2751,intercept,1.29306940816534,0.0857888429005614,1.12492327608024,1.46121554025044
2751,AIPW,1.02281103198492,0.0418884133767903,0.940709741766408,1.10491232220343
2752,Tlearner,0.969649648461824,0.0642473753813924,0.843727106613069,1.09557219031058
2752,Rlearner,0.997971968347343,0.0580159635873279,0.884262769187793,1.11168116750689
2752,intercept,1.24101745675856,0.0761391301048636,1.09178476175303,1.3902501517641
2752,AIPW,1.02668661460959,0.0455956511809155,0.937319138294994,1.11605409092418
2753,Tlearner,1.13107772358039,0.061639456274386,1.01026660925596,1.25188883790481
2753,Rlearner,1.17635799318701,0.059464372272245,1.05980996517013,1.2929060212039
2753,intercept,1.29805857841469,0.0807869807901411,1.13971609606601,1.45640106076336
2753,AIPW,1.12387590227903,0.0537825344334332,1.0184621347895,1.22928966976856
2754,Tlearner,1.05784044177241,0.0641159555828111,0.932175477995735,1.18350540554909
2754,Rlearner,1.07098199162758,0.057748509979961,0.957796991906005,1.18416699134916
2754,intercept,1.2885948687684,0.0771818031393189,1.13731853461534,1.43987120292147
2754,AIPW,1.05139593876259,0.0435670692295591,0.966004483072651,1.13678739445252
2755,Tlearner,1.03775117944294,0.0599406771783621,0.92026961096441,1.15523274792147
2755,Rlearner,1.06847857308126,0.0574374528559537,0.955903234119874,1.18105391204265
2755,intercept,1.3172594867834,0.0757984927892213,1.16869444091653,1.46582453265027
2755,AIPW,1.06804901496859,0.0479315005850922,0.97410327382181,1.16199475611537
2756,Tlearner,1.16012039822211,0.0594190459387525,1.04366120818643,1.2765795882578
2756,Rlearner,1.12735454045543,0.0586093954898392,1.01248223613969,1.24222684477118
2756,intercept,1.331259569789,0.0790966478132613,1.176230140075,1.48628899950299
2756,AIPW,1.12999728470143,0.0537926193102875,1.02456375085327,1.23543081854959
2757,Tlearner,0.96409090721131,0.0588484436624377,0.848750077086697,1.07943173733592
2757,Rlearner,1.02971032819912,0.0621323077451616,0.907933242742243,1.15148741365599
2757,intercept,1.13566248949677,0.0877687392715769,0.963635760524476,1.30768921846906
2757,AIPW,0.951909133951601,0.0850434096969791,0.785224050945522,1.11859421695768
2758,Tlearner,1.02126372151954,0.0570451558198037,0.909457270620253,1.13307017241883
2758,Rlearner,1.04619665187479,0.056142222413445,0.936159917932401,1.15623338581718
2758,intercept,1.17389263105433,0.0759246294043784,1.02508035742175,1.32270490468691
2758,AIPW,1.03464058979965,0.0596026672727149,0.917819361945129,1.15146181765417
2759,Tlearner,1.03563885018942,0.0620316697678023,0.914059011543641,1.15721868883519
2759,Rlearner,1.04530058948199,0.0611997855149087,0.925351214011193,1.16524996495279
2759,intercept,1.19058771515993,0.0860398962856985,1.02194951843996,1.3592259118799
2759,AIPW,1.10382256207565,0.0677131944683839,0.971104700917621,1.23654042323369
2760,Tlearner,0.934071676857621,0.0593471898515486,0.817753322164925,1.05039003155032
2760,Rlearner,0.939494201208776,0.0643515309232204,0.813367518249249,1.0656208841683
2760,intercept,1.09094296239196,0.0789250099062715,0.936249942975669,1.24563598180825
2760,AIPW,0.960102446999777,0.0697762518959999,0.823340993283617,1.09686390071594
2761,Tlearner,1.04464962895507,0.0595572152934116,0.927919631960487,1.16137962594966
2761,Rlearner,1.07457315528263,0.0580618888884034,0.960773944186996,1.18837236637827
2761,intercept,1.27639581838935,0.0866594047697312,1.10654338504068,1.44624825173803
2761,AIPW,1.10273410955608,0.052473580166785,0.999885892429186,1.20558232668298
2763,Tlearner,0.987263333129359,0.0611127621465333,0.867484520326391,1.10704214593233
2763,Rlearner,0.994314069456193,0.062019664210329,0.872757761270681,1.11587037764171
2763,intercept,1.19503999644165,0.0858583304972206,1.0267576686671,1.3633223242162
2763,AIPW,1.01862673649476,0.0597555847415161,0.901505790401385,1.13574768258813
2764,Tlearner,1.00809748953218,0.0611190273317711,0.888306397191792,1.12788858187257
2764,Rlearner,1.08528153982956,0.0550397922659796,0.977405529271671,1.19315755038744
2764,intercept,1.20356186579584,0.0748731848143691,1.05681042355968,1.35031330803201
2764,AIPW,1.05576785309133,0.0466337319066985,0.964365738554201,1.14716996762846
2765,Tlearner,1.06368892561206,0.0603006093953835,0.945501902951295,1.18187594827283
2765,Rlearner,1.11469804109179,0.0589274632283581,0.999202335463902,1.23019374671968
2765,intercept,1.20715829835043,0.0785817879418432,1.05313799398442,1.36117860271644
2765,AIPW,1.09688255591882,0.047974424773636,1.00285268336249,1.19091242847514
2766,Tlearner,1.06796678336844,0.0653995707406605,0.939785980112362,1.19614758662451
2766,Rlearner,1.12056364775689,0.0628042849166375,0.997469511245491,1.24365778426829
2766,intercept,1.29655424580691,0.0896528662645801,1.12083462792834,1.47227386368549
2766,AIPW,1.12462651044578,0.0488355691544293,1.0289087949031,1.22034422598846
2767,Tlearner,1.06103501064933,0.0616328245508437,0.940236894264199,1.18183312703446
2767,Rlearner,1.06823880125501,0.0622062838590033,0.946316725279286,1.19016087723073
2767,intercept,1.21496416820751,0.0787529172077146,1.06060845048039,1.36931988593463
2767,AIPW,1.10313822012862,0.0536451320623337,0.997993761286443,1.20828267897079
2768,Tlearner,0.957688997694054,0.0625036991061435,0.835183998545484,1.08019399684262
2768,Rlearner,1.009459107224,0.0632910574441233,0.88541091409006,1.13350730035793
2768,intercept,1.10205036009962,0.0792985759249534,0.946625151286715,1.25747556891253
2768,AIPW,1.0569926484824,0.0764588918071716,0.907133220540342,1.20685207642445
2769,Tlearner,0.879303107091188,0.0648754017792405,0.752149656121311,1.00645655806107
2769,Rlearner,0.908001694229896,0.0593531861260911,0.791671587055055,1.02433180140474
2769,intercept,1.20538165958986,0.0785564919307356,1.05141093540561,1.3593523837741
2769,AIPW,0.948053433682069,0.0431436267571,0.863491925238153,1.03261494212599
2770,Tlearner,0.881190497386803,0.0642093952067136,0.755342395312546,1.00703859946106
2770,Rlearner,0.944410380755406,0.0613470543377105,0.824172363695872,1.06464839781494
2770,intercept,1.16627850579489,0.0827290080963057,1.00412964992613,1.32842736166365
2770,AIPW,0.889891569370438,0.0564545951933984,0.779240562791377,1.0005425759495
2774,Tlearner,0.907527912516802,0.0590484237975109,0.791795128529823,1.02326069650378
2774,Rlearner,0.990891574539572,0.057519875383813,0.878154690392067,1.10362845868708
2774,intercept,1.08246842823805,0.0747640901073784,0.935930811627585,1.22900604484851
2774,AIPW,0.985649927326366,0.0503250503885758,0.887012828564757,1.08428702608797
2775,Tlearner,1.13692613384509,0.058145122587556,1.02296378769682,1.25088847999337
2775,Rlearner,1.1495043539113,0.0578198450454354,1.03617954003056,1.26282916779204
2775,intercept,1.14769469075923,0.0743314042142853,1.00200513849923,1.29338424301923
2775,AIPW,1.18713085314754,0.0528037098269006,1.08363558188682,1.29062612440827
2776,Tlearner,1.03917400310992,0.0606281809693312,0.920344951961859,1.15800305425799
2776,Rlearner,1.06145124743858,0.0586650838175023,0.946469796006253,1.17643269887091
2776,intercept,1.22864380503872,0.075591492680914,1.08048447938413,1.37680313069331
2776,AIPW,1.03709351572212,0.045383544011989,0.948141769458625,1.12604526198562
2777,Tlearner,0.972824678437075,0.0605037425666531,0.854239522076552,1.0914098347976
2777,Rlearner,1.08511855199373,0.0530589181649631,0.981124983331742,1.18911212065571
2777,intercept,1.28230664698114,0.0708866035469628,1.14336890402909,1.42124438993319
2777,AIPW,1.16558411413556,0.107849397421886,0.95419929518866,1.37696893308246
2778,Tlearner,1.04961693739708,0.0618740452622301,0.92834603710531,1.17088783768885
2778,Rlearner,1.03770959275233,0.0602612391021656,0.919599734448327,1.15581945105633
2778,intercept,1.24585530724388,0.0783688202666612,1.09225241952122,1.39945819496654
2778,AIPW,1.0928952444253,0.0486002507794119,0.997638752897653,1.18815173595295
2779,Tlearner,0.990435452280141,0.0605689294200206,0.871722532034752,1.10914837252553
2779,Rlearner,1.00087494379299,0.0539572573838905,0.895120662616002,1.10662922496997
2779,intercept,1.12548299523061,0.074731630088604,0.979009000256948,1.27195699020428
2779,AIPW,0.93756045586506,0.0455976402076565,0.848189081058053,1.02693183067207
2780,Tlearner,1.02993552311653,0.0594699090874972,0.913376643141165,1.1464944030919
2780,Rlearner,0.964683861239623,0.0583333609999494,0.850352574582549,1.0790151478967
2780,intercept,1.17094423562967,0.0746063369413742,1.02471581522458,1.31717265603477
2780,AIPW,0.951542679937122,0.054017670099268,0.845668046542556,1.05741731333169
2782,Tlearner,0.987900868440451,0.0632564129240978,0.863920577318025,1.11188115956288
2782,Rlearner,0.850741834393806,0.0619841876984267,0.729255058893919,0.972228609893693
2782,intercept,1.17330063182421,0.0810945700072728,1.01435527460995,1.33224598903846
2782,AIPW,1.02819487299893,0.0441729750543627,0.941615841892381,1.11477390410548
2783,Tlearner,1.06801784701102,0.0612211805150753,0.948026538110444,1.18800915591159
2783,Rlearner,1.07597430597685,0.0565826217914236,0.965074405114814,1.1868742068389
2783,intercept,1.14226107259019,0.0774342546726832,0.990489933431726,1.29403221174864
2783,AIPW,1.1004201887867,0.0483123682640453,1.00572794698917,1.19511243058423
2784,Tlearner,1.12574209850398,0.0615894640030588,1.00502896723086,1.2464552297771
2784,Rlearner,1.12178845189643,0.0646179818720143,0.995139534673624,1.24843736911924
2784,intercept,1.25994213373909,0.084026857008229,1.09524949400296,1.42463477347522
2784,AIPW,1.20010638145243,0.0817674399362111,1.03984219917745,1.3603705637274
2785,Tlearner,1.01727021573814,0.0621708092930997,0.895417668633954,1.13912276284232
2785,Rlearner,1.02844579275574,0.0591835699050727,0.912448127265293,1.1444434582462
2785,intercept,1.22674568224587,0.0758886309975858,1.0780039654906,1.37548739900114
2785,AIPW,0.930918924588139,0.116241709887353,0.703085173208928,1.15875267596735
2786,Tlearner,1.00265665925977,0.060983370574743,0.883131449277416,1.12218186924213
2786,Rlearner,0.985232323109069,0.0597497240498915,0.868125015885075,1.10233963033306
2786,intercept,1.25586342301965,0.077577073421173,1.10381235911415,1.40791448692515
2786,AIPW,1.03625410514374,0.0483997839339108,0.94139052863327,1.1311176816542
2787,Tlearner,0.914103989517001,0.0619569352563021,0.792670627822169,1.03553735121183
2787,Rlearner,0.898803853057744,0.0586608788011211,0.783830643306077,1.01377706280941
2787,intercept,1.13420698143841,0.0885825836048909,0.960585117572819,1.30782884530399
2787,AIPW,0.923322031198972,0.0461713492479542,0.832826186672982,1.01381787572496
2788,Tlearner,1.06061478083158,0.0622632756239197,0.938581003049206,1.18264855861395
2788,Rlearner,1.09301463449319,0.0578486872646447,0.979633290901569,1.20639597808482
2788,intercept,1.1716567482293,0.0717598151555619,1.0310075105244,1.3123059859342
2788,AIPW,1.08379912616781,0.0429127459687112,0.999690144069134,1.16790810826648
2789,Tlearner,0.841490254527853,0.0590151976357351,0.725822592621299,0.957157916434408
2789,Rlearner,0.848237651229442,0.0574288556442736,0.735679162493316,0.960796139965568
2789,intercept,1.17287872076095,0.082006673348166,1.01214564099855,1.33361180052336
2789,AIPW,0.856305129012383,0.0491144627594676,0.760040782003826,0.952569476020939
2790,Tlearner,1.14208087669987,0.0597688253547703,1.02493613160626,1.25922562179349
2790,Rlearner,1.14597876085317,0.0542838341793682,1.03958440091887,1.25237312078748
2790,intercept,1.32854085471118,0.0750963702629481,1.1813519689958,1.47572974042656
2790,AIPW,1.142782281034,0.0491849987645628,1.04637968345546,1.23918487861255
2791,Tlearner,1.02421100536759,0.0612171842325269,0.904227529036885,1.1441944816983
2791,Rlearner,1.0711554676282,0.0598594604060414,0.95383308109836,1.18847785415805
2791,intercept,1.15137918529774,0.0880434622886467,0.978813999211995,1.32394437138349
2791,AIPW,1.03929844373601,0.0853934847820745,0.871927213563147,1.20666967390888
2792,Tlearner,0.911219968395176,0.0597560688910724,0.79410022551098,1.02833971127937
2792,Rlearner,0.852552887032199,0.058067590470684,0.738742501040637,0.966363273023761
2792,intercept,0.922019417855465,0.0742501315767508,0.776489159965034,1.0675496757459
2792,AIPW,0.856775190064319,0.0420657018429993,0.774326414452041,0.939223965676598
2793,Tlearner,0.960083896483469,0.0609150032078586,0.840692684077925,1.07947510888901
2793,Rlearner,0.91601741646406,0.0594418514545013,0.799513528438858,1.03252130448926
2793,intercept,1.09136473994854,0.0787859488449749,0.93694428021239,1.24578519968469
2793,AIPW,0.988182516772386,0.0587017178191151,0.87312714984692,1.10323788369785
2794,Tlearner,0.982871073132916,0.0629227348960271,0.859544778927941,1.10619736733789
2794,Rlearner,0.973020965249238,0.0576863644512007,0.859957768525833,1.08608416197264
2794,intercept,1.13942294387452,0.0791578497428485,0.984273558378538,1.2945723293705
2794,AIPW,0.964398025828785,0.0447570217336445,0.876674263230842,1.05212178842673
2795,Tlearner,1.02906422758231,0.0611536460017861,0.909205283895494,1.14892317126912
2795,Rlearner,0.967010820631617,0.0593085226113117,0.850768252337167,1.08325338892607
2795,intercept,1.19951645208752,0.0753587321324764,1.05181333710787,1.34721956706718
2795,AIPW,1.04121185803715,0.053221636440106,0.936897450614545,1.14552626545976
2796,Tlearner,1.01007804120075,0.0624584432649153,0.887661741871082,1.13249434053043
2796,Rlearner,0.996842867856501,0.0591527932461612,0.880905523509081,1.11278021220392
2796,intercept,1.27864961605601,0.0858643321246587,1.11035552509168,1.44694370702035
2796,AIPW,1.03918842138073,0.0553164540586784,0.93076817142572,1.14760867133574
2797,Tlearner,0.874861581313898,0.0615282934704731,0.75426834208156,0.995454820546236
2797,Rlearner,0.918059034176088,0.059840503502001,0.800773802495423,1.03534426585675
2797,intercept,1.0684039203435,0.0787832424913352,0.913988765060487,1.22281907562652
2797,AIPW,0.92705422340785,0.0510671757302908,0.82696255897648,1.02714588783922
2798,Tlearner,0.979290767703508,0.0573928780734719,0.866802793710404,1.09177874169661
2798,Rlearner,1.01723164504366,0.053794356982719,0.911796642786038,1.12266664730128
2798,intercept,1.18796294412222,0.0765907850735813,1.037845005378,1.33808088286643
2798,AIPW,0.982017980319934,0.0500687970078049,0.883883138184636,1.08015282245523
2799,Tlearner,0.986390099986499,0.0620324373859657,0.864808756836771,1.10797144313623
2799,Rlearner,1.02242670634344,0.0602358961362328,0.904366519339927,1.14048689334695
2799,intercept,1.11998988808987,0.0781125474850516,0.966889295019167,1.27309048116057
2799,AIPW,1.03111646106243,0.0509306274163992,0.931292431326285,1.13094049079857
2801,Tlearner,1.01403292335292,0.0594865903910613,0.897441348623357,1.13062449808249
2801,Rlearner,1.06044968445941,0.0575246356426343,0.947703470376062,1.17319589854277
2801,intercept,1.08413068934857,0.0792247346736488,0.928850209388219,1.23941116930892
2801,AIPW,1.01406892539545,0.0449904828536568,0.925887579002282,1.10225027178862
2802,Tlearner,1.0390140353148,0.0594138445657802,0.922565039782812,1.15546303084679
2802,Rlearner,1.06916472255189,0.058613738436247,0.954283906217597,1.18404553888619
2802,intercept,1.25886934693852,0.0746942901570953,1.11246853823061,1.40527015564643
2802,AIPW,1.21578947529597,0.141630507941875,0.938193679729894,1.49338527086204
2803,Tlearner,1.03149745411084,0.064160341354675,0.905745495819876,1.15724941240179
2803,Rlearner,1.02056658239649,0.0586823368036758,0.905551315732636,1.13558184906034
2803,intercept,1.16750767318461,0.0776349940540849,1.0153430848386,1.31967226153062
2803,AIPW,1.13325869012015,0.120150210911084,0.89776427673443,1.36875310350588
2804,Tlearner,1.07893216385787,0.0599511617145619,0.961430046065991,1.19643428164975
2804,Rlearner,1.07105092757707,0.0580720661000663,0.957231769513106,1.18487008564102
2804,intercept,1.14864362748396,0.0765039716269144,0.99869584309521,1.29859141187271
2804,AIPW,1.09387092266329,0.0489115922575534,0.998004201838486,1.1897376434881
2805,Tlearner,1.09583356367643,0.0617968852291197,0.974713894270596,1.21695323308226
2805,Rlearner,1.06956008932348,0.060190548849529,0.951588781368703,1.18753139727825
2805,intercept,1.25417786418151,0.0816956536589653,1.09405438300994,1.41430134535309
2805,AIPW,1.03340284632446,0.057558454446985,0.92058827560837,1.14621741704055
2807,Tlearner,0.995532975966178,0.0617788999461512,0.874448557067218,1.11661739486514
2807,Rlearner,1.01692287239612,0.0576628189165565,0.903905824072618,1.12993992071963
2807,intercept,1.10369876705424,0.0785594580150491,0.949722229344741,1.25767530476373
2807,AIPW,0.979521830807534,0.0532653057951737,0.875121831448993,1.08392183016607
2808,Tlearner,1.04087208776769,0.062126546519924,0.919106294104786,1.16263788143059
2808,Rlearner,0.991994511608283,0.0570816214204222,0.880116589445106,1.10387243377146
2808,intercept,1.19475238200344,0.0737253105365031,1.05025077335189,1.33925399065498
2808,AIPW,1.00023117603094,0.0483743856253871,0.905417380205178,1.0950449718567
2809,Tlearner,0.977173838291331,0.0643071924125886,0.85113405721577,1.10321361936689
2809,Rlearner,0.972800341502068,0.0585132940948545,0.858116392459353,1.08748429054478
2809,intercept,1.19030419941915,0.0783125777984844,1.03681154693412,1.34379685190418
2809,AIPW,1.01144458381265,0.0499215142201324,0.913598415941195,1.10929075168411
2810,Tlearner,0.885249838779101,0.0590405112256799,0.769532563147936,1.00096711441027
2810,Rlearner,0.919128880594801,0.0548546241052131,0.8116157929631,1.0266419682265
2810,intercept,1.21080730003697,0.0682510481515213,1.07703524565998,1.34457935441395
2810,AIPW,0.874227444321105,0.113259862150407,0.652238114506307,1.0962167741359
2811,Tlearner,0.992211596969203,0.0587384557515034,0.877086339188757,1.10733685474965
2811,Rlearner,1.04080418123661,0.054846597399141,0.933306825659726,1.1483015368135
2811,intercept,1.18383812512964,0.0711170026897487,1.04444879985773,1.32322745040154
2811,AIPW,1.05159532409082,0.0480344146348096,0.957447871406592,1.14574277677505
2812,Tlearner,0.968719261041784,0.0589670468547725,0.853145972931744,1.08429254915182
2812,Rlearner,0.984132940864783,0.0573918741618464,0.871646934502309,1.09661894722726
2812,intercept,1.12375505542408,0.0798872497330388,0.967176045947324,1.28033406490084
2812,AIPW,1.03189390459493,0.0486682155331325,0.936504202149994,1.12728360703987
2813,Tlearner,1.01674075808789,0.0622386329023924,0.894755279152192,1.13872623702359
2813,Rlearner,1.04655263677684,0.0625755541087557,0.923906804411041,1.16919846914264
2813,intercept,1.2672924113249,0.0841986891366432,1.10226298061707,1.43232184203272
2813,AIPW,1.01251622274494,0.0570080418136873,0.900780460790114,1.12425198469977
2814,Tlearner,1.06416707534727,0.058576402770303,0.949359435573561,1.17897471512097
2814,Rlearner,1.02457293575023,0.0579781163624892,0.910937915788274,1.13820795571218
2814,intercept,1.13454299156711,0.086351522891018,0.965294006700712,1.3037919764335
2814,AIPW,0.996146085253964,0.0558383696499542,0.886702880740053,1.10558928976787
2815,Tlearner,0.985517226388468,0.0627891606363146,0.862452732921791,1.10858171985514
2815,Rlearner,0.954736793758284,0.0605644345602497,0.836032683276162,1.07344090424041
2815,intercept,1.17594055965376,0.0860062061454706,1.00736839560864,1.34451272369889
2815,AIPW,0.968563591399364,0.0456299363062839,0.879128916239047,1.05799826655968
2816,Tlearner,0.821205429950387,0.0610170455751811,0.701614218179993,0.940796641720781
2816,Rlearner,0.923255939687367,0.0553795957349126,0.814713926568551,1.03179795280618
2816,intercept,1.04871460490724,0.0799075079895137,0.892095889247795,1.20533332056669
2816,AIPW,0.858556996953768,0.0405515059564557,0.779076045279115,0.938037948628422
2817,Tlearner,1.01526102800963,0.0583965107934208,0.900805970031725,1.12971608598754
2817,Rlearner,1.04840078448057,0.0567417951445282,0.937188909579142,1.15961265938199
2817,intercept,1.1448309631891,0.0752274584526551,0.997385144621896,1.2922767817563
2817,AIPW,1.03038727044343,0.046139757978665,0.939953344805246,1.12082119608161
2818,Tlearner,1.08036350644059,0.0608697731899319,0.961060943241197,1.19966606963997
2818,Rlearner,1.08268840054239,0.0551542004324622,0.974588154098661,1.19078864698612
2818,intercept,1.18818180480756,0.0741868403440127,1.04277559773329,1.33358801188182
2818,AIPW,1.0573954584727,0.0469107264761651,0.96545043457942,1.14934048236599
2819,Tlearner,1.05140826220928,0.0613767655431107,0.931112012257227,1.17170451216134
2819,Rlearner,1.04635873387898,0.0586104187273547,0.931484424054553,1.16123304370341
2819,intercept,1.09562850041378,0.078661166133632,0.941452614791858,1.2498043860357
2819,AIPW,1.03356081779119,0.0565166241596163,0.922788234438337,1.14433340114403
2820,Tlearner,0.951715928598681,0.0604215910032796,0.833291786343644,1.07014007085372
2820,Rlearner,0.965815836231206,0.0589216727204944,0.850331479790181,1.08130019267223
2820,intercept,1.11270839242484,0.0798223502578258,0.956256585919498,1.26916019893018
2820,AIPW,0.982464714215998,0.047243404370725,0.889867641649377,1.07506178678262
2821,Tlearner,0.886805832974545,0.0650432847213451,0.759323337484524,1.01428832846457
2821,Rlearner,0.953797528964065,0.0604566206360144,0.835304729890476,1.07229032803765
2821,intercept,1.04742521157795,0.0799449701412028,0.890733070101195,1.20411735305471
2821,AIPW,1.04289849658864,0.116195085444368,0.815156129117677,1.2706408640596
2822,Tlearner,0.931092847523963,0.0566372175251134,0.82008594099018,1.04209975405775
2822,Rlearner,0.934725793376436,0.0540918538687762,0.828707707936631,1.04074387881624
2822,intercept,1.05607562751432,0.0807931994185193,0.897720956654025,1.21443029837462
2822,AIPW,0.916288208889128,0.0473204279462578,0.823540170114463,1.00903624766379
2824,Tlearner,1.08050112292557,0.0588366606547325,0.965183387071693,1.19581885877945
2824,Rlearner,1.04428879897394,0.0584344476999396,0.929759386025571,1.15881821192231
2824,intercept,1.29934463944381,0.0811585974724192,1.14027378839787,1.45841549048975
2824,AIPW,1.11793512532959,0.0431989359634607,1.03326521084121,1.20260503981798
2825,Tlearner,1.00439790938269,0.0609073478762807,0.885021701151329,1.12377411761405
2825,Rlearner,1.01858476680421,0.0605934943831267,0.899823700115853,1.13734583349257
2825,intercept,1.23663901303197,0.0806862752424256,1.07849391355681,1.39478411250712
2825,AIPW,1.04152084632456,0.0490272808651081,0.945427375828948,1.13761431682017
2827,Tlearner,0.98828376145485,0.0605172534826518,0.869672124185572,1.10689539872413
2827,Rlearner,1.02390129907985,0.0597022998070267,0.906886941663861,1.14091565649583
2827,intercept,1.21583398582308,0.0782805460989368,1.06240411546917,1.369263856177
2827,AIPW,1.04912840334548,0.0617891569193696,0.928021655783512,1.17023515090744
2828,Tlearner,0.937232870930186,0.0611166974323778,0.817446345108694,1.05701939675168
2828,Rlearner,0.977653990900244,0.0635167530363885,0.853163442533997,1.10214453926649
2828,intercept,1.21445732759473,0.0834314318645432,1.05093172114023,1.37798293404924
2828,AIPW,0.949861161734988,0.0576586493509029,0.836850209007218,1.06287211446276
2829,Tlearner,1.03281257752518,0.0593945687264935,0.916401361943962,1.14922379310639
2829,Rlearner,1.01157660571797,0.0622266091978973,0.889614692810038,1.13353851862589
2829,intercept,1.1494810346445,0.0857079171238374,0.98149351708178,1.31746855220722
2829,AIPW,1.09857419932736,0.0874864778038461,0.927100702831823,1.2700476958229
2830,Tlearner,0.955336206728328,0.0619221926437564,0.833970939302815,1.07670147415384
2830,Rlearner,1.01824617222949,0.0610320029879135,0.898625644468844,1.13786669999015
2830,intercept,1.17818847045732,0.0818550022957707,1.01775266595761,1.33862427495703
2830,AIPW,1.00934475738407,0.0569559686904769,0.89771105875074,1.12097845601741
2831,Tlearner,0.989787314868576,0.0606615447558974,0.870892871900453,1.1086817578367
2831,Rlearner,1.04624094025881,0.0597488706329149,0.929135305701357,1.16334657481627
2831,intercept,1.17014598815988,0.0774503805056785,1.01834324236875,1.32194873395101
2831,AIPW,1.05198378197517,0.049731821051132,0.954509412714954,1.14945815123539
2832,Tlearner,1.00196884993149,0.0593253008490943,0.885693396895261,1.11824430296772
2832,Rlearner,0.967522157356246,0.0598257323896082,0.850265876523883,1.08477843818861
2832,intercept,1.24826352058314,0.0751560142931628,1.10095773256854,1.39556930859774
2832,AIPW,0.98452841006714,0.0508508711959005,0.884860702523175,1.0841961176111
2833,Tlearner,0.986819573084298,0.0624811392594681,0.864358790422709,1.10928035574589
2833,Rlearner,1.00499292495762,0.0575560021044719,0.89218523373874,1.11780061617649
2833,intercept,1.19726538603013,0.0769647072938521,1.04641455973418,1.34811621232608
2833,AIPW,0.952160660901112,0.0453324043437926,0.863309148387279,1.04101217341495
2834,Tlearner,1.08631556576688,0.0648412516216556,0.959229047875937,1.21340208365783
2834,Rlearner,1.07786652761831,0.0634650788967963,0.953477258704599,1.20225579653203
2834,intercept,1.16500213489729,0.0828693830318559,1.00257814415485,1.32742612563973
2834,AIPW,1.07157415234848,0.0556159120700374,0.962566964691207,1.18058134000575
2835,Tlearner,0.910657179760065,0.0629696778778635,0.787238879001364,1.03407548051877
2835,Rlearner,0.894068051063944,0.0622464424372848,0.77206726572112,1.01606883640677
2835,intercept,1.12519033643539,0.0931127535540837,0.942689339469389,1.3076913334014
2835,AIPW,0.948553976990116,0.0681304360526331,0.815018322326956,1.08208963165328
2836,Tlearner,0.96239357208227,0.0642981251273891,0.836371562559138,1.0884155816054
2836,Rlearner,0.832042987986798,0.0622633459650172,0.710009072338407,0.954076903635189
2836,intercept,1.08974284500357,0.0778595384730448,0.937138149596404,1.24234754041074
2836,AIPW,0.953071079720428,0.0439534889829863,0.866922241313775,1.03921991812708
2838,Tlearner,1.00650483030313,0.0553998807077746,0.897923059368074,1.11508660123818
2838,Rlearner,1.03259786174419,0.0547316705096313,0.925325758731595,1.13986996475678
2838,intercept,1.19443618297283,0.0738667123999032,1.04965742666902,1.33921493927664
2838,AIPW,0.998710192422603,0.0600148880204193,0.881081011902581,1.11633937294262
2839,Tlearner,0.983929317446972,0.0585301185030314,0.869212393170169,1.09864624172378
2839,Rlearner,0.98111516409591,0.0630721028795527,0.857496114022782,1.10473421416904
2839,intercept,1.18996503870749,0.0816656414222741,1.02990038151983,1.35002969589514
2839,AIPW,1.01419383176427,0.0447915747503478,0.926402345253591,1.10198531827495
2841,Tlearner,1.08709886473781,0.0601735349582725,0.969160903397136,1.20503682607849
2841,Rlearner,1.10358528952009,0.0545179180229591,0.996732133682987,1.2104384453572
2841,intercept,1.1934144925982,0.07608065046389,1.04429641768897,1.34253256750742
2841,AIPW,1.13074326054341,0.0579542330724338,1.01715296372144,1.24433355736538
2842,Tlearner,0.979018701864043,0.0586598703746581,0.864047468591925,1.09398993513616
2842,Rlearner,1.04787357264793,0.0608095173102057,0.928689108802666,1.1670580364932
2842,intercept,1.17954929628089,0.0810095922338958,1.02077049550246,1.33832809705933
2842,AIPW,1.05120868304341,0.0499306126567561,0.953344682236167,1.14907268385065
2843,Tlearner,1.04983331912924,0.0611699164863963,0.929942485878576,1.1697241523799
2843,Rlearner,1.05883543044553,0.059141508197189,0.942920204387659,1.1747506565034
2843,intercept,1.16462506818165,0.0794465605126164,1.00890980957692,1.32034032678637
2843,AIPW,1.04143729895681,0.0522325896660102,0.939061423211427,1.14381317470219
2844,Tlearner,0.795888521348309,0.057742923718669,0.682714470497674,0.909062572198944
2844,Rlearner,0.86293223763045,0.0524378519151775,0.760155936450058,0.965708538810843
2844,intercept,1.00892772623894,0.0726571140493462,0.866519782702226,1.15133566977566
2844,AIPW,0.772600887742642,0.0626235388896303,0.649858751518967,0.895343023966318
2845,Tlearner,0.997355292131643,0.0577160684721585,0.884233876596965,1.11047670766632
2845,Rlearner,1.0026175010464,0.0582653258913045,0.888419560751957,1.11681544134085
2845,intercept,1.17839712875268,0.0725921122898397,1.03611658866459,1.32067766884076
2845,AIPW,0.991806965858926,0.0476113648229828,0.89848869080588,1.08512524091197
2846,Tlearner,1.03193964984429,0.0620984116430513,0.910228999526763,1.15365030016181
2846,Rlearner,1.00156270906165,0.0624534274903882,0.879156240469406,1.1239691776539
2846,intercept,1.24534443779727,0.0811582967615274,1.08627417614467,1.40441469944986
2846,AIPW,1.04084544416234,0.0419539102316361,0.958615780108331,1.12307510821634
2847,Tlearner,1.02432432057957,0.066494143083858,0.893998194952353,1.15465044620678
2847,Rlearner,1.06564188373224,0.0608758886129487,0.946327334523988,1.18495643294049
2847,intercept,1.2837747761167,0.0850419906584432,1.11709247442616,1.45045707780725
2847,AIPW,1.05627817182506,0.0684424753237219,0.922130920190567,1.19042542345956
2848,Tlearner,0.943081856080359,0.0619434710966801,0.821674883653468,1.06448882850725
2848,Rlearner,0.923400875925708,0.0591254558797799,0.807517111831827,1.03928464001959
2848,intercept,1.17640015486808,0.0833122389754167,1.01310816647627,1.3396921432599
2848,AIPW,0.908452201476434,0.0603153808082739,0.790234055092217,1.02667034786065
2849,Tlearner,0.970564647429906,0.0608991410169096,0.851204524347337,1.08992477051247
2849,Rlearner,0.994768462002594,0.0627134879858262,0.87185228420549,1.1176846397997
2849,intercept,1.04852015049045,0.0799033764720759,0.89190953260518,1.20513076837572
2849,AIPW,0.990097421887176,0.0529071511044828,0.886399405722389,1.09379543805196
2850,Tlearner,1.02323795294101,0.0596480889593216,0.906329846834095,1.14014605904792
2850,Rlearner,1.00274643440682,0.0586691159225065,0.887757080193903,1.11773578861974
2850,intercept,1.14442302162021,0.0790883985027244,0.989409760554871,1.29943628268555
2850,AIPW,0.964495286662162,0.0835464681554516,0.800744209077476,1.12824636424685
2851,Tlearner,0.939595228976776,0.0599882448241844,0.822020429625603,1.05717002832795
2851,Rlearner,0.972330582345915,0.0566736018246163,0.861252363895503,1.08340880079633
2851,intercept,1.13642902467148,0.0783716428280646,0.982820604728475,1.29003744461449
2851,AIPW,0.977536593179788,0.048486441982804,0.882503166893492,1.07257001946608
2852,Tlearner,0.903868128004379,0.108731011428289,0.69075926160232,1.11697699440644
2852,Rlearner,0.992261063608379,0.05967011438286,0.875309788464588,1.10921233875217
2852,intercept,1.14574729287045,0.0820484591658297,0.984932312905426,1.30656227283548
2852,AIPW,0.961860846646283,0.0520242082054992,0.859893398563504,1.06382829472906
2853,Tlearner,0.881845770151823,0.0632928040925112,0.757794153649951,1.00589738665369
2853,Rlearner,0.885177555746289,0.0558953410943053,0.775624700297869,0.99473041119471
2853,intercept,1.15385286284896,0.0802443577918062,0.99657392157702,1.3111318041209
2853,AIPW,0.882876266614248,0.0419144319084415,0.800723980073703,0.965028553154794
2854,Tlearner,1.03952716164627,0.0601384193702097,0.921658025593498,1.15739629769905
2854,Rlearner,1.02871640551462,0.0575169779585953,0.915985200216185,1.14144761081305
2854,intercept,1.17252962201929,0.0730542744413588,1.02934324411423,1.31571599992436
2854,AIPW,1.00508103770046,0.0776736933312738,0.85284059877116,1.15732147662975
2855,Tlearner,0.951201629922901,0.0641282876053147,0.825512495826258,1.07689076401954
2855,Rlearner,0.983970547729585,0.0612204103809624,0.863980748264137,1.10396034719503
2855,intercept,1.10722372177452,0.0809694756893559,0.948523549423386,1.26592389412566
2855,AIPW,1.02479050536669,0.0571171485016375,0.912840894303483,1.1367401164299
2856,Tlearner,0.896821234671166,0.0606966061107162,0.777858072710349,1.01578439663198
2856,Rlearner,0.92497889762258,0.0590007356803987,0.809339580627631,1.04061821461753
2856,intercept,1.12916494643487,0.0796706261407061,0.973010519199081,1.28531937367065
2856,AIPW,0.929100143302613,0.0567657321768975,0.817839308235894,1.04036097836933
2857,Tlearner,0.980188331112827,0.0628668903168767,0.856971490271718,1.10340517195393
2857,Rlearner,1.03654976034399,0.0590412717544999,0.920830994103732,1.15226852658425
2857,intercept,1.21151115527674,0.0857468453673003,1.04344733835683,1.37957497219665
2857,AIPW,0.986467222743095,0.0790309218947814,0.831566615829324,1.14136782965687
2858,Tlearner,0.838577048326841,0.0680626711761621,0.705176664129971,0.971977432523711
2858,Rlearner,0.822355860917536,0.0652761450133075,0.69441696764184,0.950294754193233
2858,intercept,1.0680716994686,0.0792619602820223,0.912718257315831,1.22342514162136
2858,AIPW,0.876771066251266,0.0504542397703446,0.77788075630139,0.975661376201141
2859,Tlearner,1.03024059748534,0.0638826698300211,0.905032865382233,1.15544832958844
2859,Rlearner,1.06705296965655,0.061577562908816,0.946363164099518,1.18774277521358
2859,intercept,1.20676321129832,0.0814661147082053,1.04708962647024,1.3664367961264
2859,AIPW,1.08017327846805,0.0501234043198808,0.98193140600108,1.17841515093501
2860,Tlearner,1.10533539947844,0.0606305861582464,0.986501634246723,1.22416916471015
2860,Rlearner,1.1134067292482,0.0545898427763531,1.00641260348485,1.22040085501156
2860,intercept,1.36022692185633,0.0763204128546835,1.21063891266115,1.50981493105151
2860,AIPW,1.0980934953103,0.0496080288646955,1.0008617587355,1.1953252318851
2861,Tlearner,0.989722582010069,0.0573452162117182,0.877328023549439,1.1021171404707
2861,Rlearner,1.01520824469837,0.0601087792573637,0.897397202199265,1.13301928719747
2861,intercept,1.08931156396176,0.0760716686112402,0.940211093483724,1.23841203443979
2861,AIPW,1.00964156320027,0.0441110953172891,0.923183816378387,1.09609931002216
2862,Tlearner,0.932390580288441,0.0598611191090746,0.815064942760392,1.04971621781649
2862,Rlearner,0.966308360105646,0.0607328147105801,0.847274230593165,1.08534248961813
2862,intercept,1.10964367117808,0.0773962565811911,0.957947008278945,1.26134033407721
2862,AIPW,0.97638668958031,0.050710404959873,0.876994295858959,1.07577908330166
2863,Tlearner,0.958268570528049,0.115073051106011,0.73272953476913,1.18380760628697
2863,Rlearner,1.05200972954037,0.0581003719984986,0.938135092934937,1.16588436614581
2863,intercept,1.20946657610699,0.0807123206437469,1.05127042764524,1.36766272456873
2863,AIPW,1.12434656738222,0.0642319621785481,0.99845192151227,1.25024121325218
2864,Tlearner,0.915719978335164,0.0613142355462826,0.795546284924845,1.03589367174548
2864,Rlearner,0.959581931073773,0.0586529703587664,0.844624221584295,1.07453964056325
2864,intercept,1.06766656953428,0.0764841055245567,0.917757722706149,1.21757541636241
2864,AIPW,0.967545305685392,0.0579739181242142,0.853916426161932,1.08117418520885
2865,Tlearner,1.01847273837966,0.0625926268538761,0.895793444048305,1.14115203271101
2865,Rlearner,1.08396186241633,0.0579437928241544,0.970394115353342,1.19752960947933
2865,intercept,1.12645738824207,0.0730605565271288,0.983258697448897,1.26965607903524
2865,AIPW,1.06168025340826,0.0448327701966959,0.973808023822739,1.14955248299379
2866,Tlearner,0.949700423998335,0.0631961999374109,0.825838148161217,1.07356269983545
2866,Rlearner,0.94993938120175,0.0636871250974603,0.825114909731831,1.07476385267167
2866,intercept,1.11508630355099,0.0878025223302441,0.94299335978371,1.28717924731827
2866,AIPW,0.971142447442273,0.0521703767889112,0.868888508936007,1.07339638594854
2867,Tlearner,1.11587212563561,0.0609432459329927,0.996425558505976,1.23531869276524
2867,Rlearner,1.18796093510567,0.0586345989855881,1.07303923284597,1.30288263736537
2867,intercept,1.33977797220965,0.0761118036639389,1.19059883702833,1.48895710739097
2867,AIPW,1.15394903705157,0.0576699003153288,1.04091603243353,1.26698204166962
2868,Tlearner,0.980030513818816,0.0603406671759682,0.8617649793508,1.09829604828683
2868,Rlearner,1.017394916392,0.055945975609982,0.907742819116475,1.12704701366752
2868,intercept,1.24506397988127,0.0765265966953909,1.09507185035831,1.39505610940424
2868,AIPW,1.06553673765276,0.0705915371279175,0.92717732488204,1.20389615042348
2869,Tlearner,0.940088979192501,0.0578199260745768,0.826764006497562,1.05341395188744
2869,Rlearner,1.00002431374231,0.0588668541880054,0.884647399650647,1.11540122783397
2869,intercept,1.19789379037687,0.0844938306808131,1.03228588224248,1.36350169851126
2869,AIPW,1.00956913876451,0.0459785473966655,0.919451185867045,1.09968709166197
2870,Tlearner,0.996790648386829,0.060020506130031,0.879152618038103,1.11442867873556
2870,Rlearner,1.06407137134058,0.0594032725183717,0.947643096640755,1.18049964604041
2870,intercept,1.1918112034092,0.0794410821972652,1.03610668230256,1.34751572451584
2870,AIPW,1.04222285172579,0.0510872226784351,0.942091895276058,1.14235380817552
2871,Tlearner,1.00317567285909,0.0627935327679457,0.880102610171883,1.1262487355463
2871,Rlearner,0.993433972092634,0.0592946620962354,0.877218569908541,1.10964937427673
2871,intercept,1.06556128587258,0.0792386137745719,0.910253602874417,1.22086896887074
2871,AIPW,0.975180611756066,0.0650992865382606,0.847586010141075,1.10277521337106
2872,Tlearner,0.908139527076744,0.0647186760470098,0.78129325289749,1.034985801256
2872,Rlearner,0.93633406428586,0.0614027958643744,0.815986795841622,1.0566813327301
2872,intercept,1.12141748335223,0.0765587542999068,0.971362324924409,1.27147264178004
2872,AIPW,0.884452486059502,0.0497499085682408,0.78694266526575,0.981962306853254
2873,Tlearner,0.990689006481776,0.0610190090325025,0.871093946405747,1.1102840665578
2873,Rlearner,1.00210989227464,0.0595786804254041,0.88533782439443,1.11888196015486
2873,intercept,1.07801600865567,0.0769982929892556,0.927099354396729,1.22893266291461
2873,AIPW,0.926789288918405,0.0544179214153655,0.820130162944289,1.03344841489252
2874,Tlearner,0.981019803707171,0.0607681440066784,0.861916430046738,1.1001231773676
2874,Rlearner,1.02219737669467,0.058650700785419,0.907244115487211,1.13715063790212
2874,intercept,1.11865400073547,0.0777550266182317,0.966254148563738,1.27105385290721
2874,AIPW,0.978743306102378,0.0548861063290326,0.871166537697474,1.08632007450728
2876,Tlearner,0.996513838142036,0.0614177961808117,0.876137169617823,1.11689050666625
2876,Rlearner,1.0115870510626,0.0546558937857445,0.904463467699698,1.11871063442551
2876,intercept,1.16924293224432,0.0697035549911769,1.03262396446161,1.30586190002702
2876,AIPW,1.02487422382677,0.0589292638545318,0.909372866671883,1.14037558098165
2877,Tlearner,1.06929445929469,0.0636102117682599,0.944620735179936,1.19396818340945
2877,Rlearner,1.04361411969093,0.0703341058585513,0.905761805323344,1.18146643405852
2877,intercept,1.16418098336071,0.092197708723665,0.983473474262326,1.34488849245909
2877,AIPW,1.14106467640853,0.0555559509960401,1.0321750124563,1.24995434036077
2878,Tlearner,0.984484290124365,0.0600321482201909,0.866823441698221,1.10214513855051
2878,Rlearner,1.02213456267891,0.0562043340752362,0.911976092116394,1.13229303324143
2878,intercept,1.22438288045661,0.0781778161863851,1.0711543607313,1.37761140018193
2878,AIPW,0.957769884894751,0.0741473665389299,0.812441046478448,1.10309872331105
2879,Tlearner,0.979465515250876,0.060471111530832,0.860944314545341,1.09798671595641
2879,Rlearner,0.982117243945794,0.0598871935868298,0.86474050138043,1.09949398651116
2879,intercept,1.24604332793882,0.0812622205298453,1.08676937570032,1.40531728017732
2879,AIPW,0.987032042307866,0.053183013153116,0.882793336527759,1.09127074808797
2880,Tlearner,1.05352770756125,0.0668484273360603,0.922507197559425,1.18454821756307
2880,Rlearner,1.06839088620368,0.0650847579422323,0.940827104694393,1.19595466771296
2880,intercept,1.19282156355541,0.0858285718273797,1.02459756277375,1.36104556433708
2880,AIPW,1.01971196621722,0.0544719083534339,0.912947025844494,1.12647690658996
2881,Tlearner,0.986658214134789,0.0681680980224142,0.853051197116261,1.12026523115332
2881,Rlearner,0.94222598173232,0.0604292287063571,0.823786869854327,1.06066509361031
2881,intercept,1.05701682192696,0.0888346622969249,0.882900883824985,1.23113276002893
2881,AIPW,0.942680274158111,0.0530389657207501,0.838723901345441,1.04663664697078
2882,Tlearner,0.915836420013209,0.0602840592822042,0.797681834978211,1.03399100504821
2882,Rlearner,0.972017887980777,0.0606155954740038,0.85321350395028,1.09082227201127
2882,intercept,1.16375256105089,0.0783711934705023,1.01014502184871,1.31736010025308
2882,AIPW,0.962857433876924,0.0485023155069885,0.867792895483227,1.05792197227062
2883,Tlearner,0.998669415830625,0.0624641977251946,0.876241837966054,1.12109699369519
2883,Rlearner,0.996970174016294,0.0620811231064737,0.875293408607808,1.11864693942478
2883,intercept,1.14580385118033,0.0915012521373622,0.966461396991103,1.32514630536956
2883,AIPW,1.0037417174461,0.0489187022255257,0.907861061084069,1.09962237380813
2884,Tlearner,0.953016645720563,0.0630473002942729,0.829446207821307,1.07658708361982
2884,Rlearner,0.96738585579126,0.0618871252588641,0.846089319177168,1.08868239240535
2884,intercept,1.19199016523153,0.0864812457999747,1.02248692346358,1.36149340699948
2884,AIPW,1.01257760794875,0.0488271331038143,0.916876427065275,1.10827878883223
2885,Tlearner,0.960066201381005,0.0677361054600821,0.827305874226237,1.09282652853577
2885,Rlearner,0.970648801550914,0.0610886603189299,0.850917227462011,1.09038037563982
2885,intercept,1.19409575751723,0.0825321097985671,1.03233282231204,1.35585869272242
2885,AIPW,1.00705404570409,0.0489989761843676,0.911016052382734,1.10309203902546
2886,Tlearner,1.06075088363981,0.0639690583575327,0.935373833134107,1.18612793414552
2886,Rlearner,1.12162404504778,0.0615210006726234,1.00104509943658,1.24220299065899
2886,intercept,1.37373473628861,0.0829076666136988,1.21123570972576,1.53623376285146
2886,AIPW,1.09990016637793,0.0634803872516774,0.975478607364641,1.22432172539122
2887,Tlearner,1.05515905179848,0.0600167436237407,0.937528395826573,1.17278970777038
2887,Rlearner,1.09807826704276,0.0618951080373977,0.976766084470244,1.21939044961527
2887,intercept,1.1819389977354,0.0832332715634268,1.01880178547108,1.34507620999972
2887,AIPW,1.09580221301423,0.055923394110177,0.986192360558286,1.20541206547018
2888,Tlearner,0.952628588829586,0.0657404345872625,0.823779704710541,1.08147747294863
2888,Rlearner,0.925769806770743,0.0647289288642565,0.798903437438945,1.05263617610254
2888,intercept,0.987859677425669,0.0789408163114576,0.833135677455212,1.14258367739613
2888,AIPW,0.986513127734773,0.0531706277497117,0.882298697345338,1.09072755812421
2889,Tlearner,1.02245466076422,0.0595026791298853,0.905831552686005,1.13907776884244
2889,Rlearner,1.05176013079667,0.0577940443435711,0.938485885362363,1.16503437623098
2889,intercept,1.2763437877868,0.0739413119671292,1.13141881633123,1.42126875924238
2889,AIPW,0.965150487301702,0.0678254388688085,0.832212627118837,1.09808834748457
2891,Tlearner,1.03688369977424,0.0632392141606204,0.912937117608809,1.16083028193967
2891,Rlearner,1.03116704063844,0.0619419799590366,0.909762990787622,1.15257109048925
2891,intercept,1.13087208506947,0.0796739963189878,0.974711052284255,1.28703311785469
2891,AIPW,1.04081806203596,0.0511213739538202,0.940620169086475,1.14101595498545
2892,Tlearner,1.0617127048734,0.0598795886369689,0.944350867735863,1.17907454201093
2892,Rlearner,1.08208595181954,0.0557538758562194,0.972810363142832,1.19136154049625
2892,intercept,1.17187089185961,0.0787334423195659,1.01755334491326,1.32618843880596
2892,AIPW,1.16434265681291,0.0981819142763154,0.971906104831328,1.35677920879448
2893,Tlearner,1.09915374475657,0.0600171490864151,0.981522294092426,1.21678519542072
2893,Rlearner,1.10992802964797,0.064319684732,0.98386376407628,1.23599229521966
2893,intercept,1.18420401703576,0.0826507725703246,1.02220850279792,1.3461995312736
2893,AIPW,1.09523064629028,0.0459220397793108,1.00522344832284,1.18523784425773
2895,Tlearner,1.02669172318638,0.0610552658263648,0.907025601100187,1.14635784527258
2895,Rlearner,1.03893595004261,0.0566562796146216,0.92789168249992,1.1499802175853
2895,intercept,1.21576147789532,0.089451081276707,1.04043735859297,1.39108559719766
2895,AIPW,1.00806310317238,0.0482646089585242,0.913464469613677,1.10266173673109
2896,Tlearner,1.02991181761286,0.0601563792350702,0.912007480871787,1.14781615435393
2896,Rlearner,1.04567180473038,0.0559928710633223,0.935927794055271,1.15541581540548
2896,intercept,1.1209036478012,0.077361357923979,0.969275386270206,1.2725319093322
2896,AIPW,1.08155258947962,0.0502378966728733,0.983086312000784,1.18001886695845
2897,Tlearner,1.07138985724246,0.0585773947908747,0.956580273144164,1.18619944134076
2897,Rlearner,1.0882287048412,0.0532294347110994,0.983900929890023,1.19255647979238
2897,intercept,1.15138783246732,0.0753212811317232,1.00375812144914,1.2990175434855
2897,AIPW,1.17952956923543,0.0820437812980856,1.01872375789118,1.34033538057968
2898,Tlearner,1.01635358065206,0.0612517462412264,0.896302364029072,1.13640479727505
2898,Rlearner,1.09413762313422,0.0583086229397661,0.979854822184156,1.20842042408429
2898,intercept,1.14123232257256,0.0803175404769233,0.983809943237794,1.29865470190733
2898,AIPW,1.09206241761343,0.0535682484191776,0.987068650711842,1.19705618451502
2899,Tlearner,1.03192838872913,0.0598998918433073,0.914526758038399,1.14933001941985
2899,Rlearner,1.04131301636589,0.053071978453497,0.937293850008749,1.14533218272303
2899,intercept,1.35123828045104,0.0752760947504695,1.20369713474012,1.49877942616196
2899,AIPW,0.986503361434013,0.095750977762729,0.798831445019064,1.17417527784896
2900,Tlearner,1.04816072952854,0.060890622381449,0.928817302664673,1.16750415639241
2900,Rlearner,1.04479037950661,0.0587824450194493,0.929578904345281,1.16000185466793
2900,intercept,1.14249214291126,0.077311272178739,0.99096204944093,1.29402223638159
2900,AIPW,1.14437899294281,0.102550104214854,0.943380788681692,1.34537719720392
2901,Tlearner,1.10489944788583,0.0635639918302038,0.980316313185029,1.22948258258662
2901,Rlearner,1.06829152550092,0.0629899378347291,0.944833515956437,1.19174953504541
2901,intercept,1.23275144416577,0.0766700117972456,1.08247822104316,1.38302466728837
2901,AIPW,0.972687320262309,0.0630457163729516,0.849117716171324,1.09625692435329
2902,Tlearner,0.928921233497953,0.0620708589145257,0.807264585536016,1.05057788145989
2902,Rlearner,0.990653557811624,0.0584035875815819,0.876184629583793,1.10512248603946
2902,intercept,1.0925035398014,0.079078730349281,0.937509228316814,1.247497851286
2902,AIPW,0.992329849677423,0.0659767977800532,0.863015326028519,1.12164437332633
2903,Tlearner,1.11104243246693,0.0628663839607003,0.987826584065686,1.23425828086816
2903,Rlearner,1.11126179402166,0.0616404286930572,0.990448773791654,1.23207481425166
2903,intercept,1.27932672676267,0.0857158388598735,1.11132368259732,1.44732977092802
2903,AIPW,1.08241654648038,0.0487188194503075,0.986927660357779,1.17790543260298
2904,Tlearner,0.995916237085592,0.0599123452963889,0.878490198075342,1.11334227609584
2904,Rlearner,1.04235378492747,0.0624916184472241,0.919872463435291,1.16483510641965
2904,intercept,1.22986951917215,0.0819540718381556,1.06923953836937,1.39049949997494
2904,AIPW,1.10630281981951,0.0610003712600645,0.98674209214978,1.22586354748923
2905,Tlearner,0.896038074322625,0.0628915350034293,0.772772930783463,1.01930321786179
2905,Rlearner,0.952747726488179,0.0581734878864064,0.838729785375745,1.06676566760061
2905,intercept,1.07704379807244,0.0779448544719149,0.924271883307485,1.22981571283739
2905,AIPW,0.966411868750619,0.0504351501489496,0.867558974458677,1.06526476304256
2906,Tlearner,1.12040354144321,0.0634129604358497,0.996116422835885,1.24469066005054
2906,Rlearner,1.16426218974941,0.0600341212051147,1.04659747434388,1.28192690515495
2906,intercept,1.24464376644069,0.0876522497322803,1.07284535696543,1.41644217591596
2906,AIPW,1.17192764701421,0.0496219117712865,1.07466869994248,1.26918659408593
2907,Tlearner,1.04827866131396,0.0595278591534647,0.931606201296399,1.16495112133153
2907,Rlearner,0.989708069000796,0.0581744449768661,0.875688252025531,1.10372788597606
2907,intercept,1.048167718984,0.0766536804887589,0.897926505226032,1.19840893274197
2907,AIPW,1.00686876971017,0.0436756202282753,0.921264554062745,1.09247298535758
2908,Tlearner,0.98483041632957,0.0626066193976005,0.862123697116467,1.10753713554267
2908,Rlearner,0.993387903115737,0.061854621067097,0.872155073546855,1.11462073268462
2908,intercept,1.13938141663977,0.0897388118997735,0.963493345316211,1.31526948796332
2908,AIPW,1.01379383731257,0.0628880141066589,0.890533329663514,1.13705434496162
2909,Tlearner,0.892825013696339,0.0606907826904388,0.773873265429532,1.01177676196315
2909,Rlearner,0.900253031009194,0.0584164885800697,0.785758817288962,1.01474724472943
2909,intercept,1.08586466492968,0.0830364754913455,0.923113172966644,1.24861615689272
2909,AIPW,0.905397693842517,0.0523884199623444,0.802716390716322,1.00807899696871
2910,Tlearner,1.1374783449976,0.0602392122960456,1.01941165844029,1.25554503155491
2910,Rlearner,1.12314061920348,0.0568570292943917,1.01170288951854,1.23457834888843
2910,intercept,1.28629263377737,0.0748360714886943,1.13961393365953,1.43297133389521
2910,AIPW,1.12201448047031,0.0654339304214824,0.993763976844201,1.25026498409641
2911,Tlearner,1.0025070908382,0.0617680835441264,0.88144387169765,1.12357030997875
2911,Rlearner,0.995569018634537,0.061189108102502,0.875640570507505,1.11549746676157
2911,intercept,1.14659222812327,0.0820225361070071,0.985828057353538,1.30735639889301
2911,AIPW,1.01334278576131,0.0599788364400382,0.89578426633884,1.13090130518379
2912,Tlearner,1.02723100626388,0.0641183619699807,0.90156132605501,1.15290068647274
2912,Rlearner,1.02318522301018,0.0605298165925783,0.904548962497914,1.14182148352245
2912,intercept,1.27766759800774,0.083571197231276,1.11386805143444,1.44146714458104
2912,AIPW,1.07611088101438,0.0526301719657618,0.972955743961484,1.17926601806727
2913,Tlearner,1.08478661771721,0.0611126575165755,0.965008009985194,1.20456522544923
2913,Rlearner,1.11107541765489,0.0571739564758289,0.999016522108601,1.22313431320117
2913,intercept,1.20130419500366,0.0729881263657828,1.05824746732672,1.34436092268059
2913,AIPW,1.12260492058107,0.0552801389372037,1.01425584826415,1.23095399289799
2914,Tlearner,0.961418538456712,0.0592170146756149,0.845355322420527,1.0774817544929
2914,Rlearner,0.966693283039026,0.0607957391157735,0.847535823958617,1.08585074211943
2914,intercept,1.10985729944351,0.0832360411347912,0.946714658819317,1.2729999400677
2914,AIPW,0.99851986127453,0.0515501340174437,0.89748159860034,1.09955812394872
2915,Tlearner,0.987323178009615,0.0583673294687105,0.872925314377159,1.10172104164207
2915,Rlearner,0.961612300736926,0.0572206495248876,0.849461888496158,1.0737627129777
2915,intercept,1.15579365928966,0.0793255870860887,1.00031550860093,1.31127180997839
2915,AIPW,1.00632167873588,0.0678046060850809,0.873424650809123,1.13921870666264
2916,Tlearner,1.01708372897726,0.0609430064012035,0.897637631321307,1.13652982663321
2916,Rlearner,1.04975170146648,0.0573213604789772,0.937403899382846,1.16209950355011
2916,intercept,1.15015377956703,0.0768562808800949,0.99951546904204,1.30079209009201
2916,AIPW,1.01844562740201,0.051792260196076,0.916932797417699,1.11995845738632
2917,Tlearner,1.03132870325563,0.0582777695725615,0.917106373794083,1.14555103271717
2917,Rlearner,1.0207184874392,0.0565803034191711,0.909823130503281,1.13161384437513
2917,intercept,1.19678147598106,0.0791650923935171,1.04161789488977,1.35194505707235
2917,AIPW,1.0963990794665,0.0561644042789185,0.986316847079817,1.20648131185318
2918,Tlearner,0.992244226570795,0.0626424407985134,0.869467298702026,1.11502115443956
2918,Rlearner,1.00149010280641,0.0576498397746782,0.888498493133535,1.11448171247928
2918,intercept,1.19183009285016,0.0868291221018038,1.02164501353062,1.36201517216969
2918,AIPW,1.00566262080611,0.0466637515162125,0.914201667834335,1.09712357377789
2919,Tlearner,0.94856633717382,0.0622024561619968,0.826651763346374,1.07048091100127
2919,Rlearner,1.01194946645026,0.0574621515875433,0.899325718864494,1.12457321403603
2919,intercept,1.11254677166595,0.0792394634461011,0.957237423311588,1.2678561200203
2919,AIPW,0.940564089077828,0.0433096176972909,0.855677238391138,1.02545093976452
2920,Tlearner,1.0467100658498,0.0640944633100201,0.921087226153739,1.17233290554587
2920,Rlearner,0.961349137927729,0.0608455091012767,0.842094131468222,1.08060414438723
2920,intercept,1.1821633407205,0.0796130643806435,1.02612173453444,1.33820494690656
2920,AIPW,1.10856943843515,0.0579453827428859,0.994996488259097,1.22214238861121
2921,Tlearner,0.957405858786238,0.0638308862289007,0.832299620676318,1.08251209689616
2921,Rlearner,1.01201525229946,0.0602381808259244,0.893950587386442,1.13007991721249
2921,intercept,1.10143599892504,0.0838076083191775,0.937173086619452,1.26569891123063
2921,AIPW,1.00168014010863,0.0508779713201938,0.901959316321054,1.10140096389621
2922,Tlearner,0.940334612437081,0.0599529656830546,0.822828958931929,1.05784026594223
2922,Rlearner,0.899589313305285,0.0503009171761796,0.801001327250641,0.998177299359929
2922,intercept,1.06533827286664,0.075691125604454,0.916983666681913,1.21369287905137
2922,AIPW,0.928423065195957,0.0527437399854378,0.825045334824499,1.03180079556742
2923,Tlearner,1.11559208234275,0.0641976426774624,0.989767014802547,1.24141714988294
2923,Rlearner,1.09178008788036,0.0635496220638656,0.967225117404054,1.21633505835667
2923,intercept,1.26356066727026,0.0843529514780498,1.09822888237328,1.42889245216724
2923,AIPW,1.10017985820336,0.0525654397789713,0.997151596236577,1.20320812017014
2924,Tlearner,1.02526360147788,0.0572024818689296,0.913148797188472,1.13737840576729
2924,Rlearner,1.03993245700655,0.0579378370330032,0.926376383079718,1.15348853093339
2924,intercept,1.14219119277457,0.0734650099964205,0.99819977318159,1.28618261236756
2924,AIPW,1.09461530508467,0.0484057032461582,0.999740126722197,1.18949048344714
2925,Tlearner,1.03070482285051,0.0604209451622483,0.912281946420637,1.14912769928039
2925,Rlearner,1.04713403326321,0.057356896936947,0.934716581001813,1.1595514855246
2925,intercept,1.15733378690607,0.0740817986411878,1.01213346156934,1.3025341122428
2925,AIPW,1.03431073230729,0.0534689822701445,0.929511527057802,1.13910993755677
2926,Tlearner,0.95782752769996,0.0626742268727603,0.834988300270458,1.08066675512946
2926,Rlearner,0.924612931142151,0.0596236760777501,0.807752673403879,1.04147318888042
2926,intercept,1.06731458451302,0.0828394322515703,0.904949297299941,1.2296798717261
2926,AIPW,0.974843638787789,0.0507207486102524,0.875430971511694,1.07425630606388
2928,Tlearner,1.05313641806484,0.0649864552516795,0.925765306288623,1.18050752984105
2928,Rlearner,1.06044212634967,0.0624208120287882,0.9380995828875,1.18278466981184
2928,intercept,1.21181405102692,0.0841510238487201,1.04687804428343,1.37675005777041
2928,AIPW,1.07254427331025,0.0516625136008052,0.971285746652673,1.17380279996783
2930,Tlearner,1.04640432267428,0.0628264036409836,0.923266834259773,1.16954181108878
2930,Rlearner,1.05987214602716,0.0594980615888942,0.94325808816298,1.17648620389134
2930,intercept,1.14319135912436,0.0740719187119224,0.998010398448996,1.28837231979973
2930,AIPW,1.04158787557297,0.0595833527138062,0.924804504253908,1.15837124689203
2931,Tlearner,1.0453261063249,0.0614383573202465,0.92490913870791,1.16574307394188
2931,Rlearner,1.08565487892508,0.0623865236106041,0.963379539527641,1.20793021832252
2931,intercept,1.20938174120671,0.0862302517552622,1.0403704477664,1.37839303464703
2931,AIPW,1.05822251708393,0.0504913848217195,0.959259402833361,1.1571856313345
2932,Tlearner,1.04640977260377,0.0599720183587465,0.928866776540451,1.16395276866709
2932,Rlearner,1.1031002178917,0.0609547293738842,0.983631143631503,1.2225692921519
2932,intercept,1.26673994194682,0.0845451689970738,1.10103141071255,1.43244847318108
2932,AIPW,0.991508696825531,0.0931854867565466,0.8088651427827,1.17415225086836
2933,Tlearner,0.934675627308847,0.0637126146927689,0.809801197150143,1.05955005746755
2933,Rlearner,1.02829225427039,0.0535854051528693,0.923266790073778,1.133317718467
2933,intercept,1.10393465144477,0.0768034285760623,0.953399931435684,1.25446937145385
2933,AIPW,1.01491592017953,0.0495878197655402,0.917723793439072,1.11210804691999
2934,Tlearner,1.01717757827376,0.0628970160310884,0.893901692117793,1.14045346442974
2934,Rlearner,1.03619846668979,0.060962210942808,0.916714728823949,1.15568220455562
2934,intercept,1.22600368293841,0.0867600531286787,1.0559539788062,1.39605338707062
2934,AIPW,1.08861486072534,0.0533231444128363,0.984101497676178,1.1931282237745
2935,Tlearner,0.9667692602274,0.0642151299848139,0.840909918194607,1.09262860226019
2935,Rlearner,0.972159124257365,0.0641899901627289,0.846349055370436,1.09796919314429
2935,intercept,1.03837023572854,0.0884203805581664,0.865066289834535,1.21167418162255
2935,AIPW,0.993678268081496,0.054037504645686,0.887764758975952,1.09959177718704
2936,Tlearner,0.912135067906973,0.0616786702200813,0.79124709566129,1.03302304015266
2936,Rlearner,0.956415289127091,0.0602927891453596,0.838243593874718,1.07458698437946
2936,intercept,1.23661252800832,0.0805075389179546,1.07881775172912,1.39440730428751
2936,AIPW,1.05495350707561,0.0590023227609967,0.939308954464052,1.17059805968716
2938,Tlearner,0.942482063388586,0.0635374397061721,0.817950969894604,1.06701315688257
2938,Rlearner,0.95501631960939,0.0632735023826679,0.831002533763651,1.07903010545513
2938,intercept,1.14335333110283,0.0834287806879958,0.979832920954362,1.30687374125131
2938,AIPW,0.935168806403894,0.0490026604249969,0.8391235919709,1.03121402083689
2939,Tlearner,0.933697699364669,0.0605060007931144,0.815108116961613,1.05228728176773
2939,Rlearner,0.959097268784096,0.0605965866908219,0.840330141284026,1.07786439628417
2939,intercept,1.21109538543387,0.0766650509107397,1.06083188564882,1.36135888521892
2939,AIPW,1.00154891440124,0.0487855399606145,0.905929256078434,1.09716857272404
2940,Tlearner,0.97879065838406,0.0643959210586473,0.852576972357827,1.10500434441029
2940,Rlearner,0.959218907210669,0.0592869604877589,0.843018599901812,1.07541921451953
2940,intercept,1.15256262016522,0.0802865568884865,0.995200968663785,1.30992427166665
2940,AIPW,0.880756155610776,0.0812129416708429,0.721578789935924,1.03993352128563
2941,Tlearner,0.894513961023668,0.0654766706721371,0.766182044678689,1.02284587736865
2941,Rlearner,0.857700486754632,0.0585817414747581,0.742882383312469,0.972518590196794
2941,intercept,1.10587185071813,0.0868376531179563,0.935670050606932,1.27607365082932
2941,AIPW,0.91176277458034,0.065031835353285,0.784300377287902,1.03922517187278
2943,Tlearner,0.941458400060703,0.0630236175237777,0.817934379538672,1.06498242058273
2943,Rlearner,0.957693945034642,0.0605918732877603,0.838936055634817,1.07645183443447
2943,intercept,0.971080100991786,0.0796972099339716,0.814873569521202,1.12728663246237
2943,AIPW,0.961518242880334,0.0407975621728043,0.881555021021638,1.04148146473903
2944,Tlearner,1.02725629989822,0.0586128478272323,0.912377229125517,1.14213537067092
2944,Rlearner,1.07251312057106,0.05548911447839,0.963756454659397,1.18126978648273
2944,intercept,1.22796972209431,0.0704874692106496,1.08981428244144,1.36612516174718
2944,AIPW,1.0764060973517,0.0437670701206485,0.990622639915229,1.16218955478817
2946,Tlearner,0.300907793933325,0.355983823493446,-0.396807679192693,0.998623267059343
2946,Rlearner,1.0242188959181,0.061711839172924,0.903265913719443,1.14517187811676
2946,intercept,1.3003656382873,0.0751332131583476,1.15310454049694,1.44762673607766
2946,AIPW,1.0788799734804,0.0459878743342641,0.988743739785238,1.16901620717555
2947,Tlearner,1.05359262450961,0.0607466379174957,0.93453140200942,1.17265384700979
2947,Rlearner,1.04609796676159,0.0595566149987518,0.929369146322914,1.16282678720026
2947,intercept,1.19290200181154,0.0854302505365914,1.02545871075982,1.36034529286326
2947,AIPW,1.07717599605752,0.05083381040755,0.977541727658724,1.17681026445632
2948,Tlearner,1.09798796837074,0.0633611979970418,0.973802302279224,1.22217363446225
2948,Rlearner,1.14732656683804,0.057993990522652,1.03366043409388,1.26099269958219
2948,intercept,1.29039856842208,0.0727021163218778,1.1479024204312,1.43289471641296
2948,AIPW,1.08537818920943,0.0563953395661764,0.974843323659728,1.19591305475914
2949,Tlearner,1.0529771131753,0.0595418505611487,0.93627723050258,1.16967699584802
2949,Rlearner,1.09435933298435,0.0565338908971677,0.98355494291998,1.20516372304871
2949,intercept,1.30146366146828,0.0780706100198881,1.1484452658293,1.45448205710726
2949,AIPW,1.04103968290759,0.0634875454513521,0.91660409382294,1.16547527199224
2951,Tlearner,1.02172022945864,0.0623778215352018,0.899461945815574,1.1439785131017
2951,Rlearner,1.06716433539427,0.0608157515700865,0.947967652624165,1.18636101816437
2951,intercept,1.14856237047754,0.0756762002142124,1.00023701805769,1.2968877228974
2951,AIPW,1.09557008097782,0.0511112303152487,0.995392069559929,1.1957480923957
2953,Tlearner,1.06739669185063,0.065317930056865,0.939375901394473,1.1954174823068
2953,Rlearner,1.09909925871266,0.0607574769487213,0.980016792101641,1.21818172532367
2953,intercept,1.1811530459415,0.0797602654844455,1.02482292559199,1.33748316629102
2953,AIPW,1.0949420402224,0.0665172284864863,0.964568272388886,1.22531580805591
2954,Tlearner,1.06979847471796,0.0639827471537122,0.944394594664753,1.19520235477117
2954,Rlearner,1.09849774243606,0.0606005676572904,0.979722812385091,1.21727267248704
2954,intercept,1.37226851827821,0.0766177998647159,1.22209763054337,1.52243940601306
2954,AIPW,1.13112032581534,0.0498611168479438,1.03339253679337,1.22884811483731
2955,Tlearner,1.12163553982765,0.0602422900708867,1.0035628209425,1.23970825871281
2955,Rlearner,1.13938154283649,0.0600770482952375,1.02163269188035,1.25713039379262
2955,intercept,1.24918710271369,0.0818549104131876,1.08875147830384,1.40962272712354
2955,AIPW,1.03076056538975,0.0647471865493677,0.903856079752992,1.15766505102651
2956,Tlearner,0.960126730204989,0.0648011150000014,0.833118878646948,1.08713458176303
2956,Rlearner,1.04373262054613,0.062010660195231,0.922193959905923,1.16527128118633
2956,intercept,1.17510667501565,0.0761775133827654,1.02579874878543,1.32441460124587
2956,AIPW,1.03769311016463,0.0458964643708619,0.947736039997737,1.12765018033152
2958,Tlearner,0.97366086325868,0.0630794481732983,0.850027416674355,1.09729430984301
2958,Rlearner,0.974393377443963,0.0643001769382713,0.848367346445398,1.10041940844253
2958,intercept,1.15377072605643,0.0917632997419796,0.973914658562149,1.33362679355071
2958,AIPW,1.01153455104841,0.059158074962002,0.895584724122887,1.12748437797393
2959,Tlearner,0.889572644661512,0.0569012548473483,0.778048234485574,1.00109705483745
2959,Rlearner,0.874366317149616,0.0553825279882059,0.765818556919951,0.982914077379281
2959,intercept,1.01812250804945,0.0770956103757633,0.867015111712955,1.16922990438595
2959,AIPW,0.889488773343095,0.0479094169945719,0.795586316033734,0.983391230652456
2960,Tlearner,0.920410402464684,0.0576673764294904,0.807384421579969,1.0334363833494
2960,Rlearner,0.935224111317033,0.0584124600914565,0.820737793289395,1.04971042934467
2960,intercept,1.03150003082707,0.0839603949884942,0.86693765664962,1.19606240500452
2960,AIPW,0.943132544616084,0.0512865724947628,0.842610862526349,1.04365422670582
2961,Tlearner,1.07405873736752,0.0635742321260998,0.949455532055572,1.19866194267946
2961,Rlearner,1.07551960629209,0.0591774997081529,0.959533838168983,1.1915053744152
2961,intercept,1.31643488210286,0.0807245504138622,1.15821476329169,1.47465500091403
2961,AIPW,1.1218235295354,0.0573718404067165,1.00937472233823,1.23427233673256
2962,Tlearner,0.977094381545531,0.0622033261785786,0.85517810251692,1.09901066057414
2962,Rlearner,0.987434811070265,0.0559870924149793,0.87770212633779,1.09716749580274
2962,intercept,1.09722308103592,0.075282656396595,0.949669074498589,1.24477708757324
2962,AIPW,0.979871833943262,0.0455955869612395,0.890504483499232,1.06923918438729
2963,Tlearner,1.00698725430494,0.0613342792973051,0.886774275864501,1.12720023274538
2963,Rlearner,1.03615698714082,0.0615442158493129,0.915532540619405,1.15678143366223
2963,intercept,1.12424204658722,0.0884800787781596,0.950821092182031,1.29766300099242
2963,AIPW,1.04242450532519,0.0500864023923135,0.94425515663626,1.14059385401413
2964,Tlearner,0.981431478260623,0.0598868979662854,0.864055315100879,1.09880764142037
2964,Rlearner,1.0239633312749,0.0543122511186577,0.917513275163035,1.13041338738676
2964,intercept,1.21453855611616,0.0757217620165137,1.0661239025638,1.36295320966853
2964,AIPW,1.02980925015427,0.0522138382323828,0.927470127218799,1.13214837308974
2965,Tlearner,0.93343081769634,0.060512538553984,0.81482842151744,1.05203321387524
2965,Rlearner,0.99992120017134,0.0595324974572478,0.883239649245412,1.11660275109727
2965,intercept,1.22348569266868,0.0762807486497954,1.07397542531508,1.37299596002228
2965,AIPW,0.967390437634858,0.0431236243560936,0.882868133896914,1.0519127413728
2966,Tlearner,0.92600870869717,0.0582769048039063,0.811788074151044,1.0402293432433
2966,Rlearner,0.927006581851124,0.0595530476450139,0.810284753297298,1.04372841040495
2966,intercept,1.04280699083374,0.0759298104111003,0.893984562427987,1.1916294192395
2966,AIPW,0.950112034902976,0.04757035395622,0.856874141148785,1.04334992865717
2968,Tlearner,1.01263706980676,0.0624008680489422,0.890333615826797,1.13494052378672
2968,Rlearner,1.03653801365879,0.0593539056104803,0.920206496320462,1.15286953099712
2968,intercept,1.0375519220319,0.0779530646317852,0.884763915353601,1.1903399287102
2968,AIPW,1.01559504360208,0.0491209270817067,0.919318026521938,1.11187206068223
2969,Tlearner,0.951879260267712,0.0610192310520821,0.832283765041303,1.07147475549412
2969,Rlearner,0.90623411874416,0.0601388902643687,0.788364059755791,1.02410417773253
2969,intercept,1.0245269327279,0.0789983972054911,0.869690074205136,1.17936379125066
2969,AIPW,0.926576505971278,0.0445302449562446,0.839297225857038,1.01385578608552
2970,Tlearner,1.08910128001946,0.0602921167159934,0.970930902704427,1.20727165733449
2970,Rlearner,1.0557877725858,0.0578194541114771,0.942463724921541,1.16911182025006
2970,intercept,1.23707646284445,0.0741507276551241,1.09174103664041,1.38241188904849
2970,AIPW,0.999736812675616,0.0554179217022497,0.891117686139206,1.10835593921203
2971,Tlearner,1.00559461285589,0.0635138270906673,0.881109799237876,1.1300794264739
2971,Rlearner,0.986928183769807,0.0599952918829106,0.869339572437334,1.10451679510228
2971,intercept,1.21556723215492,0.0909678429296627,1.03727026001279,1.39386420429706
2971,AIPW,0.965804097254662,0.0485166996459196,0.87071136594866,1.06089682856066
2974,Tlearner,1.08086599526416,0.0601806703411008,0.962914048830126,1.1988179416982
2974,Rlearner,1.10340040535577,0.057742964484298,0.99022627460597,1.21657453610557
2974,intercept,1.19824500775653,0.0722094625955353,1.05671446106928,1.33977555444378
2974,AIPW,1.14379036781043,0.0663829141674587,1.01367985604221,1.27390087957865
2975,Tlearner,1.00538108048284,0.0588831618773394,0.889972203907418,1.12078995705827
2975,Rlearner,1.05612236361773,0.0590346357155642,0.940416603774783,1.17182812346068
2975,intercept,1.15676548258949,0.0755800959022304,1.00862849462112,1.30490247055786
2975,AIPW,1.02213772164704,0.0593297364361414,0.905851438232207,1.13842400506188
2976,Tlearner,0.951342482993966,0.0635342695462543,0.826817602899247,1.07586736308868
2976,Rlearner,0.989910793280342,0.0599390025296002,0.87243250705307,1.10738907950761
2976,intercept,1.16990692556145,0.0780579659524463,1.01691331229465,1.32290053882824
2976,AIPW,0.988808707109509,0.0465211320038718,0.89762728838192,1.0799901258371
2977,Tlearner,0.933354852720404,0.0608521735962359,0.814086784090803,1.05262292135001
2977,Rlearner,0.960142306337312,0.0578549302839319,0.84674872665273,1.07353588602189
2977,intercept,1.05993756338953,0.0719229003924952,0.918968678620242,1.20090644815882
2977,AIPW,0.96851774917812,0.0544973773025048,0.861702889665211,1.07533260869103
2978,Tlearner,1.07614891370071,0.058469259005261,0.961551271847655,1.19074655555377
2978,Rlearner,1.0521230876451,0.0620666776850219,0.9304746347424,1.1737715405478
2978,intercept,1.19582002148509,0.0806869778474663,1.03767354490406,1.35396649806613
2978,AIPW,1.06440921724274,0.0514928216646448,0.963483286780036,1.16533514770544
2980,Tlearner,0.981019786743405,0.0655106611886273,0.85262125021029,1.10941832327652
2980,Rlearner,0.993999429573176,0.0617893648706697,0.872894499799059,1.11510435934729
2980,intercept,1.150472570858,0.0887262030501152,0.976569212879779,1.32437592883623
2980,AIPW,1.02999136413101,0.0744212141705719,0.884125784356694,1.17585694390534
2981,Tlearner,0.970270675974524,0.0595771869020052,0.853501535346382,1.08703981660267
2981,Rlearner,0.975353664000709,0.0540138587437385,0.869488446196947,1.08121888180447
2981,intercept,1.27364492353859,0.0697760678072624,1.13688383063636,1.41040601644083
2981,AIPW,0.957734331978511,0.0500476162082711,0.859641004210299,1.05582765974672
2982,Tlearner,0.956353262144478,0.0658936714112623,0.827204039369287,1.08550248491967
2982,Rlearner,1.00082568262842,0.0626378975229274,0.87805765941617,1.12359370584067
2982,intercept,1.16120530631832,0.0882317308514607,0.98827111384946,1.33413949878719
2982,AIPW,1.03488637333737,0.0588419928081541,0.919556067433384,1.15021667924135
2983,Tlearner,1.09397242716317,0.0607721338049293,0.974861233641863,1.21308362068448
2983,Rlearner,1.15092178741565,0.0565845829741013,1.04001804270619,1.26182553212511
2983,intercept,1.23849278991565,0.0785740933751391,1.08448756690037,1.39249801293092
2983,AIPW,1.12982343366046,0.0550687628498621,1.02188865847473,1.23775820884619
2985,Tlearner,0.991419366855566,0.0598564069067142,0.874102965074431,1.1087357686367
2985,Rlearner,0.982130791958584,0.0590608850381989,0.866373584388654,1.09788799952851
2985,intercept,1.11960300758987,0.0852167317418094,0.952578213375922,1.28662780180381
2985,AIPW,0.998039496348139,0.0621145179476677,0.876295041170711,1.11978395152557
2986,Tlearner,1.08377318772192,0.0568733780499583,0.972303415064876,1.19524296037897
2986,Rlearner,1.08301515041409,0.0565774835031075,0.972125320412087,1.19390498041609
2986,intercept,1.2397442179234,0.0755818853714206,1.09160372259542,1.38788471325139
2986,AIPW,1.09835530367214,0.0430351082688956,1.01400649146511,1.18270411587918
2987,Tlearner,0.968491333930398,0.0593107036864511,0.852244490807227,1.08473817705357
2987,Rlearner,0.988114724692696,0.0571476754280123,0.876107339053607,1.10012211033178
2987,intercept,1.10709408621731,0.0769224505317756,0.956326083175035,1.2578620892596
2987,AIPW,0.975400963740158,0.0486629390265988,0.880021603248024,1.07078032423229
2988,Tlearner,1.08185160668126,0.0598071551142625,0.964631736639508,1.19907147672302
2988,Rlearner,1.09810321951931,0.0586721460077643,0.983107926448413,1.2130985125902
2988,intercept,1.22441051529859,0.0796592174864014,1.06827844902525,1.38054258157194
2988,AIPW,1.04832429370517,0.0559803259315024,0.93860285487942,1.15804573253091
2989,Tlearner,0.956495909194324,0.065026136227204,0.829047024135209,1.08394479425344
2989,Rlearner,0.953918509565137,0.0628259817414696,0.830781848058486,1.07705517107179
2989,intercept,1.11690450622944,0.0797130162093405,0.960666994459137,1.27314201799975
2989,AIPW,0.960294687824829,0.0453906168479288,0.871329078802888,1.04926029684677
2990,Tlearner,0.94033424724257,0.0598656654361854,0.822999699077123,1.05766879540802
2990,Rlearner,0.918659303294304,0.0577721697263964,0.805427931321832,1.03189067526678
2990,intercept,1.0700703876452,0.0857807035784286,0.901940208631484,1.23820056665892
2990,AIPW,0.972752596492469,0.0522765959396371,0.870290468450781,1.07521472453416
2991,Tlearner,1.04190774072468,0.0588598581199778,0.926544538674391,1.15727094277498
2991,Rlearner,1.13855084691197,0.0606663303930666,1.01964702426735,1.25745466955659
2991,intercept,1.21791200960749,0.0788496477948434,1.0633666999296,1.37245731928538
2991,AIPW,1.06631387291,0.0708976042282298,0.92735456862267,1.20527317719733
2992,Tlearner,0.88373481480172,0.061098818825487,0.763983330405828,1.00348629919761
2992,Rlearner,0.941678427945198,0.056469160591672,0.831000906948313,1.05235594894208
2992,intercept,1.13854760605395,0.0743252929391626,0.992870031893193,1.28422518021471
2992,AIPW,1.00042853676501,0.0993104421528889,0.805780070145344,1.19507700338467
2993,Tlearner,0.907890264721039,0.0617606763772362,0.786841563360823,1.02893896608126
2993,Rlearner,0.915631122653192,0.058168161674758,0.801623620723763,1.02963862458262
2993,intercept,1.10298427332573,0.0782759397146079,0.9495634314851,1.25640511516636
2993,AIPW,0.826174325669176,0.0884979899943001,0.652718265280348,0.999630386058004
2994,Tlearner,1.04555222268193,0.0630520123052925,0.92197254941078,1.16913189595308
2994,Rlearner,1.0242492550375,0.061805375872777,0.903112944275899,1.14538556579911
2994,intercept,1.26613552951085,0.0822108268708574,1.10500230884397,1.42726875017773
2994,AIPW,1.012735362952,0.0564893586032973,0.902016220089536,1.12345450581446
2995,Tlearner,1.09488938294983,0.0640302682752256,0.969392363209955,1.22038640268971
2995,Rlearner,1.0474097198559,0.0601408043618909,0.929535909305324,1.16528353040648
2995,intercept,1.29701161427441,0.0820398801664665,1.13621344914814,1.45780977940069
2995,AIPW,1.10362249017913,0.0601540628550941,0.985720526983149,1.22152445337512
2997,Tlearner,0.919071406510212,0.0585870124446518,0.804242972156894,1.03389984086353
2997,Rlearner,0.91074057822655,0.0597981177308799,0.79353842113074,1.02794273532236
2997,intercept,1.04452277891571,0.0801993874404246,0.88733197953248,1.20171357829894
2997,AIPW,0.908989012305624,0.0648223587785865,0.781937189099594,1.03604083551165
2998,Tlearner,1.17921441937303,0.0618994226134943,1.05789378038676,1.30053505835931
2998,Rlearner,1.18027261659624,0.0613159319512548,1.06009559829328,1.30044963489921
2998,intercept,1.37994414970117,0.0856525286644929,1.21206519351876,1.54782310588357
2998,AIPW,1.14355100103669,0.0532311954732522,1.03921785790911,1.24788414416426
2999,Tlearner,1.075023760402,0.0570298833923064,0.963247242910558,1.18680027789344
2999,Rlearner,1.10243129538983,0.0550307215037913,0.994573063199144,1.21028952758051
2999,intercept,1.23452568106432,0.0763877581961127,1.08480567499993,1.3842456871287
2999,AIPW,1.13242461737373,0.0540838449662137,1.02642028123995,1.23842895350751
3000,Tlearner,1.15314631713629,0.0602728901837193,1.03501362313206,1.27127901114052
3000,Rlearner,1.16161142155688,0.0604029902718032,1.04322373606562,1.27999910704813
3000,intercept,1.27538667819542,0.0784254728684638,1.12167275137323,1.4291006050176
3000,AIPW,1.14912007137783,0.0449847716594858,1.06094991892524,1.23729022383043
3001,Tlearner,1.03772354594895,0.0585266600612262,0.923013400093529,1.15243369180437
3001,Rlearner,1.01788758767885,0.0595509188011089,0.90116993158241,1.1346052437753
3001,intercept,1.12181020965708,0.0770593421715905,0.970773899000761,1.2728465203134
3001,AIPW,1.04912667607262,0.052357448102156,0.946506077792393,1.15174727435284
3002,Tlearner,0.947014389790818,0.057928523519432,0.83347657001515,1.06055220956649
3002,Rlearner,0.939179346584869,0.0556970052852068,0.830015222179127,1.04834347099061
3002,intercept,1.07879771194512,0.0698409668278922,0.941909416962456,1.21568600692779
3002,AIPW,0.934149752790777,0.0606236359526168,0.815327426323648,1.05297207925791
3003,Tlearner,1.05150419909596,0.0641785720468807,0.925716509304864,1.17729188888705
3003,Rlearner,1.0649435856338,0.0621492059144328,0.943133380373748,1.18675379089385
3003,intercept,1.17105320147089,0.0743000517827481,1.0254250999767,1.31668130296507
3003,AIPW,1.06339202322987,0.0588502944253498,0.948045446156184,1.17873860030356
3004,Tlearner,1.03950332540238,0.0577489169929192,0.926317527950066,1.1526891228547
3004,Rlearner,1.010897584441,0.0558145989323595,0.901502980722029,1.12029218815997
3004,intercept,1.15590365367494,0.0774457699428651,1.00410994458693,1.30769736276296
3004,AIPW,1.00021158109191,0.0815439290602789,0.840385480133762,1.16003768205006
3005,Tlearner,0.981730608021068,0.0616821257760346,0.860835863010171,1.10262535303197
3005,Rlearner,0.991277265904653,0.0591183639681185,0.87540740170221,1.1071471301071
3005,intercept,1.15817372091137,0.0838788589444575,0.993771157380234,1.32257628444251
3005,AIPW,0.978172506916886,0.0531088880257019,0.874079086386511,1.08226592744726
3006,Tlearner,1.05782806647483,0.0632311163995802,0.933897355629394,1.18175877732027
3006,Rlearner,1.07506873043979,0.0617616628348328,0.95401809565821,1.19611936522137
3006,intercept,1.17568642024703,0.0864665969462101,1.00621189023246,1.3451609502616
3006,AIPW,1.08296735291335,0.0509875322297324,0.983031789743074,1.18290291608362
3007,Tlearner,1.06559431038005,0.0637775631172213,0.940592583648571,1.19059603711154
3007,Rlearner,1.029349390377,0.0639642000351617,0.903981862008166,1.15471691874583
3007,intercept,1.25931143868138,0.0793794023783598,1.1037278100198,1.41489506734297
3007,AIPW,1.03303674246586,0.0627193450044654,0.910106826257106,1.15596665867461
3008,Tlearner,1.0029995725445,0.0631044739538679,0.87931707633157,1.12668206875742
3008,Rlearner,0.994315710116494,0.0594361085579575,0.877823077961684,1.1108083422713
3008,intercept,1.17374512447046,0.0824929618109647,1.01205891932097,1.33543132961995
3008,AIPW,1.00935549113389,0.0639805473313859,0.883953618364376,1.13475736390341
3009,Tlearner,1.01352220126383,0.0610362902824636,0.89389327056027,1.13315113196739
3009,Rlearner,0.923197764725659,0.0608229572969235,0.803986958990471,1.04240857046085
3009,intercept,1.10142182784063,0.078387092107372,0.94778312731018,1.25506052837108
3009,AIPW,0.968174997412906,0.054506104167986,0.861343033243653,1.07500696158216
3010,Tlearner,0.993858217170019,0.0667617012866411,0.863007687101581,1.12470874723846
3010,Rlearner,1.07450996325544,0.0634372390317714,0.950175259474512,1.19884466703637
3010,intercept,1.13972629341007,0.077357236482369,0.988106109904632,1.29134647691552
3010,AIPW,1.03486602844326,0.092793519382091,0.852990730454365,1.21674132643216
3011,Tlearner,1.02191984368671,0.0613597411911368,0.901656960851387,1.14218272652204
3011,Rlearner,1.01069425127912,0.0604625051330366,0.892189918803297,1.12919858375494
3011,intercept,1.15107492363307,0.0758627380862733,1.00238395698398,1.29976589028217
3011,AIPW,1.00704506029267,0.0702446979481025,0.869365452314388,1.14472466827095
3012,Tlearner,1.0581256103424,0.0568698305255588,0.946662790705412,1.1695884299794
3012,Rlearner,1.09670441997581,0.0518003605742964,0.995177578864005,1.19823126108762
3012,intercept,1.22882365873223,0.0721389098771187,1.08743139537307,1.37021592209138
3012,AIPW,1.07846585069603,0.0444733660117195,0.991298053313058,1.165633648079
3013,Tlearner,1.11188381816201,0.0632318889539846,0.987951593137769,1.23581604318626
3013,Rlearner,1.20877380790908,0.0599376441439644,1.09129818406873,1.32624943174943
3013,intercept,1.3637261477042,0.081167279924119,1.20463827905292,1.52281401635547
3013,AIPW,1.1534353252287,0.0487651607451429,1.05785561016822,1.24901504028918
3014,Tlearner,1.0179156386852,0.0582480972657816,0.903751465876281,1.13207981149412
3014,Rlearner,1.05158246653862,0.0565186231619039,0.940808000685501,1.16235693239175
3014,intercept,1.21400702721098,0.0840270685075294,1.04931397293622,1.37870008148573
3014,AIPW,0.953316933503771,0.089342604521578,0.778205428641478,1.12842843836606
3015,Tlearner,1.00659028261058,0.0649345963579312,0.879320812398389,1.13385975282277
3015,Rlearner,1.02273566387619,0.0599046579640894,0.905324691760385,1.140146635992
3015,intercept,1.22329935477288,0.0794938462045641,1.06749141621193,1.37910729333382
3015,AIPW,0.992958457172864,0.0480492725748703,0.898781882926118,1.08713503141961
3017,Tlearner,0.971708358022257,0.0632748497434469,0.847691931397918,1.0957247846466
3017,Rlearner,0.914102935606348,0.0603225071021316,0.795872994229008,1.03233287698369
3017,intercept,1.10890467005389,0.0778938112102635,0.956232800081775,1.26157654002601
3017,AIPW,0.959158176839416,0.0594401229795184,0.84265553579956,1.07566081787927
3018,Tlearner,1.07070396664799,0.0621519673649109,0.948888349044453,1.19251958425152
3018,Rlearner,1.12476028504362,0.0586043358553542,1.00989789742924,1.23962267265801
3018,intercept,1.23641459675582,0.0725995602334284,1.0941194586983,1.37870973481334
3018,AIPW,1.12296475588608,0.0422275459726489,1.04019876577969,1.20573074599247
3019,Tlearner,1.01292763514456,0.0609970674001275,0.893375579877749,1.13247969041137
3019,Rlearner,1.00316629984456,0.0565315628874005,0.892366472595495,1.11396612709363
3019,intercept,1.2093421317469,0.0715816408666449,1.06904211564828,1.34964214784553
3019,AIPW,0.947300328213276,0.0532477297442231,0.842934777914599,1.05166587851195
3020,Tlearner,1.0173049707241,0.0621394520839413,0.895513882620519,1.13909605882767
3020,Rlearner,1.03967198370755,0.0544810449521132,0.932891097761304,1.1464528696538
3020,intercept,1.13938803626884,0.0733904498769201,0.995542754510075,1.2832333180276
3020,AIPW,0.965955440360288,0.0888096412074477,0.791888543593691,1.14002233712689
3021,Tlearner,1.09077346538312,0.0630361237116093,0.967224933183354,1.21432199758288
3021,Rlearner,1.09736929177677,0.0579972029152482,0.98369686285882,1.21104172069472
3021,intercept,1.25722955016725,0.0743403493701267,1.1115224654018,1.4029366349327
3021,AIPW,1.11085746421294,0.0469387494422742,1.01885751530608,1.2028574131198
3022,Tlearner,0.957881126989874,0.0623135967635376,0.835748721586189,1.08001353239356
3022,Rlearner,0.999354432317592,0.0600232052534374,0.881711111784199,1.11699775285098
3022,intercept,1.25462770407818,0.0799574797478869,1.09791104377232,1.41134436438404
3022,AIPW,0.998588101656918,0.0509422180568999,0.898741354265394,1.09843484904844
3023,Tlearner,1.08427400448263,0.0638849929481103,0.959061719151735,1.20948628981352
3023,Rlearner,1.08648490267383,0.0588244238266899,0.971191150562194,1.20177865478546
3023,intercept,1.24196514236802,0.0712964717741698,1.10222405769065,1.38170622704539
3023,AIPW,1.05968930046031,0.0490581060829587,0.96353541253771,1.15584318838291
3024,Tlearner,0.941659962803506,0.0615799111286973,0.820965554820082,1.06235437078693
3024,Rlearner,0.927699522560011,0.0612665799225022,0.807619232455962,1.04777981266406
3024,intercept,1.16800004918226,0.0814573464527255,1.00834365013491,1.3276564482296
3024,AIPW,0.915598687768662,0.0496350398600291,0.818314009643005,1.01288336589432
3025,Tlearner,0.915105776818761,0.0572877083189694,0.802823931756745,1.02738762188078
3025,Rlearner,0.851911324287125,0.0566361248987752,0.740906559261614,0.962916089312637
3025,intercept,1.08712940636619,0.0800285173404934,0.930273512378825,1.24398530035356
3025,AIPW,0.942416703614128,0.0443454283678692,0.855499664013104,1.02933374321515
3026,Tlearner,0.945357261598643,0.0623098036624615,0.823232290536457,1.06748223266083
3026,Rlearner,0.942200585013049,0.0592550781332838,0.826062765970706,1.05833840405539
3026,intercept,1.16170651413689,0.0792924589713201,1.00629329455311,1.31711973372068
3026,AIPW,0.952473772819963,0.0440995972361569,0.866038562237096,1.03890898340283
3027,Tlearner,1.0464346841969,0.0616884526822673,0.925527538677652,1.16734182971615
3027,Rlearner,1.04182909934576,0.0643841093887404,0.915638563767144,1.16801963492438
3027,intercept,1.27826968987751,0.0940378046912569,1.09395559268265,1.46258378707238
3027,AIPW,1.06725541892657,0.0512056474336456,0.966892349956629,1.16761848789652
3028,Tlearner,0.990134080775699,0.0612432650989322,0.870099486886153,1.11016867466525
3028,Rlearner,1.06308175272683,0.0587047451757468,0.948022566460765,1.1781409389929
3028,intercept,1.23727607827739,0.0740343585409433,1.09216873553714,1.38238342101764
3028,AIPW,1.03076066506025,0.0533520248239019,0.926190696405404,1.1353306337151
3031,Tlearner,0.909025463677685,0.0595688281580441,0.792272705886663,1.02577822146871
3031,Rlearner,0.931691012783011,0.0558505149024567,0.822226015056178,1.04115601050984
3031,intercept,1.08363761977344,0.0758998916964149,0.934873832048467,1.23240140749841
3031,AIPW,0.933962519450914,0.044461510675702,0.846817958526538,1.02110708037529
3032,Tlearner,1.0408355021023,0.062446855434802,0.918441914502309,1.16322908970229
3032,Rlearner,0.987149878649806,0.0604362288957134,0.868697046652789,1.10560271064682
3032,intercept,1.21212421944196,0.0781135072078644,1.05902174531454,1.36522669356937
3032,AIPW,1.01310884323324,0.0439170421492648,0.927031440620684,1.0991862458458
3033,Tlearner,1.01934577165383,0.0633540869776042,0.895174042904303,1.14351750040335
3033,Rlearner,1.01274660158372,0.0633317370243861,0.888618677937561,1.13687452522988
3033,intercept,1.20369107107235,0.077939466782612,1.05092971617843,1.35645242596627
3033,AIPW,0.984175365716295,0.0516301482949144,0.882980275058263,1.08537045637433
3034,Tlearner,1.00650687852842,0.0620570189527686,0.884877356393074,1.12813640066377
3034,Rlearner,1.00501879356179,0.0618070978634172,0.883879107760551,1.12615847936303
3034,intercept,1.10771738722561,0.0776396745965615,0.955543625016354,1.25989114943488
3034,AIPW,1.01004868669037,0.0450352124093748,0.921779670367992,1.09831770301274
3035,Tlearner,0.983889297060582,0.0695044794638393,0.847663020547253,1.12011557357391
3035,Rlearner,0.949528322567638,0.0617803588049931,0.82844104435789,1.07061560077739
3035,intercept,1.17008526107356,0.0798291136273826,1.01362019836389,1.32655032378323
3035,AIPW,0.921797954533048,0.0716096256258879,0.781443088306307,1.06215282075979
3036,Tlearner,0.984616544329313,0.0626836738577872,0.861758801149395,1.10747428750923
3036,Rlearner,1.0211264054554,0.0579319979399104,0.907581775940722,1.13467103497007
3036,intercept,1.19839257263396,0.078635617043901,1.04426676322791,1.35251838204
3036,AIPW,1.00192394645605,0.0537323432540894,0.89660855367803,1.10723933923406
3037,Tlearner,1.00274930106758,0.0654545237276434,0.874460791936181,1.13103781019899
3037,Rlearner,1.00322517796673,0.0557727927428598,0.893912512873508,1.11253784305995
3037,intercept,1.1399684761386,0.0741156740037307,0.994701755091287,1.28523519718591
3037,AIPW,0.967490880976806,0.0442767291153546,0.880708491910711,1.0542732700429
3038,Tlearner,0.95286291711393,0.0601639706936284,0.834943701387495,1.07078213284036
3038,Rlearner,0.998365831186294,0.059414027816453,0.881916476489586,1.114815185883
3038,intercept,1.12125324947446,0.0753921041060148,0.973484725426667,1.26902177352224
3038,AIPW,0.9594866466197,0.054613139164912,0.852444893856473,1.06652839938293
3039,Tlearner,0.916794929033325,0.059867273128938,0.799457229847984,1.03413262821867
3039,Rlearner,0.975376262749599,0.0604118586067564,0.85697119564123,1.09378132985797
3039,intercept,1.21694275249243,0.0758336505992947,1.06830879731782,1.36557670766705
3039,AIPW,0.934042487274048,0.0547391795645542,0.826753695327522,1.04133127922057
3040,Tlearner,1.26049131908383,0.133397048620275,0.999037908144152,1.52194473002351
3040,Rlearner,1.08647935326338,0.0529714152219731,0.982657287218191,1.19030141930856
3040,intercept,1.2152620539551,0.074905586322258,1.06844710476347,1.36207700314673
3040,AIPW,1.0571085464133,0.0420395432045154,0.974711041732447,1.13950605109415
3041,Tlearner,0.988054485579652,0.0602114060272296,0.870042298307764,1.10606667285154
3041,Rlearner,0.985516855110807,0.0580537613343591,0.871733573728379,1.09930013649323
3041,intercept,1.06930758266663,0.0786593240284821,0.915135307570803,1.22347985776245
3041,AIPW,1.05034141300867,0.0564223485177706,0.939753609913842,1.1609292161035
3042,Tlearner,1.1038682159825,0.0574591886970627,0.991250275555364,1.21648615640963
3042,Rlearner,1.12028089643644,0.0578589703321907,1.00687939840278,1.23368239447011
3042,intercept,1.2103868943222,0.0752425724173058,1.06291145238428,1.35786233626012
3042,AIPW,1.1636352669099,0.0500905679901807,1.06545775364914,1.26181278017065
3043,Tlearner,0.845907352610088,0.0609748026353118,0.726398935480439,0.965415769739738
3043,Rlearner,0.927234263951307,0.0589413249237224,0.811711389899738,1.04275713800288
3043,intercept,1.08269779855644,0.0781388585177667,0.929545635861614,1.23584996125126
3043,AIPW,0.879341550903281,0.0554684166738896,0.770623454222458,0.988059647584105
3044,Tlearner,0.934527091856436,0.0579581415524592,0.820931221802741,1.04812296191013
3044,Rlearner,0.954818050496027,0.0572511520590306,0.842607854386901,1.06702824660515
3044,intercept,1.1903851006804,0.070257859141802,1.05267969676247,1.32809050459833
3044,AIPW,0.987680053081305,0.0474824235339558,0.894614502954752,1.08074560320786
3045,Tlearner,0.952273926498152,0.0604515511211624,0.833791063491092,1.07075678950521
3045,Rlearner,1.018802255556,0.0547090358693,0.911574515623262,1.12602999548874
3045,intercept,1.14090726402872,0.0757094009383117,0.992516838189633,1.28929768986782
3045,AIPW,0.989632309874903,0.056894571438146,0.878118949856137,1.10114566989367
3046,Tlearner,1.0698538071455,0.0614638401693535,0.949386894062037,1.19032072022896
3046,Rlearner,1.06123928547293,0.0599800717488125,0.943680505055127,1.17879806589073
3046,intercept,1.24451588675641,0.0815986070524762,1.08458261693356,1.40444915657926
3046,AIPW,1.01768468174828,0.0901263654086797,0.841037005547267,1.19433235794929
3047,Tlearner,0.952161764344615,0.0632268930491668,0.828239331113882,1.07608419757535
3047,Rlearner,0.964733104780895,0.0624818526812272,0.842270923838353,1.08719528572344
3047,intercept,1.23176945663647,0.0859308253861603,1.0633450388796,1.40019387439334
3047,AIPW,0.984969065594959,0.0607817552625698,0.865836825280322,1.1041013059096
3048,Tlearner,0.956884093981973,0.0595096987832704,0.840247227635936,1.07352096032801
3048,Rlearner,0.956855981079471,0.060039324804654,0.839181066806247,1.0745308953527
3048,intercept,1.0983757364702,0.0884842136476116,0.924946677720879,1.27180479521952
3048,AIPW,0.940461006354412,0.0481042968955172,0.846176584439198,1.03474542826963
3049,Tlearner,1.06157493800934,0.0615138580824665,0.941009991617597,1.18213988440108
3049,Rlearner,1.01634238982681,0.0576220063886205,0.903405332588172,1.12927944706544
3049,intercept,1.15141088704721,0.0855379820360305,0.983756442256587,1.31906533183783
3049,AIPW,1.03496142571198,0.0532912519449255,0.930510571899926,1.13941227952403
3050,Tlearner,1.0096511912257,0.0610398859260477,0.890015213190218,1.12928716926119
3050,Rlearner,1.03715608603255,0.0527675507678139,0.933733586975251,1.14057858508986
3050,intercept,1.24943834066142,0.0696011516335704,1.11302008345963,1.38585659786322
3050,AIPW,1.01872199601475,0.0497941848388106,0.921125393730686,1.11631859829882
3051,Tlearner,0.957352294788253,0.063381846746708,0.833126157891068,1.08157843168544
3051,Rlearner,0.984471137120304,0.0571392774416752,0.872480211231979,1.09646206300863
3051,intercept,1.16283600555063,0.0749334683908672,1.01596640750453,1.30970560359673
3051,AIPW,0.943836631279217,0.0575673035402895,0.83100471634025,1.05666854621818
3052,Tlearner,1.06083278094833,0.0615229291555962,0.940250055579955,1.18141550631671
3052,Rlearner,1.07340080459421,0.057049493906927,0.961585851200397,1.18521575798803
3052,intercept,1.12632415471432,0.0739144310705721,0.981451869815998,1.27119643961264
3052,AIPW,1.02101328488611,0.0564887245702346,0.910295384728453,1.13173118504377
3053,Tlearner,0.974286641411368,0.0577898524760557,0.861020611886416,1.08755267093632
3053,Rlearner,0.986261390116726,0.0568553349877582,0.87482698121176,1.09769579902169
3053,intercept,1.07737438972687,0.0786016315482335,0.923315191892335,1.23143358756141
3053,AIPW,1.01639561999259,0.0432379991120277,0.93164914173302,1.10114209825217
3054,Tlearner,1.11390347635207,0.0633685110792475,0.989703476882819,1.23810347582132
3054,Rlearner,1.21171877123483,0.0596547604757182,1.09479758919606,1.3286399532736
3054,intercept,1.320873354555,0.0694067262844303,1.18483617103751,1.45691053807248
3054,AIPW,1.20677677732955,0.0552596214173029,1.09846791935163,1.31508563530746
3055,Tlearner,0.986282551104258,0.0640603138971582,0.860726643027497,1.11183845918102
3055,Rlearner,1.02315347696046,0.0605137424232049,0.904548721241242,1.14175823267967
3055,intercept,1.25431273098846,0.0760847278431581,1.10518666441587,1.40343879756105
3055,AIPW,1.02791103740087,0.0525312036153293,0.92494987831482,1.13087219648691
3056,Tlearner,1.04202378011424,0.0632326782400406,0.918090008117747,1.16595755211072
3056,Rlearner,1.07923367899234,0.0548124440386806,0.971803262771912,1.18666409521277
3056,intercept,1.16711938679867,0.0653277614153056,1.03907697442467,1.29516179917267
3056,AIPW,1.05281928682694,0.0445832131340836,0.965436189084131,1.14020238456974
3057,Tlearner,1.04579422697558,0.0584560097977206,0.931222553092125,1.16036590085903
3057,Rlearner,1.08166575844176,0.0560397750046906,0.971829817730841,1.19150169915268
3057,intercept,1.07278535230905,0.0744811923908483,0.926802215222983,1.21876848939511
3057,AIPW,1.18572469777502,0.106955670259498,0.976091584066406,1.39535781148364
3058,Tlearner,0.965794062158478,0.0613983635171085,0.845455480955247,1.08613264336171
3058,Rlearner,0.958843829608228,0.0613583108395667,0.838583750210464,1.07910390900599
3058,intercept,1.15914191888983,0.0874028054098001,0.987832420286623,1.33045141749304
3058,AIPW,1.01791167583387,0.0688390954955929,0.882987048662513,1.15283630300524
3059,Tlearner,1.03145907959898,0.0598369456207318,0.914180821237467,1.1487373379605
3059,Rlearner,1.09599723934242,0.0556649108799683,0.98689601881505,1.20509845986979
3059,intercept,1.23617961672106,0.079014257604465,1.08131167181631,1.39104756162582
3059,AIPW,1.09790675432526,0.0464755912531128,1.00681459546916,1.18899891318137
3060,Tlearner,1.09016580112468,0.0676602845149895,0.957554080291568,1.22277752195779
3060,Rlearner,1.08190645011927,0.0668381598713093,0.950906063978572,1.21290683625997
3060,intercept,1.23623194561121,0.0897614448051546,1.06029951379311,1.41216437742931
3060,AIPW,0.948382687825224,0.117770300261974,0.717552899311756,1.17921247633869
3061,Tlearner,0.995043233503435,0.0576750408079184,0.882002230713037,1.10808423629383
3061,Rlearner,1.00767040456017,0.0563371600142903,0.897251599940888,1.11808920917945
3061,intercept,1.14201644107974,0.0782628006942475,0.988621351719017,1.29541153044047
3061,AIPW,1.00735278475302,0.0494690985751344,0.910393351545758,1.10431221796028
3062,Tlearner,0.997489179228448,0.0622936305061048,0.875395906970237,1.11958245148666
3062,Rlearner,1.03247258978614,0.0615638349372793,0.911809690558908,1.15313548901338
3062,intercept,1.17240568643177,0.0796266259463212,1.01633749957698,1.32847387328656
3062,AIPW,0.92737891928713,0.244663441724603,0.447838573506907,1.40691926506735
3063,Tlearner,0.962267864602216,0.0607391060682881,0.843221404255213,1.08131432494922
3063,Rlearner,0.9568890427106,0.0595373494479689,0.840197982057606,1.0735801033636
3063,intercept,1.04935526379891,0.0772305621362405,0.897983362011883,1.20072716558595
3063,AIPW,0.906763464229083,0.0534577675808691,0.80198623977058,1.01154068868759
3064,Tlearner,0.850567814361519,0.0961530123250854,0.662111373199315,1.03902425552372
3064,Rlearner,1.03908699234908,0.0611283182283852,0.919277690185944,1.15889629451222
3064,intercept,1.24491063380284,0.0865129484643614,1.07534525481269,1.41447601279299
3064,AIPW,1.04523179438726,0.0541407705706923,0.939115884068703,1.15134770470582
3065,Tlearner,0.95697078530741,0.0629087287047832,0.833671942732834,1.08026962788199
3065,Rlearner,0.951852590242394,0.0580003526960364,0.838173987867542,1.06553119261725
3065,intercept,1.07326343011999,0.0758812972177757,0.92453608757315,1.22199077266683
3065,AIPW,0.984152267554355,0.053995352587088,0.878321376483662,1.08998315862505
3066,Tlearner,1.17281856590129,0.0580232509780185,1.05909508371845,1.28654204808414
3066,Rlearner,1.16953158787387,0.0589889237965521,1.05391542174585,1.28514775400189
3066,intercept,1.23390975486838,0.076838787998498,1.08330573039133,1.38451377934544
3066,AIPW,1.17286330747796,0.047006674606623,1.08073022524898,1.26499638970694
3067,Tlearner,0.993135578901702,0.0633177204039791,0.869035127326726,1.11723603047668
3067,Rlearner,1.06091475043726,0.0614072090263806,0.940558832354426,1.18127066852008
3067,intercept,1.26021511686438,0.0823440706501663,1.09882073839006,1.42160949533871
3067,AIPW,1.00253113777679,0.0773594251921463,0.85090666440018,1.15415561115339
3068,Tlearner,1.05365345389449,0.0632531548633087,0.929679548453874,1.17762735933511
3068,Rlearner,1.04412837470153,0.0625583220222666,0.921516316604631,1.16674043279843
3068,intercept,1.28488291777549,0.0867690738703981,1.11481553298951,1.45495030256147
3068,AIPW,1.11630273671361,0.100824686961772,0.918686350268535,1.31391912315868
3069,Tlearner,1.08667214554718,0.0635409397762319,0.962134192041942,1.21121009905243
3069,Rlearner,1.10394079860786,0.0611451963924105,0.98409841585111,1.22378318136462
3069,intercept,1.17801922475412,0.0754050324080291,1.03022536123439,1.32581308827386
3069,AIPW,1.16431960593573,0.0519127076402664,1.06257069896081,1.26606851291065
3070,Tlearner,1.06536381997989,0.0667658791884424,0.934505101374395,1.19622253858539
3070,Rlearner,1.0576231380789,0.0606865292076617,0.938679726485143,1.17656654967265
3070,intercept,1.2330577270648,0.0796268508334132,1.07698909943131,1.38912635469829
3070,AIPW,1.04459477612482,0.0487892854279256,0.948967776686087,1.14022177556356
3071,Tlearner,1.0451261871751,0.0587013784595406,0.930073599551548,1.16017877479866
3071,Rlearner,1.05766792247226,0.0617432027681614,0.936653468756512,1.17868237618801
3071,intercept,1.14846907629966,0.077313005330939,0.996935585851017,1.3000025667483
3071,AIPW,1.04766687200896,0.0452923037806283,0.958893956598933,1.136439787419
3073,Tlearner,1.08301637355019,0.0618124187021368,0.961866259096691,1.20416648800369
3073,Rlearner,0.995109805342878,0.0611904489431421,0.875178729216482,1.11504088146927
3073,intercept,1.09900058105115,0.0853570321731355,0.931700797991804,1.2663003641105
3073,AIPW,1.01468609296711,0.0442717924647284,0.927913379736246,1.10145880619798
3074,Tlearner,1.04659520365613,0.0632541927617736,0.922619263971897,1.17057114334036
3074,Rlearner,0.951419198801172,0.0607958760227722,0.832261471387976,1.07057692621437
3074,intercept,1.15461656296288,0.0787943284653762,1.00017967917074,1.30905344675502
3074,AIPW,1.02195477892452,0.043978278404226,0.935757353252237,1.1081522045968
3075,Tlearner,0.942058108622238,0.0618564807429888,0.820821634155585,1.06329458308889
3075,Rlearner,0.963517592202686,0.0586358916238296,0.848593356418586,1.07844182798679
3075,intercept,1.1860539934392,0.0733646775292796,1.04225922548182,1.32984876139659
3075,AIPW,0.978255809809828,0.0434433526711758,0.893106838574324,1.06340478104533
3076,Tlearner,1.02519209115026,0.0628453610731228,0.902017446851526,1.148366735449
3076,Rlearner,1.05970515601656,0.0636373306111691,0.934978279946405,1.18443203208672
3076,intercept,1.2819014902719,0.0896751486642321,1.10613819889,1.45766478165379
3076,AIPW,1.05654845819463,0.0645731356501697,0.929985112320302,1.18311180406897
3077,Tlearner,1.01617944089054,0.0627518942548373,0.893187988189391,1.13917089359169
3077,Rlearner,1.00696530663174,0.0596136097085933,0.890124778614468,1.12380583464901
3077,intercept,1.12070073171598,0.0778926029508755,0.968031229932264,1.2733702334997
3077,AIPW,1.04821467826487,0.0604058037393014,0.929819302935838,1.1666100535939
3079,Tlearner,0.867620083118252,0.0580935875343845,0.753758743818134,0.981481422418371
3079,Rlearner,0.852238285312437,0.0544887640545601,0.745442270203399,0.959034300421476
3079,intercept,0.975467042033314,0.0721883997121492,0.833977778597502,1.11695630546913
3079,AIPW,0.880014339362324,0.048838957262452,0.784289983127918,0.97573869559673
3080,Tlearner,1.03778643807601,0.0591857725714063,0.921784455438874,1.15378842071314
3080,Rlearner,1.05042833990308,0.0567477815916664,0.939204731780866,1.16165194802529
3080,intercept,1.18261300973459,0.0728006061806483,1.03992382162052,1.32530219784866
3080,AIPW,1.13868798499379,0.0735706304976406,0.994489549218411,1.28288642076916
3081,Tlearner,0.920864746522502,0.0613180534130036,0.800683570230912,1.04104592281409
3081,Rlearner,0.921539848436225,0.0587018305491098,0.806486374733397,1.03659332213905
3081,intercept,1.1037788180486,0.0802068318237069,0.946573427674135,1.26098420842307
3081,AIPW,0.920777917182794,0.0419192519728642,0.83861618331598,1.00293965104961
3082,Tlearner,0.879855601255563,0.0635012106878937,0.755395515332601,1.00431568717852
3082,Rlearner,0.900335735403803,0.0596835125377032,0.78335820035906,1.01731327044855
3082,intercept,1.07967075327105,0.0762216273333683,0.930276363697646,1.22906514284445
3082,AIPW,0.895183565396916,0.0516974333344514,0.793856596061391,0.996510534732441
3085,Tlearner,1.0257611571309,0.0587652780102721,0.91058332868928,1.14093898557251
3085,Rlearner,0.971071197445836,0.0590055019739743,0.855422538687139,1.08671985620453
3085,intercept,1.07625579165863,0.0803471656614991,0.918775346962096,1.23373623635517
3085,AIPW,0.988326056400245,0.0494643848961816,0.891375862003729,1.08527625079676
3086,Tlearner,1.04529509643932,0.0638545998746364,0.920142380437815,1.17044781244082
3086,Rlearner,1.03093007781322,0.0595237011557809,0.914265767321364,1.14759438830508
3086,intercept,1.12162513120707,0.0740165714895835,0.976552651087485,1.26669761132665
3086,AIPW,1.00832313861374,0.0466607183923017,0.916868130564826,1.09977814666265
3087,Tlearner,1.03577824192323,0.0607347504973732,0.916740318338351,1.15481616550811
3087,Rlearner,1.03709431006249,0.0629061363746974,0.913800548361514,1.16038807176346
3087,intercept,1.17556698206285,0.0830427699339285,1.01280315299235,1.33833081113335
3087,AIPW,1.07561189386587,0.098499765359487,0.882552353761274,1.26867143397046
3088,Tlearner,1.05124865310868,0.0594473702814996,0.934733948381329,1.16776335783604
3088,Rlearner,1.05947043138753,0.055517240939581,0.950658638624915,1.16828222415014
3088,intercept,1.12799271014287,0.080060384597828,0.971074356331132,1.28491106395462
3088,AIPW,1.06180365968193,0.0416363813253725,0.980196352284203,1.14341096707966
3089,Tlearner,1.08339282548436,0.0605999735955238,0.964619059773057,1.20216659119567
3089,Rlearner,1.07478503807888,0.0614456104984848,0.954353854493769,1.19521622166398
3089,intercept,1.26996767101075,0.0769843621923262,1.11907832111379,1.4208570209077
3089,AIPW,1.05357066351637,0.0623555426596644,0.931353799903429,1.17578752712931
3090,Tlearner,0.953260812640871,0.0638109057140904,0.828193735620373,1.07832788966137
3090,Rlearner,1.04333991099216,0.0593140717061017,0.927086466671779,1.15959335531255
3090,intercept,1.17258293717574,0.0750267296778544,1.02553054700714,1.31963532734433
3090,AIPW,1.01227020902113,0.0678202423920705,0.879342533932673,1.14519788410959
3091,Tlearner,0.946215248126548,0.0620211657520281,0.824655996973384,1.06777449927971
3091,Rlearner,0.991253057060542,0.0577791812434567,0.878007942767154,1.10449817135393
3091,intercept,1.11530933074008,0.0754274136838881,0.967471599919661,1.2631470615605
3091,AIPW,1.00008018355199,0.051529757446841,0.899081858956185,1.1010785081478
3092,Tlearner,0.903797906809958,0.0602395442255341,0.785730569682804,1.02186524393711
3092,Rlearner,0.877608050155501,0.0612393646010558,0.757581101101315,0.997634999209687
3092,intercept,1.05729594258866,0.085966751018272,0.888801110592848,1.22579077458447
3092,AIPW,0.880895994409117,0.0469560622940816,0.788862112312717,0.972929876505517
3093,Tlearner,0.911298065100562,0.0611642771029526,0.791418284838347,1.03117784536278
3093,Rlearner,0.911130424055585,0.0576770978720285,0.798085389493617,1.02417545861755
3093,intercept,1.24189905614602,0.0736403236683467,1.09756402175606,1.38623409053598
3093,AIPW,0.925377425202334,0.0446905644900097,0.837783918801915,1.01297093160275
3094,Tlearner,0.973970790697608,0.0594066249585588,0.857535945335755,1.09040563605946
3094,Rlearner,1.02922666277716,0.0588942172632952,0.913796118043426,1.1446572075109
3094,intercept,1.26570984497124,0.0850025779499191,1.0991047921894,1.43231489775308
3094,AIPW,0.93383340150161,0.0824020429059557,0.772325397405937,1.09534140559728
3095,Tlearner,0.857152142914216,0.0619854733317971,0.735662847619226,0.978641438209207
3095,Rlearner,0.904559271749524,0.0573354676407859,0.792183820136822,1.01693472336223
3095,intercept,1.13033201858754,0.0767423358046303,0.979917040410466,1.28074699676462
3095,AIPW,0.880769723653672,0.056796164623903,0.769449240990822,0.992090206316522
3096,Tlearner,0.981711302636578,0.0610250440990433,0.862104414047484,1.10131819122567
3096,Rlearner,1.00580357487795,0.0558516114437694,0.896336427969636,1.11527072178626
3096,intercept,1.08942708999348,0.0873334998983839,0.918253430192645,1.26060074979431
3096,AIPW,0.831599334816922,0.149618980586864,0.538346132866669,1.12485253676718
3097,Tlearner,1.04733481367104,0.0632591956109757,0.923349068582552,1.17132055875952
3097,Rlearner,1.00956116653781,0.0637000843610398,0.884711295378013,1.13441103769762
3097,intercept,1.13930962762013,0.08665640311621,0.969463077512363,1.30915617772791
3097,AIPW,1.0056085765926,0.0500416895257905,0.90752686512205,1.10369028806315
3098,Tlearner,1.08118699253163,0.0607961079537307,0.962028810542111,1.20034517452115
3098,Rlearner,1.10272479657117,0.0605648128109925,0.984019944731215,1.22142964841113
3098,intercept,1.22245302760742,0.0808159370662649,1.06405379095754,1.3808522642573
3098,AIPW,1.06920630415573,0.0576061721002672,0.956298206839209,1.18211440147226
3099,Tlearner,0.97610398636122,0.0621101603150683,0.854370309069677,1.09783766365276
3099,Rlearner,0.945909477051578,0.0571574166279778,0.833882999011391,1.05793595509177
3099,intercept,1.03109319007291,0.0760441350749562,0.882046685325992,1.18013969481982
3099,AIPW,0.936168233110939,0.0522765762872876,0.833706143587856,1.03863032263402
3100,Tlearner,1.036828916127,0.0609138021143003,0.917440057821573,1.15621777443243
3100,Rlearner,1.04658234822506,0.0593079438216635,0.930340914337475,1.16282378211265
3100,intercept,1.23540694240227,0.073195307251155,1.09194414019001,1.37886974461454
3100,AIPW,0.983168007936457,0.10586383012462,0.775674900892203,1.19066111498071
3101,Tlearner,1.07747651903904,0.0621568464261596,0.955651338651178,1.1993016994269
3101,Rlearner,1.09639169650741,0.056735828442206,0.985191516127643,1.20759187688718
3101,intercept,1.21349772114916,0.0740454076296343,1.06836872219507,1.35862672010324
3101,AIPW,1.08777901768664,0.0571051033442232,0.975853015131966,1.19970502024132
3102,Tlearner,0.952151483243633,0.0607289841918119,0.833124861409979,1.07117810507729
3102,Rlearner,0.944341347588153,0.0578756652115151,0.830907128192286,1.05777556698402
3102,intercept,1.12497576690967,0.075380499119138,0.977229988636155,1.27272154518318
3102,AIPW,1.02645730249161,0.0848769698220623,0.860098441640372,1.19281616334286
3103,Tlearner,1.05510939741284,0.0580139468787406,0.941404150929489,1.16881464389619
3103,Rlearner,1.00380479168691,0.0586741593133159,0.888805552609649,1.11880403076418
3103,intercept,1.090613595358,0.0791502405793959,0.935479123822386,1.24574806689362
3103,AIPW,1.00646301154993,0.0441601974543677,0.919909024539366,1.09301699856049
3104,Tlearner,1.06140451716516,0.0608219658170764,0.942195654694764,1.18061337963556
3104,Rlearner,1.08662737608161,0.0574291485692014,0.97406831322317,1.19918643894004
3104,intercept,1.20845215744984,0.0765400726980283,1.05843361496171,1.35847069993798
3104,AIPW,1.11416729975477,0.0498238143541491,1.01651262362064,1.21182197588891
3105,Tlearner,0.977235870801911,0.0640572690210936,0.851685930572575,1.10278581103125
3105,Rlearner,1.0535172002627,0.0592722709181108,0.937345683981298,1.16968871654409
3105,intercept,1.23813964081448,0.0803574013495604,1.08063913416934,1.39564014745962
3105,AIPW,1.0178358337188,0.0885944176994716,0.844190775027834,1.19148089240976
3106,Tlearner,0.99855091043527,0.0674636877383314,0.866324512203884,1.13077730866666
3106,Rlearner,0.982925934162013,0.0581057412986338,0.869040773921689,1.09681109440234
3106,intercept,1.20286548150004,0.0752662127782804,1.05534370445461,1.35038725854547
3106,AIPW,0.953555777545759,0.0437760114897916,0.867754795025767,1.03935676006575
3107,Tlearner,1.07729756315276,0.0592707132756703,0.961129099794446,1.19346602651107
3107,Rlearner,1.05883367219743,0.057078680927543,0.94696151329439,1.17070583110047
3107,intercept,1.23268427332964,0.075631168053631,1.08444718394452,1.38092136271475
3107,AIPW,0.966666584919768,0.0771887784913211,0.815376579076779,1.11795659076276
3108,Tlearner,0.979211024519853,0.0571252181100835,0.867247654415094,1.09117439462461
3108,Rlearner,1.03550652644313,0.0561992325259571,0.925358054733464,1.1456549981528
3108,intercept,1.20719123334974,0.0715128968026446,1.06702595561655,1.34735651108292
3108,AIPW,1.07013381368629,0.0526708111993358,0.966899023735588,1.17336860363698
3109,Tlearner,1.06096122630581,0.0586592588383379,0.945991191622857,1.17593126098877
3109,Rlearner,1.03902292954648,0.0559494418046066,0.929364038654334,1.14868182043863
3109,intercept,1.18172570812837,0.0687252797120444,1.04702415989276,1.31642725636397
3109,AIPW,1.06610019402053,0.0432211132119638,0.981386812125082,1.15081357591598
3110,Tlearner,0.928268798515891,0.0804432259383873,0.770602972876433,1.08593462415535
3110,Rlearner,1.05687635433177,0.0572499838208384,0.944668447927424,1.16908426073611
3110,intercept,1.2050277753573,0.0753451216643176,1.05735133689524,1.35270421381936
3110,AIPW,1.04194305248937,0.0457468898873024,0.952279148310253,1.13160695666848
3111,Tlearner,0.991017422286937,0.0575940992606194,0.878135062014098,1.10389978255978
3111,Rlearner,1.01036237368306,0.0520616255750674,0.908323462579314,1.1124012847868
3111,intercept,1.24923784881007,0.0669315739895428,1.11805196379057,1.38042373382958
3111,AIPW,0.926277257264047,0.0712737206384867,0.786580764812613,1.06597374971548
3112,Tlearner,1.0267274277807,0.0628664622551147,0.903511425925226,1.14994342963617
3112,Rlearner,1.0580854820553,0.0614297505449978,0.937685383407821,1.17848558070277
3112,intercept,1.19110155962117,0.0848906835024027,1.02471581995646,1.35748729928588
3112,AIPW,1.09987687192056,0.0598071561202996,0.982654845924777,1.21709889791635
3113,Tlearner,0.994316876969044,0.0594336851885569,0.877828994530981,1.11080475940711
3113,Rlearner,0.954799138689686,0.0569576757012894,0.843164145672047,1.06643413170733
3113,intercept,1.11202183796803,0.0728918933698789,0.969153726963071,1.254889948973
3113,AIPW,1.00757908965104,0.0477311136998903,0.914026106799251,1.10113207250282
3114,Tlearner,1.08100248161034,0.0601208460303264,0.963167788670821,1.19883717454986
3114,Rlearner,1.17414762990236,0.052693982975774,1.07086932106788,1.27742593873684
3114,intercept,1.42973613377922,0.0710366886245249,1.29050422407515,1.56896804348329
3114,AIPW,1.11454829259047,0.0473438006411599,1.02175444333379,1.20734214184714
3115,Tlearner,1.05812867202343,0.0633244488859272,0.934015032866169,1.1822423111807
3115,Rlearner,1.03797792201361,0.0605256995942981,0.919349730669699,1.15660611335753
3115,intercept,1.16988355704817,0.081854820036003,1.0094481097776,1.33031900431873
3115,AIPW,1.05381121731761,0.0495418777041047,0.956709137017567,1.15091329761766
3116,Tlearner,0.934503595487782,0.0589969259304843,0.818871745465455,1.05013544551011
3116,Rlearner,0.960152505869128,0.0573414055643842,0.84776541614003,1.07253959559823
3116,intercept,1.06663317400935,0.0766070077808403,0.916483438758904,1.2167829092598
3116,AIPW,0.91184834378339,0.0558787794889109,0.802325935985124,1.02137075158166
3117,Tlearner,1.0265286089762,0.0601577538634071,0.908621578013099,1.14443563993931
3117,Rlearner,1.03514210426024,0.0580075477009259,0.921449399934931,1.14883480858554
3117,intercept,1.10556602424324,0.0700353064283212,0.968296823643725,1.24283522484274
3117,AIPW,1.04426651888348,0.0530316046678649,0.940324573734469,1.1482084640325
3118,Tlearner,0.976361631545997,0.0608919461375023,0.85701561016794,1.09570765292405
3118,Rlearner,1.0139622618597,0.0591546270938704,0.898021323236821,1.12990320048259
3118,intercept,1.1048203989094,0.0754425520362854,0.956952996918278,1.25268780090052
3118,AIPW,0.992577297278177,0.0540744743069323,0.88659132763659,1.09856326691976
3119,Tlearner,1.21502595428989,0.108419939109409,1.00252677842942,1.42752513015036
3119,Rlearner,1.04630102674516,0.068152309713224,0.912724954244024,1.1798770992463
3119,intercept,1.27303460498247,0.0960533659819287,1.08477000765789,1.46129920230705
3119,AIPW,1.06016439182881,0.0569052160189887,0.948630168431591,1.17169861522603
3120,Tlearner,0.909962478621523,0.0605677030436963,0.791251962029561,1.02867299521348
3120,Rlearner,0.902882477023953,0.0584631012680318,0.788296904114093,1.01746804993381
3120,intercept,1.07217990982803,0.0769395404924368,0.921378410462854,1.22298140919321
3120,AIPW,0.91427800911618,0.0649270768071681,0.787020938574131,1.04153507965823
3121,Tlearner,0.811013454724297,0.0650263261878407,0.683564197349176,0.938462712099419
3121,Rlearner,0.823537376521049,0.0600521558333898,0.705837313893618,0.941237439148479
3121,intercept,1.01926876375704,0.0749816950401114,0.872304641478425,1.16623288603566
3121,AIPW,0.893033362532368,0.0704180499757097,0.755013984579976,1.03105274048476
3122,Tlearner,1.06236804063523,0.0593198271416722,0.946103315868415,1.17863276540205
3122,Rlearner,1.06536084921436,0.0639958843034148,0.939931220820879,1.19079047760785
3122,intercept,1.22916681224646,0.0865963571294329,1.05943795227277,1.39889567222015
3122,AIPW,1.10251372032535,0.0495012732037157,1.00549122484607,1.19953621580463
3123,Tlearner,1.07685514837104,0.0600614419423722,0.959136885304444,1.19457341143763
3123,Rlearner,1.09844318359842,0.0597070759949802,0.981419465026067,1.21546690217078
3123,intercept,1.28402066625363,0.0808357076780531,1.12558267920464,1.44245865330261
3123,AIPW,1.0948143664737,0.0474992072009329,1.00171592035987,1.18791281258752
3124,Tlearner,1.05374513022447,0.0610748089987219,0.934040704224314,1.17344955622463
3124,Rlearner,1.08157441817578,0.0571087796667878,0.969643266827839,1.19350556952371
3124,intercept,1.1330590773143,0.0785342253185996,0.97913199568984,1.28698615893875
3124,AIPW,1.04747353062468,0.0510130152128349,0.94748802080752,1.14745904044183
3125,Tlearner,1.00392426656466,0.0589830009972381,0.888319708909988,1.11952882421934
3125,Rlearner,0.972794325354814,0.0584975799386769,0.858141175492255,1.08744747521737
3125,intercept,1.18007733279042,0.073688001907245,1.03564884905222,1.32450581652862
3125,AIPW,1.03340297798735,0.0583879712217043,0.918962554392805,1.14784340158189
3127,Tlearner,1.02887374811965,0.0610458072511387,0.909226164500242,1.14852133173905
3127,Rlearner,1.00511193240352,0.0595782613869439,0.888340685823597,1.12188317898344
3127,intercept,1.03565243072522,0.0729907538851673,0.892590553110293,1.17871430834015
3127,AIPW,1.007024756874,0.0488215737454975,0.911334472332827,1.10271504141518
3128,Tlearner,1.10551811776973,0.063231363470084,0.981586922675007,1.22944931286446
3128,Rlearner,1.04541489737095,0.0563819326147696,0.93490834006724,1.15592145467467
3128,intercept,1.24927175820308,0.0775216697600832,1.09732928547332,1.40121423093284
3128,AIPW,1.01450671566056,0.0694035183607749,0.87847581967344,1.15053761164768
3129,Tlearner,0.94637381274185,0.0642076300017378,0.82052917040577,1.07221845507793
3129,Rlearner,0.953624231218616,0.0583579345281745,0.839244781331248,1.06800368110598
3129,intercept,1.20097210735089,0.0882797350209818,1.02794382670977,1.37400038799202
3129,AIPW,0.873978548415666,0.0744209081482036,0.728113568445187,1.01984352838615
3130,Tlearner,1.07420901120876,0.059324429505515,0.95793526597456,1.19048275644295
3130,Rlearner,1.14801320150609,0.0595831332133755,1.03123240632182,1.26479399669036
3130,intercept,1.2840944420316,0.0746917486651942,1.13769861464782,1.43049026941538
3130,AIPW,1.08548357111773,0.0841496451962658,0.920550266533049,1.25041687570241
3131,Tlearner,0.966084714104968,0.0606361085814568,0.847240125122653,1.08492930308728
3131,Rlearner,1.02869539860246,0.0580375122146555,0.914943964909435,1.14244683229549
3131,intercept,1.19779239418042,0.0767919438581079,1.04728018421852,1.34830460414231
3131,AIPW,1.02625377317249,0.0461145167047493,0.935869320431185,1.1166382259138
3132,Tlearner,1.02013076629636,0.061192252869598,0.900196154539085,1.14006537805364
3132,Rlearner,0.976935567573536,0.061270652343938,0.856847295670143,1.09702383947693
3132,intercept,1.17776345525239,0.0779786372739253,1.02492532619549,1.33060158430928
3132,AIPW,1.0166992283374,0.0501252160109433,0.91845380495595,1.11494465171885
3133,Tlearner,1.08147214183278,0.0620515831573981,0.959853273660589,1.20309101000497
3133,Rlearner,1.0940599457519,0.0566624054409974,0.983003671810141,1.20511621969366
3133,intercept,1.27200879692039,0.0747954545981286,1.12540970590806,1.41860788793273
3133,AIPW,1.11074771524287,0.0460700111716011,1.02045049334653,1.20104493713921
3134,Tlearner,1.03420446821193,0.0611093980397952,0.91443224893701,1.15397668748685
3134,Rlearner,1.04988843691732,0.0563956487546138,0.93935499647351,1.16042187736114
3134,intercept,1.27361164558008,0.0720808455042342,1.13233318839178,1.41489010276838
3134,AIPW,1.0597978083271,0.0652292310123967,0.931948515542798,1.18764710111139
3135,Tlearner,1.08637348720851,0.0623449345252345,0.964179660920548,1.20856731349648
3135,Rlearner,0.992836452822164,0.0669373068320215,0.861641742209295,1.12403116343503
3135,intercept,1.15816683469474,0.0917974824440908,0.97824376910432,1.33808990028516
3135,AIPW,1.04198772941967,0.0593823461510123,0.925598330963681,1.15837712787565
3136,Tlearner,1.02938430032885,0.0638020893033755,0.90433450315583,1.15443409750188
3136,Rlearner,1.05844928566494,0.0632808836647513,0.934421032772156,1.18247753855772
3136,intercept,1.16877216990825,0.0796530575528108,1.01265217710474,1.32489216271176
3136,AIPW,1.06687702503041,0.0462074119485322,0.97631049761129,1.15744355244954
3137,Tlearner,1.10802483670563,0.0647575345100905,0.981102401338242,1.23494727207302
3137,Rlearner,1.0615695479504,0.060471775105127,0.943047046663142,1.18009204923765
3137,intercept,1.16492866786565,0.0766004886848379,1.01479171004337,1.31506562568793
3137,AIPW,1.08855393501543,0.054082946691467,0.982551359500157,1.19455651053071
3138,Tlearner,0.938342594232868,0.066360808643346,0.808277799306955,1.06840738915878
3138,Rlearner,0.928008338958048,0.0595093987822122,0.811372060603281,1.04464461731282
3138,intercept,1.24589335522617,0.0820492522152456,1.08507682088429,1.40670988956805
3138,AIPW,0.97741557987892,0.0424967301861679,0.894121988714031,1.06070917104381
3139,Tlearner,1.00850324012334,0.0607045356985336,0.889524536455993,1.1274819437907
3139,Rlearner,0.984435459779958,0.0607000334345437,0.865465580387875,1.10340533917204
3139,intercept,1.14008110665014,0.0869384875255494,0.969681671100067,1.31048054220022
3139,AIPW,1.00798252550311,0.0464966327798405,0.916849125254623,1.0991159257516
3140,Tlearner,0.866248684954189,0.0596498266336873,0.749337173068104,0.983160196840275
3140,Rlearner,0.888947367220336,0.0597140918492255,0.771909897826337,1.00598483661433
3140,intercept,1.06393700542234,0.0797346063570488,0.907657176962529,1.22021683388216
3140,AIPW,0.956935042763893,0.0594026641239069,0.840505821081036,1.07336426444675
3141,Tlearner,1.11962076450387,0.0637827812822555,0.994608810356859,1.24463271865089
3141,Rlearner,1.06128531302369,0.0630515066218937,0.937706630873788,1.18486399517359
3141,intercept,1.14669818316234,0.0849306539829897,0.980234101355679,1.313162264969
3141,AIPW,1.0579266405465,0.0464756418097489,0.966834382599392,1.14901889849361
3142,Tlearner,1.00668927693873,0.0652162766112634,0.878867723574849,1.13451083030261
3142,Rlearner,1.05824613802306,0.0632953320514093,0.934189566812796,1.18230270923333
3142,intercept,1.25901716096786,0.087106927112918,1.08828758382655,1.42974673810918
3142,AIPW,1.0599361073798,0.0466257761810223,0.968549586065001,1.15132262869461
3143,Tlearner,0.91151096416779,0.0604475831673554,0.793035878207283,1.0299860501283
3143,Rlearner,0.962598790507815,0.0589666632092551,0.847026254329172,1.07817132668646
3143,intercept,1.14342119263931,0.0874629055357697,0.971993897789202,1.31484848748942
3143,AIPW,0.931762299075366,0.0469861042328296,0.83966953477902,1.02385506337171
3144,Tlearner,0.853206793797495,0.0860128231856507,0.684624758145008,1.02178882944998
3144,Rlearner,1.02131983365139,0.061172543843594,0.901423850875244,1.14121581642753
3144,intercept,1.15250416810745,0.0816645718400828,0.99244160730089,1.31256672891401
3144,AIPW,1.04755252679531,0.0447341586823841,0.959873575777833,1.13523147781278
3145,Tlearner,0.935563944172838,0.0634369549559219,0.811229797170341,1.05989809117533
3145,Rlearner,0.93518175280693,0.064707699786149,0.808356991703648,1.06200651391021
3145,intercept,1.03652418905328,0.0843603256891345,0.871177950702579,1.20187042740399
3145,AIPW,0.90194290248231,0.070157592132179,0.764434021903239,1.03945178306138
3146,Tlearner,0.967707774464476,0.0605732797027618,0.848986327821592,1.08642922110736
3146,Rlearner,0.915369372996646,0.0627441098154149,0.792393177516407,1.03834556847689
3146,intercept,1.03707655583358,0.0831941652864992,0.874015991872037,1.20013711979511
3146,AIPW,0.974127159567131,0.0508936105623341,0.874375682864956,1.07387863626931
3147,Tlearner,0.926908454296673,0.0599690929509997,0.809371191927179,1.04444571666617
3147,Rlearner,0.96576602309166,0.056639933580792,0.854753793186567,1.07677825299675
3147,intercept,1.12654475057951,0.07288304758742,0.983693977308163,1.26939552385085
3147,AIPW,0.921445496608573,0.0924899519945353,0.740165190699284,1.10272580251786
3148,Tlearner,0.815352259850269,0.0609235241876039,0.69594434663131,0.934760173069227
3148,Rlearner,0.830596788306929,0.0625978120078157,0.707907331260601,0.953286245353257
3148,intercept,1.00959960242345,0.0850784831079469,0.84284577553187,1.17635342931502
3148,AIPW,0.866171593457169,0.0539750700770369,0.760380456106176,0.971962730808161
3149,Tlearner,1.06802174271277,0.0584011957325801,0.953557502422839,1.1824859830027
3149,Rlearner,1.0649025260874,0.0588779540868855,0.949503856593704,1.1803011955811
3149,intercept,1.21348646531099,0.0753616579539913,1.06577761572117,1.36119531490082
3149,AIPW,1.11177961300018,0.0646259974646717,0.985112657969427,1.23844656803094
3150,Tlearner,0.964423565773203,0.0600055336424717,0.846814880960852,1.08203225058555
3150,Rlearner,0.971640627032614,0.0599010274735289,0.854236770547553,1.08904448351767
3150,intercept,1.10059507402463,0.0753012463974956,0.953004631085534,1.24818551696372
3150,AIPW,0.974231432271043,0.0473209337390564,0.881482402142493,1.06698046239959
3151,Tlearner,0.975191521186398,0.0641300511233916,0.849498930657838,1.10088411171496
3151,Rlearner,1.01750652654825,0.0612323749039953,0.897493277048565,1.13751977604794
3151,intercept,1.16885349938778,0.071583399783457,1.0285500358122,1.30915696296335
3151,AIPW,1.04628799924586,0.053732213843468,0.940972860112665,1.15160313837906
3152,Tlearner,0.855182723257116,0.0648045900292248,0.728168060766952,0.98219738574728
3152,Rlearner,0.863944968249524,0.0630853547290409,0.74029994502867,0.987589991470378
3152,intercept,1.06930028670675,0.0811307152918794,0.910284084734667,1.22831648867883
3152,AIPW,0.886190586541581,0.0509706091605131,0.786288192586975,0.986092980496187
3153,Tlearner,1.03732188166463,0.0579862343459411,0.923670950747484,1.15097281258177
3153,Rlearner,1.08679709342843,0.0563955021832215,0.976263940259265,1.19733024659759
3153,intercept,1.21471581453453,0.0743272024023606,1.06903449782591,1.36039713124316
3153,AIPW,1.07500283457324,0.0461612298042807,0.984526824156851,1.16547884498963
3154,Tlearner,0.947947540918268,0.0593219893392689,0.831678578322032,1.0642165035145
3154,Rlearner,0.93230646685404,0.0595063074689707,0.815676247361891,1.04893668634619
3154,intercept,1.03978936515648,0.0770302496222864,0.888810075896799,1.19076865441616
3154,AIPW,0.961503010214025,0.0665250017527003,0.831114006778732,1.09189201364932
3155,Tlearner,1.02336270347014,0.0593022622196411,0.90713240531789,1.13959300162238
3155,Rlearner,1.0384512367991,0.0577380722859279,0.925286694581916,1.15161577901629
3155,intercept,1.33599588331608,0.0766761642898601,1.18571060130795,1.4862811653242
3155,AIPW,1.04766390162611,0.0530648217913978,0.943656850914971,1.15167095233725
3156,Tlearner,1.10269376936589,0.058442998629638,0.988147596903278,1.21723994182851
3156,Rlearner,1.07430672916579,0.0621421223268298,0.952510407482321,1.19610305084926
3156,intercept,1.13237762948822,0.0830543503056054,0.969591102889234,1.29516415608721
3156,AIPW,1.03584711444216,0.0632702517048366,0.911837421100676,1.15985680778364
3157,Tlearner,0.972031571213867,0.0594821005966987,0.855448796319549,1.08861434610818
3157,Rlearner,0.958524041952817,0.0601982153688507,0.840537707896284,1.07651037600935
3157,intercept,1.24777827778099,0.0827390652351855,1.08560970992003,1.40994684564195
3157,AIPW,0.987587132671956,0.0492213450631062,0.891113296348268,1.08406096899564
3158,Tlearner,1.07065014379066,0.0607705388201216,0.951542076382131,1.18975821119919
3158,Rlearner,1.07544423929432,0.0583164275803258,0.961146141529847,1.1897423370588
3158,intercept,1.18429093843228,0.0758149325203625,1.03569367069237,1.33288820617219
3158,AIPW,1.08892369410159,0.0466009781214681,0.997585776983511,1.18026161121967
3159,Tlearner,1.1142830639329,0.090603729743088,0.936703016771447,1.29186311109435
3159,Rlearner,0.983483493329461,0.0561732368488773,0.873385972210623,1.0935810144483
3159,intercept,1.17822660556005,0.0738601086500181,1.03346079260601,1.32299241851408
3159,AIPW,0.98901858117942,0.0490342186029244,0.892911512717688,1.08512564964115
3160,Tlearner,1.02350175090886,0.0620604468609633,0.901865510196909,1.14513799162081
3160,Rlearner,0.984421945166648,0.0590373979488307,0.868710771445981,1.10013311888732
3160,intercept,1.15927547543861,0.0813512352213779,0.999827054404711,1.31872389647251
3160,AIPW,1.03804526437068,0.050983529651014,0.938117546254692,1.13797298248667
3161,Tlearner,1.1011258547733,0.0587229127865775,0.986031060644319,1.21622064890228
3161,Rlearner,1.12200092879542,0.0573115340947257,1.00967238607102,1.23432947151982
3161,intercept,1.2393038029756,0.0693978316048891,1.10328405303002,1.37532355292118
3161,AIPW,1.19146771322489,0.0806703954807769,1.03335373808257,1.34958168836722
3162,Tlearner,0.9419410828411,0.0625904244378288,0.819266105165879,1.06461606051632
3162,Rlearner,0.989925624743477,0.0558557225200468,0.880450420273722,1.09940082921323
3162,intercept,1.16458123557241,0.0713961320105008,1.02464481683183,1.30451765431299
3162,AIPW,0.941312830961297,0.0495681007087474,0.844159353572152,1.03846630835044
3163,Tlearner,1.10365642979715,0.0585091891540669,0.988980526290536,1.21833233330376
3163,Rlearner,1.1010227729048,0.0585996620309457,0.986169545817923,1.21587599999167
3163,intercept,1.23340803026256,0.0765884523909664,1.08329466357627,1.38352139694886
3163,AIPW,1.10546367565621,0.054048419298636,0.999528773830885,1.21139857748154
3164,Tlearner,1.04229965035903,0.0649600746186965,0.91498024367335,1.16961905704471
3164,Rlearner,1.08165883445434,0.0613841584304954,0.961348094709273,1.20196957419942
3164,intercept,1.25753109968172,0.0865373981974118,1.08791779921479,1.42714440014865
3164,AIPW,1.08807527729251,0.0539596297730006,0.982314402937425,1.19383615164759
3165,Tlearner,1.01618212597225,0.0596921839151759,0.899187595339961,1.13317665660453
3165,Rlearner,1.07530577450155,0.0581993360139988,0.96123717198997,1.18937437701314
3165,intercept,1.18822222304622,0.0805185133997337,1.03040593678274,1.3460385093097
3165,AIPW,0.34574797425361,0.702727059318431,-1.03159706201052,1.72309301051773
3166,Tlearner,0.992072738150019,0.0607748721202001,0.872956177629399,1.11118929867064
3166,Rlearner,0.993535603651418,0.0595229753090504,0.876872715793012,1.11019849150982
3166,intercept,1.04992507832415,0.0799837277190915,0.89315697199473,1.20669318465357
3166,AIPW,0.909391923076198,0.0704749487343775,0.771261023556818,1.04752282259558
3167,Tlearner,0.956851312340134,0.0629190093817359,0.833532320008993,1.08017030467127
3167,Rlearner,0.925499190947552,0.0607420424037154,0.806446975488865,1.04455140640624
3167,intercept,1.12438586420832,0.0847529887626182,0.958270006233585,1.29050172218305
3167,AIPW,0.935103528861403,0.0460409564870848,0.844863254146717,1.02534380357609
3168,Tlearner,1.12621946630432,0.113365388806913,0.90402738714939,1.34841154545925
3168,Rlearner,1.03857714743129,0.0625065688538935,0.916066523680481,1.16108777118209
3168,intercept,1.23527221400583,0.0881078011515043,1.06258092374888,1.40796350426278
3168,AIPW,1.06362887651775,0.0472247642007475,0.971068338684288,1.15618941435122
3169,Tlearner,1.0659114848829,0.0628309706801045,0.942765045236202,1.1890579245296
3169,Rlearner,1.07533971681362,0.0587331511557366,0.960224855849834,1.19045457777742
3169,intercept,1.31922987909446,0.077757259590586,1.16682565029691,1.47163410789201
3169,AIPW,1.09107397716501,0.0416220160904027,1.00949482562782,1.1726531287022
3170,Tlearner,1.11344950698726,0.0576417171294173,1.00047381740656,1.22642519656797
3170,Rlearner,1.10006498757528,0.0563447246361239,0.98963135656965,1.21049861858091
3170,intercept,1.19553460560275,0.0699505293283874,1.05843156811911,1.33263764308639
3170,AIPW,1.16412332370027,0.0688899380435901,1.02909904513483,1.2991476022657
3171,Tlearner,1.0110318927097,0.0599383415557269,0.893554901967419,1.12850888345199
3171,Rlearner,0.96949485370816,0.0609409235873658,0.850052838292316,1.088936869124
3171,intercept,1.07128392193074,0.078943279996439,0.916555093137724,1.22601275072377
3171,AIPW,0.965255965570622,0.0640394489334348,0.83973864566109,1.09077328548015
3172,Tlearner,0.976163646093659,0.0647822700500045,0.849192729958903,1.10313456222842
3172,Rlearner,1.00693562108821,0.0603955433396684,0.888562531315729,1.12530871086068
3172,intercept,1.21571678252288,0.0771697623716724,1.0644640482744,1.36696951677136
3172,AIPW,1.03789442044136,0.0519783973825324,0.936016761571601,1.13977207931113
3173,Tlearner,1.06501741993528,0.0619485146622717,0.943600562301472,1.18643427756908
3173,Rlearner,1.09823304167303,0.0559411310929565,0.988590439476399,1.20787564386966
3173,intercept,1.31588879233674,0.0758225131002363,1.16727666666028,1.46450091801321
3173,AIPW,1.09170333676797,0.0754912697718458,0.943740448015155,1.23966622552079
3175,Tlearner,1.05138531714695,0.0602526631134083,0.933292267472049,1.16947836682186
3175,Rlearner,1.02737653324858,0.0583961360006364,0.912922209851029,1.14183085664613
3175,intercept,1.14812409508563,0.0812936054122214,0.988788628477676,1.30745956169358
3175,AIPW,1.03494638821351,0.0501680623278941,0.936616986050841,1.13327579037619
3176,Tlearner,0.970309369453973,0.0602829837707744,0.852156892382642,1.0884618465253
3176,Rlearner,0.978156218824217,0.0582739321623933,0.863941410548396,1.09237102710004
3176,intercept,1.14021126523108,0.0731369028474015,0.996862935650174,1.28355959481199
3176,AIPW,0.909700836793135,0.065930650021572,0.780476762750854,1.03892491083542
3178,Tlearner,0.971711200845328,0.0621204230033663,0.849957409054336,1.09346499263632
3178,Rlearner,0.999545659589078,0.0618477297205503,0.878326336811232,1.12076498236692
3178,intercept,1.18571078328979,0.0828904370909171,1.02324552659159,1.34817603998799
3178,AIPW,1.04891922265256,0.0530502686918748,0.944940696016484,1.15289774928863
3179,Tlearner,1.00649263463984,0.064653823222423,0.879773469661073,1.13321179961861
3179,Rlearner,1.07362739905976,0.0595441327986634,0.956923043283709,1.19033175483581
3179,intercept,1.24422564265716,0.0722444027134552,1.10262661333879,1.38582467197553
3179,AIPW,1.03621873754213,0.0432324630463001,0.951483109971378,1.12095436511287
3180,Tlearner,0.949277454585856,0.0589719479491681,0.833694560507316,1.0648603486644
3180,Rlearner,0.989827511541594,0.0600926892928717,0.87204800479341,1.10760701828978
3180,intercept,1.15732618054987,0.071231509166115,1.01771242258428,1.29693993851545
3180,AIPW,0.955892249418881,0.0562092429395904,0.845722133257284,1.06606236558048
3181,Tlearner,1.10709849177731,0.0617158347267829,0.986137678436985,1.22805930511763
3181,Rlearner,1.12006161375844,0.0604041072040188,1.00167173912027,1.23845148839661
3181,intercept,1.1665542150643,0.0855643002742509,0.998848186526765,1.33426024360183
3181,AIPW,1.0573059937284,0.0665515847892637,0.926864887541447,1.18774709991536
3182,Tlearner,1.1032352791459,0.0612338451343238,0.983219148047718,1.22325141024407
3182,Rlearner,1.1201891466558,0.0557059070662977,1.01100757507972,1.22937071823188
3182,intercept,1.3700860597166,0.0739980701325161,1.22504984225687,1.51512227717633
3182,AIPW,1.09234111957962,0.0413290335787711,1.01133621376523,1.17334602539401
3183,Tlearner,1.01495412960124,0.0640698628119706,0.889379505995356,1.14052875320713
3183,Rlearner,1.04804223674165,0.0581807905539187,0.934009982663898,1.1620744908194
3183,intercept,1.21317255799907,0.0776984642473207,1.06088356807432,1.36546154792382
3183,AIPW,0.995154547070913,0.0449652185323037,0.907022718747598,1.08328637539423
3184,Tlearner,0.924887167295626,0.0660806213995449,0.795371529276491,1.05440280531476
3184,Rlearner,0.832912257148006,0.0578447608848772,0.719538609119315,0.946285905176696
3184,intercept,1.08000585831892,0.0820816142859678,0.919125894318428,1.24088582231942
3184,AIPW,0.92806856207134,0.0544191835324778,0.821406962347684,1.034730161795
3185,Tlearner,0.981445834850906,0.0642692913270569,0.855480338537962,1.10741133116385
3185,Rlearner,1.00654709067833,0.0613039716502891,0.886393514134499,1.12670066722216
3185,intercept,1.18163337469136,0.0810299925584757,1.02281458927674,1.34045216010597
3185,AIPW,0.995457221789177,0.051498505125594,0.894520151743013,1.09639429183534
3186,Tlearner,1.02194485894553,0.0622055604134346,0.90002420089707,1.14386551699399
3186,Rlearner,1.08623858609125,0.0610707128289971,0.966542188436227,1.20593498374627
3186,intercept,1.13148358789627,0.0879070086936629,0.959185850856689,1.30378132493585
3186,AIPW,1.18290765353918,0.120905045603702,0.945933764155926,1.41988154292244
3187,Tlearner,0.910043577149054,0.071302696643916,0.770292859726394,1.04979429457171
3187,Rlearner,0.951922724666235,0.0571903060045125,0.839831784632566,1.0640136646999
3187,intercept,1.0910628088363,0.0740394335194236,0.945945519138228,1.23618009853437
3187,AIPW,0.929205169702255,0.045744343244203,0.839546256943617,1.01886408246089
3188,Tlearner,0.976411057102309,0.0635394797602839,0.851875965175741,1.10094614902888
3188,Rlearner,0.93814662469706,0.0634310360741495,0.813824078489666,1.06246917090445
3188,intercept,1.03266114242598,0.0882939519437954,0.859604996616141,1.20571728823582
3188,AIPW,0.859618816893695,0.129407642592988,0.605979837411438,1.11325779637595
3189,Tlearner,1.00127613841667,0.0573584702919077,0.888855602436218,1.11369667439712
3189,Rlearner,1.01983020042364,0.0543538796741663,0.913298553842255,1.12636184700503
3189,intercept,1.10796732459661,0.0753773354061392,0.960227747200576,1.25570690199264
3189,AIPW,0.996540435064633,0.053902606190351,0.890891326931545,1.10218954319772
3190,Tlearner,1.00060497396633,0.0626011827582739,0.877908910370499,1.12330103756215
3190,Rlearner,1.00652391966801,0.0617245549736381,0.885546014957917,1.1275018243781
3190,intercept,1.20311891668502,0.078672254929608,1.04892129702299,1.35731653634705
3190,AIPW,0.947560985303241,0.0632559280196182,0.82357936638479,1.07154260422169
3191,Tlearner,0.911332819641001,0.0654942658100407,0.782966417459428,1.03969922182257
3191,Rlearner,0.913089067153601,0.0600072365098803,0.795477044782458,1.03070108952474
3191,intercept,1.18915605436189,0.0806770316829295,1.03102907226335,1.34728303646043
3191,AIPW,0.909920304747362,0.0502437088388093,0.811442635423296,1.00839797407143
3192,Tlearner,0.851194238610682,0.0610612866478279,0.731516315931262,0.970872161290101
3192,Rlearner,0.942511606453813,0.0533049736053755,0.838035777990419,1.04698743491721
3192,intercept,1.08283778768625,0.072017214864362,0.941684046552105,1.2239915288204
3192,AIPW,0.925505793034951,0.056859039321513,0.814062075964785,1.03694951010512
3193,Tlearner,1.04361245530392,0.058101277990673,0.92973604298645,1.15748886762139
3193,Rlearner,1.05906448012486,0.055830793083956,0.949638136451999,1.16849082379772
3193,intercept,1.20194128878767,0.0791987226992885,1.04671179229706,1.35717078527828
3193,AIPW,1.05375165624706,0.0474652726302475,0.960719721891779,1.14678359060235
3194,Tlearner,1.08795084163106,0.0624481293162031,0.965554757269403,1.21034692599272
3194,Rlearner,1.11097073272432,0.0588287024330896,0.995668594698237,1.2262728707504
3194,intercept,1.2186876092432,0.087996487048177,1.04621449462877,1.39116072385763
3194,AIPW,1.21941883976971,0.10558339959038,1.01247537657257,1.42636230296686
3196,Tlearner,1.02459759715149,0.06303370675805,0.901053802093652,1.14814139220933
3196,Rlearner,0.974788622283928,0.0608809617694366,0.855464129871673,1.09411311469618
3196,intercept,1.20153608725614,0.084095534221835,1.03670884018134,1.36636333433093
3196,AIPW,1.01114096032026,0.0478801123188198,0.917295940175377,1.10498598046515
3197,Tlearner,1.18471588685437,0.076703668721537,1.03437945867806,1.33505231503067
3197,Rlearner,1.14626370613224,0.0621815296186969,1.02439014757599,1.2681372646885
3197,intercept,1.25341410444725,0.0776325432729343,1.1012543196323,1.4055738892622
3197,AIPW,1.13348872358342,0.043575936097914,1.04807988883151,1.21889755833533
3198,Tlearner,1.01505811009971,0.0611753854377038,0.895156557901455,1.13495966229797
3198,Rlearner,1.0146265069156,0.0594141303519202,0.898176951253066,1.13107606257813
3198,intercept,1.1360192484702,0.0727087555272046,0.993510087636881,1.27852840930352
3198,AIPW,1.01532038726088,0.0490608874127822,0.919161047931824,1.11147972658993
3199,Tlearner,0.945925781377618,0.0612809104079242,0.825817404038261,1.06603415871698
3199,Rlearner,0.895641397197215,0.0604019070176179,0.777255834845147,1.01402695954928
3199,intercept,1.05010212379031,0.0759635279157752,0.90121360907539,1.19899063850523
3199,AIPW,0.895379133074392,0.0656914479347747,0.766623895122234,1.02413437102655
3200,Tlearner,0.829421125258486,0.0600201545110143,0.711783784070369,0.947058466446603
3200,Rlearner,0.817258851425378,0.0566583122425696,0.706210600005117,0.928307102845639
3200,intercept,0.910264934856978,0.0772676385040278,0.758820363389084,1.06170950632487
3200,AIPW,0.842605728645855,0.0493763503050622,0.745828082047933,0.939383375243777
3201,Tlearner,1.05544995452926,0.130629240882578,0.799421347071601,1.31147856198692
3201,Rlearner,0.909335973426108,0.0603767001042722,0.790999815716359,1.02767213113586
3201,intercept,0.977499353339174,0.0780402310175218,0.824540500544832,1.13045820613352
3201,AIPW,0.916885455196554,0.0633507221628713,0.792718039757326,1.04105287063578
3203,Tlearner,0.95106931684455,0.067866583231485,0.81805325795705,1.08408537573205
3203,Rlearner,0.92245351353454,0.0632412549674152,0.798502931461291,1.04640409560779
3203,intercept,1.20780942255262,0.0860444550618769,1.03916229063134,1.3764565544739
3203,AIPW,1.01747125413348,0.0779515699184276,0.864686177093359,1.1702563311736
3204,Tlearner,1.02998707450632,0.0632826343366368,0.905955390359697,1.15401875865295
3204,Rlearner,1.01536997823453,0.0628637658361666,0.892159261263088,1.13858069520598
3204,intercept,1.10455817642516,0.0952539314703952,0.917860470743189,1.29125588210714
3204,AIPW,1.02924316523058,0.0550221252431102,0.921399799754081,1.13708653070707
3205,Tlearner,0.987199293161678,0.0595798976891493,0.870424839488365,1.10397374683499
3205,Rlearner,1.02958640197827,0.0569061580400907,0.918052381721149,1.14112042223539
3205,intercept,1.18017142846203,0.070653537985678,1.0416904940101,1.31865236291396
3205,AIPW,1.06759453175942,0.0540075077873116,0.961739816496293,1.17344924702255
3206,Tlearner,0.991935708007175,0.0624223540577048,0.869590142223866,1.11428127379048
3206,Rlearner,1.05966911434722,0.0640840397073948,0.934066704536894,1.18527152415755
3206,intercept,1.24704134836157,0.0861152662735713,1.07825542646537,1.41582727025777
3206,AIPW,1.10325668502841,0.0588128387341437,0.987983521109487,1.21852984894733
3207,Tlearner,0.950978134342957,0.0610257379923015,0.831369885748068,1.07058638293785
3207,Rlearner,0.94960227400155,0.058531542246564,0.8348825592387,1.0643219887644
3207,intercept,1.20870490631473,0.0777196849567484,1.0563743237995,1.36103548882996
3207,AIPW,0.952563872535366,0.0708548477657151,0.813688370914564,1.09143937415617
3208,Tlearner,0.965429821515335,0.0624271994019665,0.84307475903178,1.08778488399889
3208,Rlearner,1.036396288223,0.0567236786191887,0.925219921058768,1.14757265538724
3208,intercept,1.22637368248057,0.0891731716995328,1.05159426594949,1.40115309901165
3208,AIPW,1.051403750555,0.0582906964083151,0.937153985594702,1.1656535155153
3209,Tlearner,1.09129155079003,0.0629344579824412,0.967942279757895,1.21464082182216
3209,Rlearner,1.10280101677149,0.0606327547035487,0.98396300126908,1.22163903227389
3209,intercept,1.1864658026623,0.075329903823543,1.03881919116816,1.33411241415644
3209,AIPW,1.12375136687861,0.0434233177153078,1.03864166415661,1.20886106960061
3210,Tlearner,1.1545526925335,0.0582996555485189,1.04028746734731,1.26881791771968
3210,Rlearner,1.15790045839349,0.0571287578032435,1.04593015061762,1.26987076616936
3210,intercept,1.28987444668955,0.0750405201519174,1.14279502719179,1.4369538661873
3210,AIPW,1.23554600986663,0.0381463721211603,1.16077912050915,1.3103128992241
3212,Tlearner,1.10729855524194,0.0600664788809977,0.989570419957052,1.22502669052683
3212,Rlearner,1.12792697114059,0.0566992150045975,1.01679855177988,1.23905539050129
3212,intercept,1.18098108953463,0.0789200587744871,1.02629777433664,1.33566440473263
3212,AIPW,1.04830364371382,0.0491719047470486,0.951926710409605,1.14468057701804
3214,Tlearner,0.982552798830978,0.0611983064632484,0.862606322248166,1.10249927541379
3214,Rlearner,1.02814339927158,0.0571109915362542,0.91620791273915,1.14007888580401
3214,intercept,1.1613174919,0.0767344263596546,1.01091801623508,1.31171696756492
3214,AIPW,1.03776579306511,0.0462621744579135,0.9470919311276,1.12843965500262
3215,Tlearner,0.862291832452659,0.0677712082715355,0.729462705051687,0.995120959853632
3215,Rlearner,0.939890426168791,0.0578453520186681,0.82651561953916,1.05326523279842
3215,intercept,1.18238675095764,0.0746915315348426,1.03599134914935,1.32878215276593
3215,AIPW,0.894708229812602,0.0639645597343682,0.76933769273324,1.02007876689196
3216,Tlearner,1.04962450820013,0.0616576201983277,0.928777793238956,1.1704712231613
3216,Rlearner,1.0976906787707,0.0613764370021289,0.977395072747134,1.21798628479426
3216,intercept,1.25785830882803,0.0880537888882161,1.08527288260713,1.43044373504894
3216,AIPW,1.07514578285471,0.0511377339075094,0.97491582439599,1.17537574131343
3217,Tlearner,1.08721386454965,0.0630710194694452,0.963596937921316,1.21083079117799
3217,Rlearner,1.08374273287068,0.0613792748227106,0.963441564820984,1.20404390092038
3217,intercept,1.22125854487366,0.0850491722330251,1.05456216729693,1.38795492245039
3217,AIPW,1.12137422281483,0.0607951396643499,1.00221574907271,1.24053269655696
3218,Tlearner,1.00223264764983,0.063119649870124,0.878520407187613,1.12594488811206
3218,Rlearner,1.0571501830472,0.0613238927535771,0.936957561858389,1.177342804236
3218,intercept,1.07816809313958,0.0810165401234533,0.919375674497607,1.23696051178154
3218,AIPW,1.06718055851431,0.0517617324784581,0.965727562856528,1.16863355417208
3219,Tlearner,0.946944629920352,0.0597679293442809,0.829801640975027,1.06408761886568
3219,Rlearner,0.953891384821993,0.0581428154522355,0.839933560575853,1.06784920906813
3219,intercept,1.13525445951759,0.0791456733690903,0.980128939714175,1.29037997932101
3219,AIPW,1.00522560249859,0.051935110483684,0.903432785950573,1.10701841904661
3220,Tlearner,0.985018117946085,0.0617583336190913,0.863974008307457,1.10606222758471
3220,Rlearner,1.08800652201145,0.0605768808428972,0.969278017263599,1.2067350267593
3220,intercept,1.29019054724867,0.0838468482347841,1.12585072470849,1.45453036978884
3220,AIPW,1.12002693529292,0.109171564650413,0.906050668578113,1.33400320200773
3221,Tlearner,0.973535938023979,0.0619421157648235,0.852131621998714,1.09494025404924
3221,Rlearner,1.00773369307706,0.0643340754720434,0.881641222173175,1.13382616398095
3221,intercept,1.09738390048743,0.0784869535451859,0.943549471538865,1.25121832943599
3221,AIPW,1.02599868923861,0.0606098411034633,0.907203400675826,1.1447939778014
3222,Tlearner,1.04362196169892,0.061047060472031,0.923971921811697,1.16327200158614
3222,Rlearner,1.01637927924179,0.0568848124120023,0.904887095646953,1.12787146283664
3222,intercept,1.15729804980398,0.0699892241421708,1.02011917048532,1.29447692912263
3222,AIPW,1.06065967228909,0.0512920137786785,0.960127325282876,1.1611920192953
3223,Tlearner,1.10423131083999,0.0640427778731231,0.978709772738773,1.22975284894121
3223,Rlearner,1.04124383354607,0.0574474577905785,0.928648885273151,1.15383878181899
3223,intercept,1.24743464378489,0.0725653021971214,1.10520665147853,1.38966263609125
3223,AIPW,1.11182387665487,0.0509556119302239,1.01195087727163,1.21169687603811
3224,Tlearner,1.12096790057472,0.0618829921197338,0.999679464764466,1.24225633638497
3224,Rlearner,1.15404655567101,0.0631712137178576,1.03023325192433,1.27785985941769
3224,intercept,1.20720066465736,0.0905720137792195,1.02967951765009,1.38472181166463
3224,AIPW,1.18533646857311,0.060432707992768,1.06688836090728,1.30378457623893
3225,Tlearner,1.01362394584858,0.0623405809030683,0.891438652503263,1.1358092391939
3225,Rlearner,1.03029835975136,0.0616260665604554,0.909513488784004,1.15108323071872
3225,intercept,1.22705027830973,0.0809225761744593,1.06844202900779,1.38565852761167
3225,AIPW,1.10123712750893,0.0691808928313735,0.96564257755944,1.23683167745842
3226,Tlearner,0.996953869506242,0.0599574943748654,0.879439339928243,1.11446839908424
3226,Rlearner,0.997460626544187,0.0597400884159814,0.880372204815625,1.11454904827275
3226,intercept,1.14706136926759,0.0740927698411494,1.00183954037893,1.29228319815624
3226,AIPW,1.00699997179748,0.0615411806355614,0.886379257751782,1.12762068584318
3227,Tlearner,1.01919385283047,0.0591427809046782,0.903276132311759,1.13511157334918
3227,Rlearner,1.05255700326157,0.0547859006881562,0.945178611052198,1.15993539547095
3227,intercept,1.20372604451039,0.072653401770781,1.06132537703966,1.34612671198112
3227,AIPW,1.06685558914115,0.0515450773596093,0.965827237516317,1.16788394076599
3228,Tlearner,1.06090178504698,0.0600592060610851,0.943187904227187,1.17861566586678
3228,Rlearner,1.07061406681719,0.0570688754302545,0.958761126335684,1.18246700729869
3228,intercept,1.23500253027364,0.0745976864986027,1.08879106473638,1.3812139958109
3228,AIPW,1.08741312593378,0.0405685977379471,1.0078986743674,1.16692757750015
3229,Tlearner,1.07813812448186,0.058715758280444,0.96305735292723,1.19321889603649
3229,Rlearner,1.11674489789511,0.0550332221878562,1.00888176445372,1.2246080313365
3229,intercept,1.31853019469093,0.0756189569269563,1.17031703911409,1.46674335026776
3229,AIPW,1.16480741174735,0.0546810511078216,1.05763255157602,1.27198227191869
3230,Tlearner,0.987352614767428,0.0573218273374855,0.875003897657933,1.09970133187692
3230,Rlearner,1.00338226193895,0.0561480933840507,0.89333402110562,1.11343050277228
3230,intercept,1.19079552322468,0.0754209486610909,1.04297046384894,1.33862058260041
3230,AIPW,0.974824353103041,0.0525049984252057,0.871914556189638,1.07773415001644
3231,Tlearner,1.01587780608841,0.063115971721618,0.892172774664792,1.13958283751203
3231,Rlearner,0.990675550070771,0.0657711741745537,0.861766417467735,1.11958468267381
3231,intercept,1.1976514867463,0.0928296159501204,1.01570543948406,1.37959753400853
3231,AIPW,1.02594091407673,0.0471253234656205,0.933575280084115,1.11830654806935
3232,Tlearner,0.863713587848673,0.0646979791435882,0.736907878854717,0.99051929684263
3232,Rlearner,0.807561075736895,0.0640595383179667,0.682006687767416,0.933115463706373
3232,intercept,1.08161252390441,0.0800723418125665,0.924670733951779,1.23855431385704
3232,AIPW,0.841660151853251,0.0523015036350761,0.739149204728502,0.944171098978
3233,Tlearner,1.01557777790641,0.0649346755807867,0.888308152420277,1.14284740339255
3233,Rlearner,1.11817516185061,0.0620237899458146,0.996610767372139,1.23973955632909
3233,intercept,1.32484752375301,0.0850293705544655,1.15818995746626,1.49150509003976
3233,AIPW,0.647461691405303,0.344039166457215,-0.0268550748508392,1.32177845766144
3234,Tlearner,0.884030984310136,0.0646480002205022,0.757323232205414,1.01073873641486
3234,Rlearner,0.88350183148455,0.0647873638032643,0.756520931776858,1.01048273119224
3234,intercept,1.02843018608155,0.0875211811507475,0.856888671026081,1.19997170113701
3234,AIPW,0.814209699912364,0.0665665199814361,0.683739320748749,0.944680079075979
3235,Tlearner,1.00122082765669,0.0607483685611526,0.882156213157263,1.12028544215611
3235,Rlearner,0.997120605238846,0.0594852424848411,0.880531672356925,1.11370953812077
3235,intercept,1.12598127178907,0.0837595134129334,0.961812625499723,1.29014991807842
3235,AIPW,1.01395389677484,0.0529418938804868,0.910187784769082,1.11772000878059
3236,Tlearner,1.00219013586234,0.0607237571967473,0.883173758750763,1.12120651297392
3236,Rlearner,1.05884244513487,0.061965168636753,0.937392946310885,1.18029194395886
3236,intercept,1.15833711998739,0.0801050086562944,1.00133130302105,1.31534293695372
3236,AIPW,1.06907540220872,0.0463909922056366,0.978149057485672,1.16000174693177
3237,Tlearner,0.943168363597419,0.0632202055862931,0.819259037553067,1.06707768964177
3237,Rlearner,0.99240913481421,0.0587638796151775,0.877234047176615,1.10758422245181
3237,intercept,1.19915315835287,0.0805774290737303,1.04122139736836,1.35708491933738
3237,AIPW,0.966557760134581,0.0816549615688999,0.806514035459537,1.12660148480962
3238,Tlearner,0.917961525708056,0.0606906315007915,0.799010073767513,1.0369129776486
3238,Rlearner,0.988364261470651,0.0559132791790983,0.878776248022085,1.09795227491922
3238,intercept,1.096101992101,0.0732327989984281,0.952565706064077,1.23963827813791
3238,AIPW,0.950523944296594,0.0656809358674107,0.821789309996469,1.07925857859672
3239,Tlearner,1.02687717188107,0.0609041520538092,0.907507227346652,1.14624711641549
3239,Rlearner,1.04455847500246,0.0593314442117272,0.928270981196723,1.16084596880819
3239,intercept,1.12898387882874,0.0815865823612772,0.969074177400636,1.28889358025684
3239,AIPW,1.02443324500871,0.0497433794419852,0.926936221302415,1.121930268715
3240,Tlearner,1.00514091667635,0.0619832745977439,0.883655930820915,1.12662590253178
3240,Rlearner,1.00990067674478,0.0583902448111209,0.895457899866507,1.12434345362305
3240,intercept,1.13749551239038,0.0769592180575737,0.986655444997533,1.28833557978322
3240,AIPW,0.996292469810033,0.0434281156433379,0.911173363149091,1.08141157647098
3241,Tlearner,1.07458180639902,0.0632248058062268,0.950663464089279,1.19850014870877
3241,Rlearner,1.12539797960551,0.0596358124032451,1.00851393510636,1.24228202410466
3241,intercept,1.22254234061016,0.0829893502133085,1.05988321419207,1.38520146702824
3241,AIPW,1.18760228514777,0.0804157867756271,1.02998734306754,1.345217227228
3242,Tlearner,0.919327273087026,0.0659846567979713,0.789999722230766,1.04865482394329
3242,Rlearner,0.984042894921139,0.0558207044733617,0.874636324561696,1.09344946528058
3242,intercept,1.10222559046661,0.0804684387830029,0.944507450451929,1.2599437304813
3242,AIPW,1.00142990965747,0.0473935661591434,0.908538519985549,1.09432129932939
3243,Tlearner,0.97814131747443,0.0599826728539943,0.860577438984153,1.09570519596471
3243,Rlearner,0.97464289707962,0.0545087722076483,0.867807666711132,1.08147812744811
3243,intercept,1.16375459144152,0.0779876995129232,1.01089870039619,1.31661048248685
3243,AIPW,0.9562768628971,0.056831659003486,0.844886811250267,1.06766691454393
3244,Tlearner,1.03979672269953,0.0600311246902381,0.922137880355226,1.15745556504383
3244,Rlearner,1.03605849478399,0.0598520913754767,0.918750551288651,1.15336643827932
3244,intercept,1.19918125837154,0.0769572423579098,1.04834506335004,1.35001745339305
3244,AIPW,1.04561884741148,0.0484534032924902,0.950650176958195,1.14058751786476
3245,Tlearner,0.942842614991118,0.0623107130654151,0.820715861531895,1.06496936845034
3245,Rlearner,0.932158769256682,0.0603140092755423,0.813945483313405,1.05037205519996
3245,intercept,1.20760426700939,0.0763667962879656,1.05792534628498,1.3572831877338
3245,AIPW,0.998574763378193,0.0555566271017578,0.889683774258748,1.10746575249764
3246,Tlearner,0.984024971135996,0.0606872721507039,0.865080103400635,1.10296983887136
3246,Rlearner,0.989762135980417,0.0579482205357714,0.876185710762121,1.10333856119871
3246,intercept,1.25807047875927,0.0763306558276728,1.10846239333703,1.40767856418151
3246,AIPW,1.1056675073441,0.136387938705173,0.838347147481957,1.37298786720624
3247,Tlearner,0.978845190868711,0.0588422160674883,0.86351656660591,1.09417381513151
3247,Rlearner,1.00612512142048,0.0561246954729671,0.896122739650191,1.11612750319078
3247,intercept,1.087412934926,0.0779971727230165,0.934538476388889,1.24028739346311
3247,AIPW,1.01727943639943,0.0489246987263995,0.921387026895688,1.11317184590317
3248,Tlearner,0.9989001399167,0.0614253687614289,0.878508629407207,1.11929165042619
3248,Rlearner,1.06722445945049,0.0575670329525975,0.954395148166568,1.18005377073441
3248,intercept,1.1824107432783,0.0773548791445298,1.03079518015502,1.33402630640158
3248,AIPW,1.05017944299991,0.0471492565026283,0.957766900254763,1.14259198574507
3249,Tlearner,1.02887030894449,0.0606914652202813,0.909917222943777,1.14782339494521
3249,Rlearner,1.03951568210321,0.0610279032180348,0.919903189743866,1.15912817446255
3249,intercept,1.23564301061723,0.0839200514817808,1.07115970971294,1.40012631152152
3249,AIPW,1.09209057279881,0.0612270380093957,0.972085578300399,1.21209556729723
3250,Tlearner,0.990358841081995,0.0598718597281396,0.873012152327407,1.10770552983658
3250,Rlearner,1.01043388589961,0.0616937270048157,0.889516402898128,1.1313513689011
3250,intercept,1.07767157354577,0.0776881742054021,0.925402752103178,1.22994039498835
3250,AIPW,0.82599354444709,0.199414583857287,0.435140960086808,1.21684612880737
3251,Tlearner,0.972578845425544,0.0644087793908781,0.846339957531237,1.09881773331985
3251,Rlearner,1.01752444288069,0.0589001975411526,0.902082177017741,1.13296670874365
3251,intercept,1.12134934798028,0.0747491409482481,0.974841031721716,1.26785766423885
3251,AIPW,1.02742293366702,0.0474217601362156,0.934476283800042,1.12036958353401
3252,Tlearner,1.1277919694674,0.0594090248392039,1.01135242042592,1.24423151850889
3252,Rlearner,1.13410390858981,0.0607510870980608,1.01503396585595,1.25317385132366
3252,intercept,1.26774555330272,0.0824408642534068,1.10616145936604,1.4293296472394
3252,AIPW,1.17715952303982,0.0504979794095163,1.07818348339717,1.27613556268247
3253,Tlearner,1.04650904523554,0.0613206997241733,0.926322682269363,1.16669540820171
3253,Rlearner,1.10684473228317,0.058508494277843,0.992170190708932,1.22151927385741
3253,intercept,1.32857264220653,0.0842045096664488,1.16353180326029,1.49361348115276
3253,AIPW,1.09513661300032,0.0506939573567359,0.995776456581116,1.19449676941952
3254,Tlearner,0.932420644937786,0.0596130023689375,0.815581307284368,1.0492599825912
3254,Rlearner,0.910531956779544,0.0539915802725562,0.804710403976931,1.01635350958216
3254,intercept,1.08418566777435,0.073182166879981,0.940748620689589,1.22762271485911
3254,AIPW,0.923106535348445,0.0496220668645299,0.825847284293967,1.02036578640292
3255,Tlearner,0.872682180567735,0.0678973608903714,0.739605798577289,1.00575856255818
3255,Rlearner,0.937865623708319,0.0577761544784483,0.824626441765338,1.0511048056513
3255,intercept,1.06049682951316,0.0725551205319931,0.918288793270454,1.20270486575587
3255,AIPW,0.888713538593871,0.0456902492911942,0.79916064998313,0.978266427204611
3257,Tlearner,0.870374814407334,0.0635087983676073,0.745899856905407,0.99484977190926
3257,Rlearner,0.940057247764956,0.0586578982726105,0.825089879741825,1.05502461578809
3257,intercept,1.10662085021819,0.0812468475042466,0.947377029109864,1.26586467132651
3257,AIPW,0.866247618955534,0.0557897096312498,0.756899788078285,0.975595449832784
3258,Tlearner,0.947410485697132,0.060492726689703,0.828846920058689,1.06597405133557
3258,Rlearner,0.956893112357934,0.0573906801511882,0.844409446213347,1.06937677850252
3258,intercept,1.18137276359132,0.0821808073566779,1.02029838117223,1.34244714601041
3258,AIPW,0.997448498030213,0.0666801392793458,0.866755425042695,1.12814157101773
3259,Tlearner,1.00949811136779,0.0651803785014648,0.881746917006234,1.13724930572935
3259,Rlearner,1.03945968926279,0.0564708094646153,0.928778936534319,1.15014044199126
3259,intercept,1.29743347802601,0.081129757855409,1.13841915262941,1.45644780342261
3259,AIPW,1.05204705933465,0.0552027896679335,0.943849591585499,1.1602445270838
3260,Tlearner,1.13588687942779,0.0575211729626325,1.02314745207253,1.24862630678305
3260,Rlearner,1.1711926701643,0.0566911875918492,1.06007998424347,1.28230535608513
3260,intercept,1.32266840746799,0.0743570815175384,1.17692852769362,1.46840828724237
3260,AIPW,1.14529644693359,0.0488948981478055,1.04946244656389,1.24113044730329
3261,Tlearner,0.878473679731351,0.064364133936901,0.752322295318913,1.00462506414379
3261,Rlearner,0.927369099174043,0.0615602273416783,0.806713270704256,1.04802492764383
3261,intercept,1.10455311382659,0.0774973672000955,0.9526582741144,1.25644795353877
3261,AIPW,0.901093171349886,0.0497778966491339,0.803528493917583,0.998657848782188
3262,Tlearner,0.983066351331433,0.0618464515789085,0.861849533665172,1.10428316899769
3262,Rlearner,1.15030309822816,0.0589671025041792,1.03472970104729,1.26587649540903
3262,intercept,1.23539497239862,0.0849905848030079,1.06881342618472,1.40197651861252
3262,AIPW,1.05412410294207,0.04339854844373,0.969062947992355,1.13918525789178
3263,Tlearner,0.985780992748025,0.0611731203002965,0.865883880137507,1.10567810535854
3263,Rlearner,1.03495219471227,0.0593837352488759,0.91856221235701,1.15134217706753
3263,intercept,1.12148886151905,0.0761763710987876,0.972183174165429,1.27079454887268
3263,AIPW,1.02080222586131,0.049183455111107,0.924402653843543,1.11720179787908
3264,Tlearner,1.04351440466216,0.0595770837503915,0.926745466207465,1.16028334311685
3264,Rlearner,1.08208076186374,0.0600151497403232,0.964453229845926,1.19970829388155
3264,intercept,1.21832447519786,0.0728109270377143,1.07561505820394,1.36103389219178
3264,AIPW,1.06908790126584,0.0473259690506355,0.976329001926595,1.16184680060509
3265,Tlearner,0.99640000610039,0.0633108097438779,0.872313099170322,1.12048691303046
3265,Rlearner,0.962407602458404,0.0565540355827929,0.851563729535734,1.07325147538107
3265,intercept,1.10501732874695,0.0814355653661935,0.945403620629207,1.26463103686469
3265,AIPW,0.97852357937734,0.0643565805164487,0.852384681565101,1.10466247718958
3266,Tlearner,0.964046154923852,0.0638221020099796,0.838957133566651,1.08913517628105
3266,Rlearner,0.951685872823833,0.0609593052123046,0.832207830085131,1.07116391556253
3266,intercept,1.14095921703582,0.089091236596216,0.966340393307239,1.31557804076441
3266,AIPW,0.941293926082233,0.0548531137794593,0.833781823074493,1.04880602908997
3267,Tlearner,0.93534672852929,0.0605356297798943,0.816699074379247,1.05399438267933
3267,Rlearner,0.933244316140876,0.0567065761231523,0.822101469252919,1.04438716302883
3267,intercept,1.14034997849689,0.0775215477860084,0.988407744836317,1.29229221215747
3267,AIPW,1.04250374765861,0.0753206805446895,0.894875213791021,1.1901322815262
3268,Tlearner,0.991385203286861,0.0654190888890156,0.863166145162966,1.11960426141076
3268,Rlearner,1.01934654453968,0.0602873483856095,0.901185512980465,1.13750757609889
3268,intercept,1.23647740434581,0.0771233131886559,1.08531571049605,1.38763909819558
3268,AIPW,0.997205090508269,0.0767699961109438,0.846735898130819,1.14767428288572
3269,Tlearner,0.871904414748366,0.0590825780673222,0.756104689622638,0.987704139874094
3269,Rlearner,0.91822507459727,0.057999474390979,0.804548193668698,1.03190195552584
3269,intercept,1.04136709224902,0.0726482889904694,0.898976445827699,1.18375773867034
3269,AIPW,0.811082910207142,0.0936657213419482,0.627498096376924,0.994667724037361
3270,Tlearner,1.03461251092174,0.058248478179338,0.920447591535967,1.14877743030751
3270,Rlearner,1.03512944665203,0.0556778608095189,0.926002844729136,1.14425604857492
3270,intercept,1.09788603477773,0.0740109538691842,0.952824565194126,1.24294750436133
3270,AIPW,1.01152241106007,0.0543868045244434,0.904924274192162,1.11812054792798
3271,Tlearner,0.959919885749023,0.065823791921751,0.830907624256532,1.08893214724151
3271,Rlearner,1.00138144910183,0.0586743938671688,0.88638175030746,1.1163811478962
3271,intercept,1.26788432256169,0.0791545524996951,1.11274139966229,1.4230272454611
3271,AIPW,0.965138946904351,0.0444918576012397,0.877934906005921,1.05234298780278
3273,Tlearner,1.07654878499117,0.0629201633214243,0.953227530979797,1.19987003900254
3273,Rlearner,1.0665679586312,0.0642713444649344,0.940598438241966,1.19253747902044
3273,intercept,1.24031347143256,0.0747061314682062,1.09388945375488,1.38673748911025
3273,AIPW,1.14583646321966,0.0672852967366507,1.01395728161582,1.27771564482349
3274,Tlearner,0.83387885332394,0.0658776336541915,0.704761063975001,0.962996642672879
3274,Rlearner,0.854097641853875,0.0618578741261509,0.732858436406407,0.975336847301343
3274,intercept,1.06345908582785,0.0850365266043821,0.896787493683258,1.23013067797244
3274,AIPW,0.857934663741622,0.046216807600017,0.767349720845589,0.948519606637655
3275,Tlearner,1.02530525768448,0.0624566729353142,0.90289242813707,1.1477180872319
3275,Rlearner,1.00684478473741,0.0567673289940329,0.895582864410568,1.11810670506425
3275,intercept,1.20910243518134,0.0708631486033384,1.0702106639188,1.34799420644388
3275,AIPW,1.0442619819246,0.0502982331099174,0.945677445029159,1.14284651882004
3276,Tlearner,1.01814714633078,0.0676834792509835,0.885489964650492,1.15080432801108
3276,Rlearner,1.01624154238066,0.063055724409444,0.892654593519063,1.13982849124225
3276,intercept,1.22933860906644,0.0828514055963246,1.06694985409765,1.39172736403524
3276,AIPW,1.00788015159597,0.096346423542193,0.819041161453272,1.19671914173867
3277,Tlearner,0.973915312906976,0.059039717742882,0.858199592473517,1.08963103334044
3277,Rlearner,0.996320769444639,0.0564678120962703,0.885645891450174,1.1069956474391
3277,intercept,1.17636034889327,0.0716072500524061,1.03601013879056,1.31671055899599
3277,AIPW,0.997240040722587,0.0500006521742486,0.899238762461059,1.09524131898411
3278,Tlearner,0.96486794648773,0.0594093188844662,0.848427821128121,1.08130807184734
3278,Rlearner,0.992540646219494,0.0537062007985974,0.887278426907767,1.09780286553122
3278,intercept,1.13277894172893,0.0725973220567719,0.990488190497659,1.27506969296021
3278,AIPW,1.00117536360925,0.0402419212762095,0.922301197907881,1.08004952931062
3279,Tlearner,0.993924996056171,0.0646791064949066,0.867156276773923,1.12069371533842
3279,Rlearner,0.973250632926628,0.0645532898695532,0.846728509698729,1.09977275615453
3279,intercept,1.13108315633378,0.0876493069250547,0.959290514760675,1.30287579790689
3279,AIPW,1.06861806171124,0.0738259533759825,0.923919193094315,1.21331693032817
3280,Tlearner,1.02484503781752,0.06267561463933,0.902003090415526,1.14768698521952
3280,Rlearner,1.04644311335346,0.0568579301713949,0.935003617982032,1.15788260872489
3280,intercept,1.22455336662554,0.0851718720073221,1.05761649749119,1.3914902357599
3280,AIPW,1.03636072211284,0.0684702664425288,0.902158999885488,1.1705624443402
3282,Tlearner,1.00761248753068,0.0649451468276403,0.88032233877784,1.13490263628352
3282,Rlearner,1.09255409307353,0.0601282874855157,0.974704815149853,1.21040337099722
3282,intercept,1.33706636102283,0.0819216500365413,1.17649992695121,1.49763279509445
3282,AIPW,1.07592660387035,0.0575025643226625,0.963221577797928,1.18863162994276
3285,Tlearner,1.01989388626318,0.059631892605547,0.903017524426352,1.13677024810002
3285,Rlearner,1.08427270968101,0.057309821342685,0.971947523888924,1.1965978954731
3285,intercept,1.33001560416346,0.0663548133901161,1.19996016991883,1.46007103840809
3285,AIPW,1.12332040686259,0.0477823397895717,1.02966702087503,1.21697379285015
3286,Tlearner,0.881636486996096,0.0624343731658028,0.759267364193788,1.0040056097984
3286,Rlearner,0.888773551351476,0.0595154047408668,0.772125501534053,1.0054216011689
3286,intercept,0.947960845106253,0.0749297062860524,0.801098620785591,1.09482306942692
3286,AIPW,0.910565223250508,0.0524009551508735,0.807859351154796,1.01327109534622
3287,Tlearner,0.912789833632784,0.0588153489729893,0.79751386790757,1.028065799358
3287,Rlearner,0.918248688312438,0.0593412964975914,0.801941884381246,1.03455549224363
3287,intercept,1.04465362213055,0.0762572936563523,0.8951893265641,1.194117917697
3287,AIPW,0.9445314708926,0.0452831822971831,0.855776433590121,1.03328650819508
3288,Tlearner,0.89555488327441,0.0585505131768186,0.780797986171508,1.01031178037731
3288,Rlearner,0.88400598835524,0.0556674190825583,0.774899851841128,0.993112124869352
3288,intercept,0.999321237932911,0.0737018350225233,0.854865641288766,1.14377683457706
3288,AIPW,0.90847719097563,0.0459277810309887,0.818458740154892,0.998495641796368
3289,Tlearner,1.02649456937337,0.0574219740610594,0.913949568292502,1.13903957045424
3289,Rlearner,1.06309721188581,0.0552111092560978,0.954885426197354,1.17130899757427
3289,intercept,1.2021108599063,0.0740942766214574,1.05688607772825,1.34733564208436
3289,AIPW,1.06900639939236,0.045088632456655,0.980632679777315,1.1573801190074
3291,Tlearner,1.05681121700402,0.0620105108133513,0.93527284914692,1.17834958486112
3291,Rlearner,1.05685417817146,0.0611748506105791,0.93695367421511,1.17675468212782
3291,intercept,1.22493077753469,0.0822929503449035,1.06363659485868,1.3862249602107
3291,AIPW,1.06759157057561,0.0473466549711366,0.974792126832178,1.16039101431903
3292,Tlearner,1.06709279847305,0.0589760360581083,0.951501891848222,1.18268370509788
3292,Rlearner,1.06148783272551,0.057345335150691,0.949093041148781,1.17388262430225
3292,intercept,1.16954667840906,0.0726518934522737,1.0271489672426,1.31194438957552
3292,AIPW,1.0849434116754,0.0480123948804612,0.990839117709698,1.17904770564111
3293,Tlearner,1.11892856214913,0.0611414933474077,0.999093437227219,1.23876368707105
3293,Rlearner,1.11595699168012,0.0586785620902776,1.00094912331858,1.23096486004166
3293,intercept,1.2232301880332,0.076360324052675,1.07356395288996,1.37289642317644
3293,AIPW,1.11429278147555,0.0444591988851132,1.02715275166073,1.20143281129038
3294,Tlearner,0.938104506850778,0.0637696061366948,0.813118375514551,1.063090638187
3294,Rlearner,0.986259247560484,0.0614277311660084,0.865863106823099,1.10665538829787
3294,intercept,1.20243224541026,0.0745327563955637,1.05634804287495,1.34851644794556
3294,AIPW,0.963207173478434,0.045951809891747,0.87314162609061,1.05327272086626
3295,Tlearner,0.948393213615174,0.0628920518641687,0.825127057047578,1.07165937018277
3295,Rlearner,0.996899283360965,0.053876864140139,0.891302570046336,1.1024959966756
3295,intercept,1.11226754089483,0.0630831965476148,0.98862447566151,1.23591060612816
3295,AIPW,0.949162875835447,0.0471533504857208,0.856742308883435,1.04158344278746
3297,Tlearner,1.01644483673868,0.068431685164521,0.882321198414835,1.15056847506252
3297,Rlearner,1.02937103919251,0.063731015399139,0.904460544312031,1.15428153407299
3297,intercept,1.21645828669802,0.0791489598477579,1.06132632539641,1.37159024799962
3297,AIPW,1.05369406483885,0.0507686759034484,0.954187460068089,1.15320066960961
3298,Tlearner,0.950930435401715,0.0607989300898677,0.831766722127005,1.07009414867642
3298,Rlearner,0.991724165624872,0.0557311287044805,0.882493160546324,1.10095517070342
3298,intercept,1.20664403215498,0.0797333616646325,1.0503666432923,1.36292142101766
3298,AIPW,1.06636146183361,0.0539612545597145,0.960597402896566,1.17212552077065
3299,Tlearner,1.09741043384726,0.0612926278802734,0.977279090684111,1.21754177701041
3299,Rlearner,1.21301335690388,0.0590611130206231,1.09725570249661,1.32877101131115
3299,intercept,1.37736319658044,0.0761574505041161,1.22809459359238,1.52663179956851
3299,AIPW,1.19209590147821,0.0411271751405607,1.11148663820271,1.27270516475371
3300,Tlearner,1.0402376966786,0.0648713164582893,0.91309225279065,1.16738314056655
3300,Rlearner,1.00674835495258,0.0615480957689358,0.886116303928448,1.12738040597672
3300,intercept,1.22348918213063,0.0842141737076202,1.0584294016637,1.38854896259757
3300,AIPW,1.05719420613144,0.0439661685927628,0.971020515689623,1.14336789657325
3301,Tlearner,1.00538288201204,0.0637514673099128,0.88043230212303,1.13033346190105
3301,Rlearner,1.03408920500851,0.0570289603002546,0.922314496744249,1.14586391327278
3301,intercept,1.27843002688133,0.0862865091283209,1.10930846898982,1.44755158477284
3301,AIPW,1.01959852646611,0.048719732051538,0.924107851645095,1.11508920128712
3302,Tlearner,1.15038960487838,0.06295765088991,1.02699487658291,1.27378433317385
3302,Rlearner,1.20648375929935,0.0612672538968874,1.08640214822978,1.32656537036892
3302,intercept,1.32651382528212,0.0818477052311622,1.16609232302904,1.4869353275352
3302,AIPW,1.17291065291029,0.0505400043636757,1.07385224435748,1.27196906146309
3303,Tlearner,1.05253050890107,0.0573999775741834,0.940028620142262,1.16503239765987
3303,Rlearner,1.00950941158572,0.05707171682026,0.89765090208214,1.1213679210893
3303,intercept,1.1010778558393,0.0758787114577979,0.952355581382011,1.24980013029658
3303,AIPW,1.04060572545323,0.0744644066038095,0.894655488509768,1.1865559623967
3304,Tlearner,0.940531992685915,0.0627042791747864,0.817633863826789,1.06343012154504
3304,Rlearner,1.02138695965797,0.0604474436636565,0.902912147119687,1.13986177219625
3304,intercept,1.20119333721758,0.0762284095351312,1.05178565452872,1.35060101990644
3304,AIPW,1.03666081496486,0.0479124162696659,0.942752479076317,1.13056915085341
3305,Tlearner,1.14672111546934,0.059595383357674,1.02991631044344,1.26352592049524
3305,Rlearner,1.16906908076218,0.0611423682355436,1.04923224109103,1.28890592043333
3305,intercept,1.25845244260283,0.0829970865818734,1.09577815290236,1.4211267323033
3305,AIPW,1.17903530927561,0.0596666919594028,1.06208859303518,1.29598202551604
3306,Tlearner,1.01962818269324,0.0599476624409921,0.902132923351535,1.13712344203495
3306,Rlearner,1.04757786260571,0.0593147664641383,0.931323056584593,1.16383266862682
3306,intercept,1.20815361545468,0.0728110025639461,1.06544405042934,1.35086318048001
3306,AIPW,1.09068916135727,0.053949790001169,0.984947572954983,1.19643074975957
3307,Tlearner,1.05119713738759,0.063948799361015,0.925859793785423,1.17653448098976
3307,Rlearner,1.0359754577911,0.0616363912995331,0.915170350706998,1.1567805648752
3307,intercept,1.07971204791678,0.0842279836772063,0.914625199909456,1.2447988959241
3307,AIPW,1.00003689653301,0.0486325994387183,0.904717001633119,1.09535679143289
3308,Tlearner,1.00463073363864,0.0596327970147339,0.88775259919237,1.1215088680849
3308,Rlearner,1.04709666027512,0.0590603107907034,0.931340578209599,1.16285274234064
3308,intercept,1.26198142613407,0.0790996654480283,1.10694608185594,1.41701677041221
3308,AIPW,0.999909857439568,0.081136717242194,0.840881891644868,1.15893782323427
3309,Tlearner,1.0294217350153,0.0579915002168028,0.915760483180916,1.14308298684968
3309,Rlearner,0.891720479842532,0.0537853526248383,0.786303125802062,0.997137833883002
3309,intercept,1.0693762193073,0.0730496382620583,0.926198928313668,1.21255351030094
3309,AIPW,1.00762441750014,0.0466848477258341,0.916122115957503,1.09912671904277
3310,Tlearner,1.04784019308698,0.0598348152503698,0.930566110174648,1.16511427599931
3310,Rlearner,1.09491364221713,0.0600828756915351,0.97715336977412,1.21267391466013
3310,intercept,1.25820294922794,0.0868231674358728,1.08802954105363,1.42837635740225
3310,AIPW,1.03446105482603,0.0507622958503907,0.934966954959264,1.1339551546928
3312,Tlearner,0.982434293018006,0.0614000264250858,0.86209245257503,1.10277613346098
3312,Rlearner,0.983913821108948,0.0630032277550225,0.860429763799329,1.10739787841857
3312,intercept,1.07892177968326,0.0861769361064353,0.910014984914644,1.24782857445187
3312,AIPW,1.01842775707335,0.045550419865841,0.929148934136303,1.1077065800104
3313,Tlearner,1.00339805293383,0.0595721534153343,0.886638777758282,1.12015732810938
3313,Rlearner,1.0242679534744,0.0575570291688182,0.911458249246399,1.13707765770241
3313,intercept,1.13716728915191,0.079305776807863,0.981727966608499,1.29260661169532
3313,AIPW,1.08839901709732,0.0490077200851368,0.992343885730454,1.18445414846419
3314,Tlearner,1.015340950456,0.0608561939316912,0.896065002113704,1.1346168987983
3314,Rlearner,1.11377733162206,0.0543230751230232,1.00730606085147,1.22024860239265
3314,intercept,1.17211071474477,0.0669205526054682,1.04094643163806,1.30327499785149
3314,AIPW,1.13086918786225,0.052907497658901,1.0271704924508,1.2345678832737
3315,Tlearner,0.964963180982814,0.0599956915544575,0.847373786308504,1.08255257565712
3315,Rlearner,0.987411724376942,0.0582389453637843,0.873265488966329,1.10155795978756
3315,intercept,1.19241809673795,0.0729403809974179,1.04945494998301,1.33538124349289
3315,AIPW,1.01311657895067,0.0467974209819795,0.921393633825989,1.10483952407535
3316,Tlearner,1.18449371705323,0.0576340361148344,1.07153308198447,1.29745435212199
3316,Rlearner,1.19985467459058,0.0571070038836014,1.08792700371373,1.31178234546743
3316,intercept,1.37233390604653,0.0746478723675381,1.22602407620616,1.51864373588691
3316,AIPW,1.2186600606358,0.0448820740171095,1.13069119556227,1.30662892570934
3318,Tlearner,1.03815526442479,0.0623792142844254,0.915894251043413,1.16041627780617
3318,Rlearner,1.06100015222629,0.059118655337591,0.945129716950172,1.1768705875024
3318,intercept,1.15562942472888,0.080320999470714,0.998200265766284,1.31305858369148
3318,AIPW,1.02874453669626,0.0531368813162133,0.924596249316479,1.13289282407603
3320,Tlearner,0.998886163501059,0.0654018926588225,0.870700809369012,1.12707151763311
3320,Rlearner,1.03930588530743,0.067260032177533,0.907478644640462,1.1711331259744
3320,intercept,1.11848648247546,0.0858940017470554,0.950134239051228,1.28683872589968
3320,AIPW,1.03303209341294,0.0522192772285084,0.930682310045063,1.13538187678082
3321,Tlearner,0.969677899435325,0.0662032908927031,0.839921833627598,1.09943396524305
3321,Rlearner,0.99764227923251,0.0597591433891394,0.880516510442832,1.11476804802219
3321,intercept,1.24066047129952,0.0893175171789292,1.06559813762882,1.41572280497022
3321,AIPW,1.0263432002908,0.0745943625787301,0.880138249636491,1.17254815094511
3322,Tlearner,1.11562461811519,0.0605930314524774,0.996864458754235,1.23438477747615
3322,Rlearner,1.11073648836722,0.0553153610540719,1.00232037290941,1.21915260382503
3322,intercept,1.18639112848289,0.076863502764245,1.03573866306497,1.33704359390081
3322,AIPW,1.173179269501,0.0564680889003179,1.06250181525637,1.28385672374562
3323,Tlearner,0.958903995729872,0.0579915561234245,0.845242634320526,1.07256535713922
3323,Rlearner,1.02134989811693,0.0571098645077696,0.909416620519739,1.13328317571412
3323,intercept,1.18340578889991,0.0759132992387419,1.03461572239197,1.33219585540784
3323,AIPW,0.976112804869345,0.0472785704480751,0.883446806791118,1.06877880294757
3325,Tlearner,0.934184608524878,0.0609510584075937,0.814722729226398,1.05364648782336
3325,Rlearner,0.978466158210424,0.061316063158944,0.85828888274511,1.09864343367574
3325,intercept,1.23705126978875,0.0851195592714611,1.07021693361669,1.40388560596081
3325,AIPW,1.00298915526538,0.0502020395195361,0.904593157807091,1.10138515272367
3326,Tlearner,1.08740923528348,0.0647782312397098,0.960446235071446,1.21437223549552
3326,Rlearner,1.02370830749808,0.0598387895243143,0.906426435151956,1.14099017984421
3326,intercept,1.18466976433624,0.0800451092773977,1.02778135015254,1.34155817851994
3326,AIPW,1.01442670556987,0.0493618802742507,0.917677420232342,1.1111759909074
3327,Tlearner,1.00766877834934,0.0652575376138935,0.879766354906342,1.13557120179234
3327,Rlearner,1.09241879033989,0.0591173765173831,0.976550861505327,1.20828671917446
3327,intercept,1.2726077208234,0.0738268396830876,1.12790711504455,1.41730832660225
3327,AIPW,1.05360134880192,0.0516115704294507,0.952442670760193,1.15476002684364
3328,Tlearner,1.07523469525856,0.0609613524478639,0.955752640011896,1.19471675050523
3328,Rlearner,1.06136236731438,0.0585143893256971,0.946676271658656,1.1760484629701
3328,intercept,1.21816153184886,0.0803580135452423,1.06065982530018,1.37566323839753
3328,AIPW,1.0555025508572,0.0506898721189364,0.956150401504087,1.15485470021032
3329,Tlearner,0.934384482519029,0.0690961560558074,0.798958505179487,1.06981045985857
3329,Rlearner,1.02132357854744,0.0624646230782836,0.898895167006133,1.14375199008874
3329,intercept,1.27646548230383,0.0844290939676123,1.11098445812731,1.44194650648035
3329,AIPW,1.73008499602886,0.723968708956377,0.311106326474365,3.14906366558336
3330,Tlearner,0.995983885411038,0.0598631846734218,0.878654199451261,1.11331357137081
3330,Rlearner,0.928390439194106,0.0563673192231342,0.81791252361169,1.03886835477652
3330,intercept,1.08763287005692,0.0753827318991152,0.939882715534654,1.23538302457919
3330,AIPW,0.942490934066903,0.0493897306525534,0.845687061987899,1.03929480614591
3331,Tlearner,0.917027188251272,0.0624316175513457,0.794663466354056,1.03939091014849
3331,Rlearner,0.927740402017121,0.0587850785701038,0.81252376519136,1.04295703884288
3331,intercept,1.14053603511286,0.0801226116286574,0.983495716320691,1.29757635390503
3331,AIPW,0.947042358881273,0.0447357097627897,0.859360367746205,1.03472435001634
3332,Tlearner,0.893132884889308,0.0611718795369219,0.773238204130319,1.0130275656483
3332,Rlearner,0.865334803765611,0.0575213891303464,0.752594952729418,0.978074654801804
3332,intercept,1.06876406516802,0.0734833219721741,0.924736754102559,1.21279137623348
3332,AIPW,0.890348182502628,0.0530163054413718,0.786436223837539,0.994260141167717
3333,Tlearner,1.07571712322523,0.0610577692255628,0.956046094566765,1.19538815188369
3333,Rlearner,0.995783370442889,0.0600667329193635,0.87805473725195,1.11351200363383
3333,intercept,1.11434933315346,0.0801366951713559,0.957281410617606,1.27141725568932
3333,AIPW,1.03219231586483,0.0478934505038073,0.938321152877369,1.12606347885229
3335,Tlearner,1.08452689392196,0.0567872473139341,0.973225934405481,1.19582785343844
3335,Rlearner,1.04308669359881,0.0573903796212482,0.930603616482086,1.15556977071554
3335,intercept,1.19426501761781,0.0779976917822893,1.04138954172452,1.34714049351109
3335,AIPW,1.1105340823121,0.0644023591715669,0.98430545833583,1.23676270628837
3336,Tlearner,1.02990498803256,0.0582836335169261,0.915671165451249,1.14413881061386
3336,Rlearner,1.05528956372616,0.0589569718708398,0.93973602222177,1.17084310523054
3336,intercept,1.11145720041815,0.0771647132996383,0.960214362350855,1.26270003848544
3336,AIPW,1.0917071124225,0.0531760849190392,0.987481985981188,1.19593223886382
3337,Tlearner,1.1168194649705,0.06041401797057,0.998410165586829,1.23522876435417
3337,Rlearner,1.13242646010558,0.0618666116870652,1.01117012935341,1.25368279085775
3337,intercept,1.24722669848267,0.0814969616808998,1.08749265358811,1.40696074337724
3337,AIPW,1.09640477052472,0.0460808378669025,1.00608632830559,1.18672321274384
3338,Tlearner,1.00162546642598,0.0599846647388791,0.884057683913066,1.11919324893889
3338,Rlearner,1.0019741091019,0.0535347858649756,0.897047856886488,1.10690036131732
3338,intercept,1.13591951721741,0.0737075763140519,0.991452667641866,1.28038636679295
3338,AIPW,-0.140944370421209,1.15176428531034,-2.39840236962948,2.11651362878707
3339,Tlearner,0.989658459403858,0.0629291772003009,0.866319538514529,1.11299738029319
3339,Rlearner,1.01365085536565,0.0632526251770753,0.889677988090967,1.13762372264032
3339,intercept,1.09821242543022,0.0801087084755549,0.941199356818129,1.2552254940423
3339,AIPW,1.03238728586292,0.0456449190223967,0.942923244579025,1.12185132714682
3340,Tlearner,1.01945070149852,0.0633637226654307,0.895260087147895,1.14364131584915
3340,Rlearner,0.96749984703911,0.0634321266850045,0.843175163273719,1.0918245308045
3340,intercept,1.13656066512994,0.0898079212861108,0.960537139409165,1.31258419085072
3340,AIPW,0.980323323142069,0.0585537876592578,0.865557899329924,1.09508874695421
3341,Tlearner,1.14284215374619,0.057922314633684,1.02931650316297,1.2563678043294
3341,Rlearner,1.12235586123121,0.0581084587894184,1.00846537480682,1.2362463476556
3341,intercept,1.2764818616046,0.0798184538717116,1.12003769201604,1.43292603119315
3341,AIPW,1.18403435876581,0.0499668229988715,1.08609938568802,1.2819693318436
3342,Tlearner,0.933271047972947,0.0623270451088291,0.811112284296839,1.05542981164906
3342,Rlearner,0.980193908783765,0.061261511085677,0.860123553417337,1.10026426415019
3342,intercept,1.14327770450062,0.0905589026840964,0.965782255239788,1.32077315376145
3342,AIPW,1.03947779942356,0.0661318014173014,0.909859468645654,1.16909613020148
3343,Tlearner,1.04171557666245,0.0618502294996974,0.92049135440751,1.1629397989174
3343,Rlearner,1.04173789770133,0.0632009103225804,0.917866389678923,1.16560940572373
3343,intercept,1.07748163533303,0.0789855471325817,0.92266996295317,1.23229330771289
3343,AIPW,1.07131910269502,0.0482665693729233,0.976716626724093,1.16592157866595
3344,Tlearner,1.06828552595528,0.0676377979091987,0.935717878059656,1.20085317385091
3344,Rlearner,1.00136477431559,0.0644680465769211,0.875009724871176,1.12771982376001
3344,intercept,1.18474307992943,0.0864715507875602,1.01525884038582,1.35422731947305
3344,AIPW,1.05106561211139,0.0461659828417073,0.960580285741645,1.14155093848114
3345,Tlearner,1.07056587632272,0.0591524263662389,0.954629251046732,1.1865025015987
3345,Rlearner,1.05788310014848,0.0576192478370654,0.944951449571546,1.17081475072542
3345,intercept,1.27301574388568,0.0688110301439396,1.13814612480356,1.4078853629678
3345,AIPW,1.04898929479603,0.0510120078301613,0.949005759448917,1.14897283014315
3346,Tlearner,1.05067424215018,0.0627401632332335,0.92770578182888,1.17364270247148
3346,Rlearner,1.09536105251735,0.0564985024311714,0.984626022571807,1.2060960824629
3346,intercept,1.24238931412272,0.0787528460220294,1.08803373591955,1.3967448923259
3346,AIPW,1.02357420128998,0.067910500011242,0.890469621267949,1.15667878131202
3347,Tlearner,1.08491150585625,0.0615969007311629,0.964183798863878,1.20563921284861
3347,Rlearner,1.10093753862628,0.0598569910899926,0.98361999186696,1.2182550853856
3347,intercept,1.28024959759626,0.081934850782205,1.11965729006313,1.44084190512938
3347,AIPW,1.13583929136909,0.0780265819194366,0.982907190806991,1.28877139193118
3348,Tlearner,0.949450437695853,0.0647305467888304,0.82258089729016,1.07631997810155
3348,Rlearner,1.01186305435333,0.0572443101214531,0.899666268195436,1.12405984051122
3348,intercept,1.1483422603072,0.0708564524329476,1.00946361353862,1.28722090707578
3348,AIPW,1.00652690124731,0.0516909769692743,0.905212586387531,1.10784121610709
3349,Tlearner,0.957949710499278,0.0598288597641274,0.840687300125491,1.07521212087307
3349,Rlearner,0.982053365311921,0.0587858099996091,0.866835294910673,1.09727143571317
3349,intercept,1.1986479483917,0.0737808573557139,1.0540374679745,1.3432584288089
3349,AIPW,1.02061257850552,0.0556648911471871,0.911509391857033,1.12971576515401
3350,Tlearner,0.95306304084991,0.062163305892251,0.831225200141151,1.07490088155867
3350,Rlearner,0.956225776689745,0.0651086411835767,0.828615184887593,1.0838363684919
3350,intercept,1.2311015352286,0.0828314809647678,1.06875183253766,1.39345123791955
3350,AIPW,0.953481207170257,0.0540634879778943,0.847516770733584,1.05944564360693
3351,Tlearner,0.94114398392387,0.0632289610280594,0.817217497528987,1.06507047031875
3351,Rlearner,0.951768858634284,0.06062462000719,0.832946786843765,1.0705909304248
3351,intercept,1.15203989172074,0.085878821783954,0.983717401024194,1.32036238241729
3351,AIPW,0.926520448729786,0.0500902505544348,0.828343557643094,1.02469733981648
3352,Tlearner,1.03174829549916,0.0601813403288741,0.913795035913216,1.1497015550851
3352,Rlearner,0.969325997306476,0.0606521357480194,0.850449995654924,1.08820199895803
3352,intercept,1.21251915819114,0.0808281438650666,1.05409599621561,1.37094232016667
3352,AIPW,1.01830777547606,0.0497731377163973,0.92075242555192,1.1158631254002
3353,Tlearner,0.973349891039077,0.0633769667198723,0.849133318818733,1.09756646325942
3353,Rlearner,0.983652738778599,0.0598603367613414,0.866328634623931,1.10097684293327
3353,intercept,1.2048570055233,0.0789096827809029,1.05019402727273,1.35951998377387
3353,AIPW,0.956381375617729,0.0595033430971103,0.839754823147393,1.07300792808807
3354,Tlearner,0.848799064610226,0.0610050177481249,0.729231426947675,0.968366702272778
3354,Rlearner,0.930893492715745,0.0589397345169809,0.81537373580411,1.04641324962738
3354,intercept,1.11215097958139,0.0817031968513753,0.952012713752697,1.27228924541009
3354,AIPW,0.947224113841376,0.0456912671342196,0.857669230258306,1.03677899742445
3355,Tlearner,1.02942600212085,0.0632311555033675,0.905495214633398,1.1533567896083
3355,Rlearner,1.00337632097545,0.0600935875953838,0.885595053586696,1.12115758836421
3355,intercept,1.12647785390525,0.0825061820754852,0.964765737037299,1.2881899707732
3355,AIPW,0.980639432047233,0.0532315859323898,0.876305523619749,1.08497334047472
3356,Tlearner,0.929406346617167,0.0633536151299322,0.805235542672088,1.05357715056225
3356,Rlearner,1.02858899348228,0.059407259161079,0.912152905106328,1.14502508185823
3356,intercept,1.20175690087474,0.0801168221291936,1.04472792950152,1.35878587224796
3356,AIPW,1.01754985095376,0.0507883397433378,0.918004705056816,1.1170949968507
3357,Tlearner,1.06667056026762,0.0645676900283898,0.940120213247035,1.19322090728821
3357,Rlearner,1.12985363037592,0.0595725493329036,1.0130935792162,1.24661368153565
3357,intercept,1.1863434211616,0.0740363075161157,1.04123225843001,1.33145458389319
3357,AIPW,1.10802707735093,0.0489834168418803,1.01201958034084,1.20403457436102
3358,Tlearner,1.00871108283636,0.0637919692635361,0.883681120576942,1.13374104509578
3358,Rlearner,1.08543528603625,0.0590717947675331,0.969656695789747,1.20121387628276
3358,intercept,1.26308800047921,0.0722882196297889,1.12140309000482,1.40477291095359
3358,AIPW,1.00767090317994,0.04664508443733,0.916246537682773,1.09909526867711
3359,Tlearner,1.17233920516563,0.0592541409201248,1.05620322302733,1.28847518730394
3359,Rlearner,1.25167897500457,0.0606368413446768,1.13283294983274,1.37052500017641
3359,intercept,1.39451198874395,0.0842672616364878,1.22934815593643,1.55967582155147
3359,AIPW,1.21448644564299,0.0524132064897913,1.111756560923,1.31721633036298
3360,Tlearner,1.19550166932676,0.0611569903428477,1.07563617085191,1.3153671678016
3360,Rlearner,1.21152380013509,0.0607916736875299,1.09237430914762,1.33067329112256
3360,intercept,1.38648655090023,0.0803765347829768,1.2289485427256,1.54402455907487
3360,AIPW,1.17740590899925,0.0558742316994205,1.06789241486839,1.28691940313012
3361,Tlearner,0.979132148597495,0.0597459405657189,0.862032256866215,1.09623204032877
3361,Rlearner,0.990222439412345,0.0604338103430514,0.87177434769144,1.10867053113325
3361,intercept,1.12263661980102,0.0765383563964444,0.972621441263991,1.27265179833805
3361,AIPW,1.02966632514101,0.069341780463611,0.893756435432334,1.16557621484969
3362,Tlearner,0.948954046529553,0.0653905927408533,0.820790839829754,1.07711725322935
3362,Rlearner,0.9546356266056,0.059280349635025,0.838448276330009,1.07082297688119
3362,intercept,1.07042808199114,0.0757572939948843,0.921943785761169,1.21891237822112
3362,AIPW,0.97225358659792,0.0476916664270957,0.878777920400813,1.06572925279503
3364,Tlearner,1.03611182700338,0.0607042915491769,0.917133601859974,1.15509005214679
3364,Rlearner,1.01295365924146,0.0615889670346775,0.892241502008471,1.13366581647446
3364,intercept,1.20859182762412,0.0845386891742993,1.04289599684249,1.37428765840575
3364,AIPW,1.02636158219866,0.0515703409190352,0.925283713997347,1.12743945039997
3365,Tlearner,0.930518815448978,0.0594176660384565,0.814062329968175,1.04697530092978
3365,Rlearner,0.892140879212893,0.053347699205541,0.787581310111957,0.996700448313829
3365,intercept,1.00298515341539,0.072837945773167,0.860222779699985,1.1457475271308
3365,AIPW,0.932414054754019,0.046078372526114,0.842100444602835,1.0227276649052
3366,Tlearner,0.96555051454468,0.0658820893802134,0.836423992133213,1.09467703695615
3366,Rlearner,1.00158935236188,0.056043305554643,0.89174649190021,1.11143221282356
3366,intercept,1.19371181029095,0.0814022706765192,1.03416335976497,1.35326026081693
3366,AIPW,0.978223972072967,0.0537964966671739,0.872782838605306,1.08366510554063
3367,Tlearner,0.955645072869584,0.0581971505871601,0.841580753715896,1.06970939202327
3367,Rlearner,0.982045586574778,0.0612263968533281,0.862044053839098,1.10204711931046
3367,intercept,1.09685855814417,0.0782452640927712,0.943497840522339,1.250219275766
3367,AIPW,1.01957124837986,0.043437086769733,0.934434558311182,1.10470793844854
3368,Tlearner,0.978185662734325,0.0604972992971454,0.859613134949979,1.09675819051867
3368,Rlearner,0.959924618051194,0.0572011862145405,0.847812353197725,1.07203688290466
3368,intercept,1.23176631357136,0.0737585498561762,1.08719955585326,1.37633307128947
3368,AIPW,0.992710363624026,0.0486521961719832,0.897352059126939,1.08806866812111
3369,Tlearner,1.04726646859016,0.0582437524783423,0.933110811408139,1.16142212577217
3369,Rlearner,1.06337168457747,0.057558676426967,0.950558751782816,1.17618461737212
3369,intercept,1.17962151485893,0.0792778951677936,1.02423684033005,1.3350061893878
3369,AIPW,1.07465747575784,0.044603349439977,0.987234910855483,1.16208004066019
3370,Tlearner,1.02622006909319,0.0616536765904945,0.90538108346134,1.14705905472504
3370,Rlearner,1.02707466496832,0.0577030391424484,0.913978786450618,1.14017054348603
3370,intercept,1.20550520537996,0.0809741436191195,1.04679588388648,1.36421452687343
3370,AIPW,1.0417910923645,0.0573945363821017,0.929297801055576,1.15428438367341
3371,Tlearner,0.934336014731776,0.0626735505582788,0.8114981128543,1.05717391660925
3371,Rlearner,0.904728902838273,0.0591979346630164,0.788703082939605,1.02075472273694
3371,intercept,1.01431592931395,0.0755447733093178,0.866248173627687,1.16238368500021
3371,AIPW,0.934504368534095,0.0459390855856702,0.844463760786181,1.02454497628201
3372,Tlearner,1.07308758696143,0.0638088912115921,0.94802445829328,1.19815071562959
3372,Rlearner,1.02839631514556,0.0617841261107607,0.907301653152185,1.14949097713893
3372,intercept,1.34278698742349,0.0917646843496102,1.16292820609825,1.52264576874873
3372,AIPW,1.17309365268355,0.0814510196123633,1.01344965424331,1.33273765112378
3373,Tlearner,0.859983433254358,0.0627435808165648,0.737008274592813,0.982958591915903
3373,Rlearner,0.893804192803948,0.0633475909395549,0.769645196055045,1.01796318955285
3373,intercept,1.03286220587374,0.0852140616673185,0.865842645005799,1.19988176674169
3373,AIPW,0.959762237461252,0.0495218290981689,0.862699452428841,1.05682502249366
3375,Tlearner,0.918460759219768,0.0606104045274901,0.799666549257484,1.03725496918205
3375,Rlearner,0.907529476427186,0.0580829929911168,0.793688902050305,1.02137005080407
3375,intercept,1.03059179788788,0.0790155143029528,0.875721389854093,1.18546220592167
3375,AIPW,0.945467410674369,0.0553626459664761,0.836956624580075,1.05397819676866
3376,Tlearner,0.990517671115054,0.061555711561217,0.869870693412333,1.11116464881777
3376,Rlearner,0.922674065351775,0.0655160058127421,0.794265053547884,1.05108307715567
3376,intercept,1.09339995732427,0.0827111309181455,0.931286140724706,1.25551377392384
3376,AIPW,0.971765716978174,0.0489105803175971,0.875900979555684,1.06763045440066
3377,Tlearner,1.09913041196085,0.0575950750788132,0.986246139119493,1.2120146848022
3377,Rlearner,1.15407199840558,0.0558192325917816,1.04466831288102,1.26347568393014
3377,intercept,1.32522472332013,0.0756920587541556,1.17686828816199,1.47358115847828
3377,AIPW,1.1918307364413,0.0568650593161939,1.08037522018156,1.30328625270104
3378,Tlearner,0.908579177661555,0.061253339396424,0.788524838511755,1.02863351681135
3378,Rlearner,0.916784159467097,0.0575554914303819,0.803977469151045,1.02959084978315
3378,intercept,1.10543876148995,0.0765351623311153,0.955429843320961,1.25544767965893
3378,AIPW,0.917842112631977,0.0457020377093297,0.82826611872169,1.00741810654226
3379,Tlearner,1.09063327467818,0.0579539727119265,0.977045575401789,1.20422097395457
3379,Rlearner,1.12036179118446,0.0536180799489108,1.01527228556441,1.22545129680452
3379,intercept,1.16070896045872,0.078049858963528,1.0077312368902,1.31368668402723
3379,AIPW,1.10166566030625,0.0468036246368654,1.009930556018,1.19340076459451
3380,Tlearner,0.994152592159542,0.0626084541076583,0.871442276980803,1.11686290733828
3380,Rlearner,1.04501825247956,0.0600301385593253,0.927361342916337,1.16267516204279
3380,intercept,1.18957219578509,0.0757169883472534,1.04116689862448,1.33797749294571
3380,AIPW,1.06104246298455,0.0497521166555271,0.963528314339717,1.15855661162938
3381,Tlearner,1.01416924098728,0.0572098638614863,0.902039968258325,1.12629851371623
3381,Rlearner,1.02258069769365,0.0564746043205591,0.911892507184201,1.13326888820309
3381,intercept,1.10303156175905,0.071275250537523,0.963332070705508,1.2427310528126
3381,AIPW,1.0503655336554,0.0459624864326367,0.960279060247435,1.14045200706337
3382,Tlearner,0.967957761093432,0.0617068753153678,0.847014507876807,1.08890101431006
3382,Rlearner,1.01578702131793,0.0605973144290351,0.897018467477172,1.13455557515869
3382,intercept,1.16661746846499,0.0843158666497191,1.00135836983154,1.33187656709844
3382,AIPW,1.04708087359489,0.0492683463937543,0.950514914663134,1.14364683252665
3383,Tlearner,1.04809599847957,0.0620693866347041,0.926442236133061,1.16974976082608
3383,Rlearner,1.09263280354709,0.06055337967879,0.973950360234479,1.2113152468597
3383,intercept,1.34670054826204,0.0783392549710631,1.19315560851876,1.50024548800533
3383,AIPW,1.10258933648638,0.048182851996299,1.00815094657364,1.19702772639913
3384,Tlearner,1.12270933485067,0.059098300003124,1.006878795297,1.23853987440433
3384,Rlearner,1.1230258544817,0.0580626570046692,1.00922513790584,1.23682657105755
3384,intercept,1.29139471916614,0.0756969483109117,1.14302870047675,1.43976073785553
3384,AIPW,1.11882970080956,0.0629945614525175,0.99536036036263,1.2422990412565
3385,Tlearner,1.02559364639961,0.0606077236720655,0.906804690817406,1.14438260198181
3385,Rlearner,1.05390876344542,0.0602355773459762,0.935849201259334,1.17196832563151
3385,intercept,1.2525029685847,0.0851982855223869,1.08551432896082,1.41949160820858
3385,AIPW,1.05757894666799,0.0472799300877609,0.964910283695979,1.15024760964
3386,Tlearner,0.96019860125131,0.0646735224882425,0.833440826421013,1.08695637608161
3386,Rlearner,0.85475244813436,0.06187431675704,0.733481015722538,0.976023880546181
3386,intercept,1.03223473754342,0.0848732897598042,0.865883089614202,1.19858638547263
3386,AIPW,0.873888479979367,0.0485503825166619,0.77872973024671,0.969047229712024
3387,Tlearner,0.910348174325531,0.0641935548545934,0.784531118770932,1.03616522988013
3387,Rlearner,0.92575290014476,0.0639602231651187,0.800393166297983,1.05111263399154
3387,intercept,1.10021776108316,0.0853198564601228,0.932990842421324,1.267444679745
3387,AIPW,0.916210089638957,0.048734272837913,0.820690914876647,1.01172926440127
3388,Tlearner,1.07670637708153,0.0589388150031606,0.961188422383866,1.19222433177919
3388,Rlearner,1.06467931561597,0.0594422587114611,0.948174629381795,1.18118400185015
3388,intercept,1.17954105291459,0.0798488786912564,1.02303725067972,1.33604485514945
3388,AIPW,1.07502505803011,0.049528204191921,0.977949777813949,1.17210033824628
3389,Tlearner,1.07507253691984,0.0634461552374072,0.950720357696989,1.1994247161427
3389,Rlearner,1.10258035862826,0.0597435487405243,0.985485154788224,1.21967556246831
3389,intercept,1.22083925877729,0.0817610481844344,1.0605876043358,1.38109091321879
3389,AIPW,1.06481599121024,0.0466836726887706,0.973315992740252,1.15631598968023
3390,Tlearner,1.0055938928299,0.060015019323177,0.887966616424995,1.1232211692348
3390,Rlearner,1.061719656016,0.0565168361767235,0.950948692589475,1.17249061944253
3390,intercept,1.13898899532005,0.0791429279896991,0.983868856460238,1.29410913417986
3390,AIPW,1.06846567675687,0.0466680041953198,0.976996388534044,1.1599349649797
3391,Tlearner,1.12002259029586,0.0569927807534568,1.0083187926403,1.23172638795142
3391,Rlearner,1.07127220871947,0.0561896480838759,0.96114252217109,1.18140189526784
3391,intercept,1.18166731511273,0.0734579106564274,1.03768981022613,1.32564481999933
3391,AIPW,1.06546525963923,0.0599051149814892,0.948051234275507,1.18287928500294
3392,Tlearner,1.03230441459874,0.0615936346804343,0.911583108948168,1.15302572024931
3392,Rlearner,1.08198410536821,0.0605062195510824,0.963394094207419,1.20057411652901
3392,intercept,1.2705652917596,0.0774887509853617,1.11868733982829,1.42244324369091
3392,AIPW,1.12201140780691,0.0480823813663369,1.02776994032888,1.21625287528493
3393,Tlearner,0.890252999984892,0.0656596210943802,0.76156250740136,1.01894349256842
3393,Rlearner,0.891999453886691,0.0646840082620658,0.765221127317351,1.01877778045603
3393,intercept,1.05987369143818,0.0879046853189571,0.887580508213026,1.23216687466334
3393,AIPW,0.845466521368625,0.068233256260348,0.711729339098342,0.979203703638907
3394,Tlearner,0.966358586091598,0.0603203423373233,0.848132887575318,1.08458428460788
3394,Rlearner,0.944672042833238,0.0613432068427448,0.824441566725267,1.06490251894121
3394,intercept,1.06018982996855,0.0886342333903892,0.886466732523388,1.23391292741371
3394,AIPW,0.952891383071382,0.0567111157424914,0.841737596216099,1.06404516992667
3395,Tlearner,0.988347205940172,0.0609715311861616,0.868845200733035,1.10784921114731
3395,Rlearner,1.02511904453416,0.0599988220268095,0.907523514246787,1.14271457482154
3395,intercept,1.11913795528748,0.0835991178050508,0.955283684389585,1.28299222618538
3395,AIPW,1.00389254448089,0.0559081381001726,0.894312593804551,1.11347249515723
3396,Tlearner,0.957318517258608,0.0662587009926001,0.827453849650703,1.08718318486651
3396,Rlearner,1.02208259825288,0.0635169629500118,0.897591638463488,1.14657355804226
3396,intercept,1.19487297388393,0.0870037470269476,1.02434562971112,1.36540031805675
3396,AIPW,0.994912159420285,0.0590462894588777,0.879181432080884,1.11064288675968
3397,Tlearner,0.949304495632179,0.0587064369794514,0.834241993491784,1.06436699777257
3397,Rlearner,0.959523062356717,0.0572052549136271,0.847402822999575,1.07164330171386
3397,intercept,1.1165261274414,0.0753482800872339,0.968843498470418,1.26420875641237
3397,AIPW,1.02295768564642,0.075648877221872,0.874685886291549,1.17122948500129
3398,Tlearner,1.12134936130573,0.0610270223872392,1.00173859534302,1.24096012726844
3398,Rlearner,1.17451617949223,0.0585752045684278,1.05971088815105,1.28932147083342
3398,intercept,1.28802858543771,0.0760520008093911,1.13896666385131,1.43709050702412
3398,AIPW,1.15915614079186,0.0447233969061263,1.07149828285585,1.24681399872786
3399,Tlearner,1.05120331874665,0.0592188780686504,0.935136450527229,1.16727018696608
3399,Rlearner,1.10303527954668,0.0544431009712147,0.996328762436422,1.20974179665694
3399,intercept,1.32756613817653,0.0720221691860243,1.18640268657192,1.46872958978114
3399,AIPW,1.08605709646935,0.0519592027094689,0.984217059158791,1.18789713377991
3400,Tlearner,0.895443459935553,0.0614851960586291,0.774934690078256,1.01595222979285
3400,Rlearner,0.867729249530421,0.0613618603416916,0.747462213236329,0.987996285824513
3400,intercept,0.967935474323197,0.0765843290068655,0.81783018946974,1.11804075917665
3400,AIPW,0.900253440371209,0.0441809513029817,0.813658775817365,0.986848104925053
3401,Tlearner,1.05915179057916,0.0588247413504045,0.943857416132483,1.17444616502584
3401,Rlearner,1.03789760836331,0.0591170456514441,0.922030328014073,1.15376488871255
3401,intercept,1.19784602399782,0.0775087051126886,1.04592896197695,1.34976308601869
3401,AIPW,1.05207636002943,0.041411733487888,0.970909362393165,1.13324335766569
3402,Tlearner,0.932044719501443,0.0637594754647529,0.807078443917362,1.05701099508552
3402,Rlearner,0.907879157126287,0.0612603733954006,0.787811031591827,1.02794728266075
3402,intercept,0.980666994593724,0.0805290930525945,0.822829972210639,1.13850401697681
3402,AIPW,1.0060130972058,0.0739559357979125,0.861059463041895,1.15096673136971
3404,Tlearner,0.994517300466092,0.0659613014126558,0.865235525323896,1.12379907560829
3404,Rlearner,1.01284583658906,0.0585077312030164,0.898172790614002,1.12751888256413
3404,intercept,1.23747189403909,0.0779340650222527,1.08472112659547,1.3902226614827
3404,AIPW,0.994372438315102,0.077528987657972,0.842415622505477,1.14632925412473
3405,Tlearner,0.973097469700934,0.0586007032638107,0.858242201835146,1.08795273756672
3405,Rlearner,0.935578788207287,0.0573256452173189,0.823222588190822,1.04793498822375
3405,intercept,1.03246387858016,0.0776788500703044,0.880213332442368,1.18471442471796
3405,AIPW,0.937209235105151,0.0434642736913506,0.852019258670104,1.0223992115402
3407,Tlearner,0.946498687992077,0.0625897947035766,0.823824944573311,1.06917243141084
3407,Rlearner,1.03896750548278,0.0609150475048186,0.919576206256794,1.15835880470878
3407,intercept,1.22707744543434,0.084058943650867,1.06232191587864,1.39183297499004
3407,AIPW,1.09051127162798,0.197893077095989,0.702640840519844,1.47838170273612
3408,Tlearner,1.02719956206393,0.0640656388496447,0.901633217272076,1.15276590685578
3408,Rlearner,1.0581840724641,0.0597611977646275,0.941054277172457,1.17531386775575
3408,intercept,1.13262520680641,0.0803876063152366,0.97506549842855,1.29018491518428
3408,AIPW,1.03843786186415,0.0445903430670335,0.951040789452765,1.12583493427554
3409,Tlearner,0.928628758921618,0.0586151479839364,0.813745179924617,1.04351233791862
3409,Rlearner,0.983325356669575,0.0536289585082896,0.878214529464934,1.08843618387422
3409,intercept,1.12525681765012,0.0717437635497501,0.984639041092611,1.26587459420763
3409,AIPW,0.93318611335776,0.0445869836388216,0.84579562542567,1.02057660128985
3410,Tlearner,0.955545391113197,0.0683658184371148,0.821550849202848,1.08953993302355
3410,Rlearner,1.00922568141821,0.0612634184245737,0.88915158773624,1.12929977510018
3410,intercept,1.20489173186741,0.0863680391762408,1.03561037508198,1.37417308865285
3410,AIPW,1.01512967924714,0.0538598438422298,0.909564385316372,1.12069497317791
3411,Tlearner,0.923357857187307,0.0623193572295072,0.801214161477787,1.04550155289683
3411,Rlearner,0.912146501426209,0.0620239578311011,0.79058177789862,1.0337112249538
3411,intercept,0.998683774500213,0.0866057762544869,0.828936453041418,1.16843109595901
3411,AIPW,0.879878032742774,0.0692167472805605,0.744213208072875,1.01554285741267
3412,Tlearner,1.01403296962507,0.0601594968652157,0.896122522441192,1.13194341680894
3412,Rlearner,1.00590142875418,0.056540370802467,0.895084338308801,1.11671851919955
3412,intercept,1.12856093908505,0.0820852392108899,0.967673870231708,1.2894480079384
3412,AIPW,1.03310667430599,0.0612085411537549,0.913137933644634,1.15307541496735
3413,Tlearner,1.1473308323416,0.0580132947269711,1.03362686405223,1.26103480063097
3413,Rlearner,1.15443457022112,0.0552804138407296,1.04608695004282,1.26278219039942
3413,intercept,1.25270231753152,0.0771108672970817,1.10156501762924,1.4038396174338
3413,AIPW,1.23013685519205,0.0495735028141668,1.13297278967629,1.32730092070782
3414,Tlearner,1.02780575971253,0.0647114590998314,0.900973630489823,1.15463788893524
3414,Rlearner,1.08518618228969,0.0593690553872951,0.968824971934423,1.20154739264495
3414,intercept,1.18878332083507,0.069369482316167,1.05281913549538,1.32474750617476
3414,AIPW,1.05044084357163,0.070597688431422,0.91206937424604,1.18881231289721
3415,Tlearner,0.970991134782631,0.062352979297955,0.848781541029868,1.09320072853539
3415,Rlearner,1.01170375113106,0.0601838110455985,0.893745649029319,1.12966185323279
3415,intercept,1.18760321693513,0.0806166640418736,1.02959455541305,1.3456118784572
3415,AIPW,0.981451522453527,0.0596058985839068,0.86462396122907,1.09827908367798
3416,Tlearner,0.91591719687399,0.0571445262797504,0.803915983452077,1.0279184102959
3416,Rlearner,1.02125247696384,0.0581766695964834,0.907228299814244,1.13527665411343
3416,intercept,1.23169680316638,0.0771926901076922,1.0803991305553,1.38299447577745
3416,AIPW,1.01244016621589,0.0509590474231229,0.912560433266564,1.11231989916521
3417,Tlearner,1.08049585447958,0.0583530306886457,0.966126015941078,1.19486569301809
3417,Rlearner,1.08418640256536,0.057683991239717,0.971127857250987,1.19724494787973
3417,intercept,1.17779639400268,0.0768879322790961,1.02709604673566,1.32849674126971
3417,AIPW,1.10071813777732,0.0485787353991987,1.00550381639489,1.19593245915975
3418,Tlearner,1.10202989486182,0.0580462508133168,0.98826133383014,1.2157984558935
3418,Rlearner,1.11584330470544,0.0547757944571135,1.00848472034493,1.22320188906595
3418,intercept,1.3082319192029,0.0795230112137027,1.15236681722404,1.46409702118176
3418,AIPW,1.12543519987876,0.04639175009233,1.0345073696978,1.21636303005973
3419,Tlearner,1.06203588750857,0.0617296486468223,0.941047999382485,1.18302377563465
3419,Rlearner,1.03427231725731,0.0627578606946933,0.911269170548931,1.15727546396569
3419,intercept,1.24051950020885,0.0807281353524469,1.08229235491806,1.39874664549965
3419,AIPW,1.13875439533534,0.0790708323961636,0.983775563838862,1.29373322683182
3420,Tlearner,0.962520852139843,0.0635445621848495,0.837975798844172,1.08706590543551
3420,Rlearner,0.99569429888054,0.0598592903242412,0.878372245704901,1.11301635205618
3420,intercept,1.26173717817465,0.0818149497080823,1.1013798767468,1.42209447960249
3420,AIPW,0.99623442719716,0.0506756003380296,0.896910250534622,1.0955586038597
3421,Tlearner,1.00616001531613,0.0612446311427974,0.88612274402981,1.12619728660246
3421,Rlearner,1.01721002866334,0.0627488840406365,0.894224475873617,1.14019558145307
3421,intercept,1.23673219274059,0.0820605974274135,1.07589342178286,1.39757096369832
3421,AIPW,1.06040136667298,0.0564502139577744,0.949758947315738,1.17104378603021
3422,Tlearner,0.996970985189118,0.0591684511783247,0.881002951858585,1.11293901851965
3422,Rlearner,1.04401820853748,0.0581127286940824,0.930119353253735,1.15791706382123
3422,intercept,1.14982131661473,0.0705086391920641,1.01162438379828,1.28801824943117
3422,AIPW,1.03082029630192,0.0469643085173768,0.938770251607866,1.12287034099598
3423,Tlearner,0.979777911754758,0.0588303568921959,0.864472531048416,1.0950832924611
3423,Rlearner,1.0462071001079,0.0569945953374592,0.934499745933042,1.15791445428275
3423,intercept,1.15325994826628,0.0792819880925081,0.997867251604965,1.3086526449276
3423,AIPW,1.05874614431064,0.0494840817629141,0.961757344055324,1.15573494456595
3424,Tlearner,0.898774571532188,0.0643260897168288,0.772697752420911,1.02485139064346
3424,Rlearner,0.891560516316973,0.0665393790657884,0.761145729794369,1.02197530283958
3424,intercept,1.09237133387932,0.0917332808772566,0.912574103359895,1.27216856439874
3424,AIPW,0.918426651879974,0.0450276194533841,0.830172517751341,1.00668078600861
3425,Tlearner,0.971410266034122,0.0619008875261185,0.850086755871865,1.09273377619638
3425,Rlearner,1.01240829609109,0.0585621638863655,0.897628564017078,1.1271880281651
3425,intercept,1.2463866864062,0.0800855605305329,1.08941898776635,1.40335438504604
3425,AIPW,1.00451512662712,0.0401147928644667,0.925890132612766,1.08314012064148
3426,Tlearner,0.9434411874741,0.0646353356666636,0.816758257438782,1.07012411750942
3426,Rlearner,0.953739703377748,0.0622230531118468,0.831784760270405,1.07569464648509
3426,intercept,1.16784005914968,0.0850080176214874,1.00122434461156,1.33445577368779
3426,AIPW,1.0017091889817,0.0495084403951429,0.904672645807223,1.09874573215618
3427,Tlearner,1.17609914168161,0.0676761136232487,1.0434563963664,1.30874188699681
3427,Rlearner,1.13799503823409,0.0631509733224515,1.01422140493343,1.26176867153474
3427,intercept,1.30726353882166,0.0830359250444699,1.1445131257345,1.47001395190882
3427,AIPW,1.13728237348436,0.0607770246493585,1.01815940517162,1.2564053417971
3428,Tlearner,1.08088468871544,0.0594813060255791,0.964303471151899,1.19746590627898
3428,Rlearner,1.06111250166632,0.0563555800152184,0.950657594508623,1.17156740882401
3428,intercept,1.18589170916491,0.0778123291897367,1.03337954395302,1.33840387437679
3428,AIPW,1.09190540911588,0.054509868048478,0.985066067740861,1.19874475049089
3429,Tlearner,0.940626698691408,0.0594989571062188,0.824010885645525,1.05724251173729
3429,Rlearner,0.988756104402939,0.059829542009047,0.871492356853681,1.1060198519522
3429,intercept,1.21164289086484,0.0785608407003288,1.0576636430922,1.36562213863749
3429,AIPW,1.00214268156171,0.0483113899566403,0.907452357246695,1.09683300587672
3430,Tlearner,1.00462288655196,0.065881713370314,0.875497101106352,1.13374867199757
3430,Rlearner,1.04292247776677,0.0631358493082322,0.919178486989291,1.16666646854426
3430,intercept,1.17878424836088,0.0770299583802459,1.02780552993559,1.32976296678616
3430,AIPW,1.0040450195346,0.0429865027971011,0.919791474052279,1.08829856501692
3431,Tlearner,1.03873084258982,0.0625129711064958,0.916207670654498,1.16125401452515
3431,Rlearner,1.08480452953535,0.0605324931880752,0.966163022992303,1.20344603607839
3431,intercept,1.15041201238631,0.0849687646053348,0.983873233759852,1.31695079101276
3431,AIPW,1.04771590077178,0.0550178273886326,0.939880959090058,1.1555508424535
3432,Tlearner,0.819551007824717,0.0660075694976267,0.690178548902344,0.94892346674709
3432,Rlearner,0.869316169264869,0.0649432337844303,0.742029770007821,0.996602568521918
3432,intercept,1.11218590447114,0.0873732509643288,0.94093433258106,1.28343747636123
3432,AIPW,0.894870538566098,0.0606390874592539,0.77601792714596,1.01372314998624
3433,Tlearner,1.09331417415711,0.0630950270559931,0.969650193523783,1.21697815479044
3433,Rlearner,1.09077584487043,0.0578111021126551,0.97746816682306,1.2040835229178
3433,intercept,1.25799745344134,0.0822024134918747,1.09688072299727,1.41911418388542
3433,AIPW,1.09941623554332,0.0487476008754386,1.00387093782746,1.19496153325918
3434,Tlearner,0.944831784485871,0.0628971554173469,0.821555625137852,1.06810794383389
3434,Rlearner,0.973600145713188,0.0587361471818496,0.858479412646119,1.08872087878026
3434,intercept,1.18437537541116,0.074763990617336,1.03783795380118,1.33091279702114
3434,AIPW,0.956680108193119,0.0447752561479584,0.868920606143121,1.04443961024312
3435,Tlearner,0.895301213576804,0.0595015421271721,0.778680333982954,1.01192209317065
3435,Rlearner,0.878042352175082,0.0596435806759142,0.761143082141281,0.994941622208883
3435,intercept,1.14095336779208,0.0783149173605635,0.987456129765378,1.29445060581879
3435,AIPW,0.917066441622434,0.0489564604984657,0.821111779045441,1.01302110419943
3436,Tlearner,1.07941884426651,0.0598018566571268,0.962209359009917,1.19662832952311
3436,Rlearner,1.06681726704498,0.0579450465148531,0.953247062793366,1.18038747129659
3436,intercept,1.21551605336539,0.0785260765619948,1.06160494330388,1.3694271634269
3436,AIPW,1.12716442289603,0.0668379056761693,0.996162127770742,1.25816671802133
3437,Tlearner,1.0292368043157,0.062220290366044,0.907287276090627,1.15118633254077
3437,Rlearner,1.06494621101608,0.0605934918035249,0.946185149383653,1.18370727264852
3437,intercept,1.16530100303581,0.0769051479586816,1.0145669130368,1.31603509303483
3437,AIPW,1.01862850829842,0.0462486045295069,0.927981243420586,1.10927577317625
3438,Tlearner,0.974978910146319,0.0600595985559796,0.857264260050665,1.09269356024197
3438,Rlearner,0.978566090414595,0.0573862392964166,0.866091128185421,1.09104105264377
3438,intercept,1.2403498584436,0.0808730421670139,1.08183869579626,1.39886102109095
3438,AIPW,1.00226323936805,0.0430425073301464,0.917899925000958,1.08662655373513
3439,Tlearner,1.02171749364595,0.0678291771426097,0.888774749345446,1.15466023794645
3439,Rlearner,1.05700826127345,0.0653088964011655,0.92900517645711,1.18501134608979
3439,intercept,1.22808834881044,0.0889661482746515,1.05371469819213,1.40246199942876
3439,AIPW,1.0572309709412,0.058403892363797,0.942759341908162,1.17170259997425
3440,Tlearner,0.995333850688593,0.0660893135000528,0.865801176465513,1.12486652491167
3440,Rlearner,1.02919394637763,0.0643501122283018,0.903070044009047,1.15531784874621
3440,intercept,1.21479176257311,0.0824038152562525,1.05328028467086,1.37630324047537
3440,AIPW,1.01836225557047,0.0484440402379244,0.923411936704138,1.1133125744368
3442,Tlearner,1.07821288741102,0.0607181626867883,0.959207475337469,1.19721829948457
3442,Rlearner,1.05442926846793,0.0572771153913786,0.942168185162483,1.16669035177338
3442,intercept,1.2795017725801,0.0761923011166788,1.13016486239141,1.42883868276879
3442,AIPW,1.02229565139071,0.0618578664836939,0.901054233082671,1.14353706969875
3443,Tlearner,0.988533647635828,0.0624177784485826,0.866197049881606,1.11087024539005
3443,Rlearner,1.09519546187936,0.0629770898778363,0.971762633867663,1.21862828989107
3443,intercept,1.25432447589722,0.0773468280118689,1.10272469299396,1.40592425880049
3443,AIPW,1.09663401676974,0.0509863333404735,0.99670080342241,1.19656723011707
3444,Tlearner,0.0942772853493082,0.590187815864521,-1.06246957785951,1.25102414855813
3444,Rlearner,1.03450158360669,0.0576127053002274,0.92158275616632,1.14742041104705
3444,intercept,1.22780148933226,0.0774542187507249,1.07599122058084,1.37961175808368
3444,AIPW,1.02020807689098,0.0525991212648754,0.917113799211821,1.12330235457013
3446,Tlearner,1.01070839196906,0.0572684567590747,0.898464279271087,1.12295250466704
3446,Rlearner,0.93272210711814,0.0549098953173092,0.825100689901349,1.04034352433493
3446,intercept,1.16423941023881,0.0748349211733767,1.01756296473899,1.31091585573863
3446,AIPW,0.95755184145468,0.0583949356343294,0.843097767611394,1.07200591529797
3447,Tlearner,0.936191012119576,0.0631257774908932,0.812466761741336,1.05991526249782
3447,Rlearner,0.997879912299222,0.0595086684292061,0.881245065410042,1.1145147591884
3447,intercept,1.25152053145514,0.0769212831126948,1.10075481655426,1.40228624635602
3447,AIPW,1.09332001950673,0.112105266249053,0.873593697658583,1.31304634135487
3449,Tlearner,0.928206818700357,0.0612500940977875,0.808158840219004,1.04825479718171
3449,Rlearner,1.02350843050513,0.0596146698721383,0.906665824605496,1.14035103640477
3449,intercept,1.23049178534714,0.080925674440644,1.07187746344347,1.3891061072508
3449,AIPW,1.01107897683664,0.0511692544862536,0.910787238043584,1.1113707156297
3450,Tlearner,1.02085604990095,0.0643905601222883,0.894652871116902,1.14705922868499
3450,Rlearner,1.03900057766084,0.0576099730974003,0.926087105239611,1.15191405008206
3450,intercept,1.11557622737736,0.0778604069638901,0.962969829728138,1.26818262502659
3450,AIPW,1.03215464201813,0.0608899637074879,0.912810313151449,1.1514989708848
3451,Tlearner,0.897796228051112,0.0654372977169179,0.769541481280327,1.0260509748219
3451,Rlearner,0.929729547948161,0.0600313865693073,0.812070192330317,1.047388903566
3451,intercept,1.13943358392963,0.0794841985832289,0.983644554706505,1.29522261315276
3451,AIPW,0.944795937215001,0.0537980454724138,0.83935176808907,1.05024010634093
3452,Tlearner,0.920611442662631,0.0587408231991064,0.805481544770148,1.03574134055511
3452,Rlearner,0.93729146655894,0.0543196031630948,0.830827000704766,1.04375593241311
3452,intercept,1.05789270211451,0.0690742578589607,0.922507156710949,1.19327824751807
3452,AIPW,0.907375931057717,0.0456324784723943,0.817936273251824,0.99681558886361
3453,Tlearner,1.10777547963475,0.0585852535218525,0.992950492706767,1.22260046656273
3453,Rlearner,1.08072433635572,0.0571347374401382,0.968742308706892,1.19270636400454
3453,intercept,1.17166748625657,0.0736907577627411,1.0272336010416,1.31610137147154
3453,AIPW,1.18081306842413,0.0815096954633138,1.02105406531604,1.34057207153223
3454,Tlearner,0.989659488615551,0.0585617070803402,0.8748806518649,1.1044383253662
3454,Rlearner,0.963617855607471,0.0594055879026279,0.847185042837893,1.08005066837705
3454,intercept,1.22135843842833,0.0806478803365122,1.06328859296877,1.3794282838879
3454,AIPW,1.02043089638069,0.0711546091606089,0.880967862425893,1.15989393033548
3455,Tlearner,0.962341978585901,0.062789039637539,0.839277722272466,1.08540623489933
3455,Rlearner,0.974000359277991,0.0626336232585983,0.851240713469888,1.09676000508609
3455,intercept,1.14209892655245,0.0831016259894478,0.979219739613132,1.30497811349177
3455,AIPW,1.07513804391518,0.088998381353066,0.900701216463167,1.24957487136719
3456,Tlearner,1.05765220743594,0.0591615667998825,0.941697667239205,1.17360674763267
3456,Rlearner,1.06424152921625,0.0582784714564064,0.950017824087647,1.17846523434485
3456,intercept,1.19956756512183,0.07642020566897,1.04978396201065,1.34935116823301
3456,AIPW,1.03486246410263,0.0525875207983956,0.931790923337777,1.13793400486749
3457,Tlearner,1.06203508822861,0.0614968413524777,0.941503494014783,1.18256668244244
3457,Rlearner,1.02735665142808,0.0593456665376325,0.911041282375793,1.14367202048036
3457,intercept,1.26333575536582,0.0888827445632956,1.08912557602176,1.43754593470988
3457,AIPW,1.14385213769285,0.0561191701669964,1.03385856416554,1.25384571122016
3458,Tlearner,0.996976950696052,0.0658790373409851,0.867856410171552,1.12609749122055
3458,Rlearner,0.961216972775218,0.0636767577271756,0.836412820977671,1.08602112457276
3458,intercept,1.21876968879689,0.0937404787005793,1.03503835054376,1.40250102705003
3458,AIPW,0.987052670702352,0.0544746330244097,0.880282389974509,1.0938229514302
3459,Tlearner,0.905725804946225,0.0647298000787038,0.778857728065488,1.03259388182696
3459,Rlearner,0.901652104894163,0.0630573065015109,0.778062055189098,1.02524215459923
3459,intercept,1.19584059151163,0.088801446260781,1.0217897568405,1.36989142618276
3459,AIPW,0.868597137858666,0.0603350978864663,0.750340346001192,0.98685392971614
3460,Tlearner,1.08049205286269,0.0610968035305175,0.960744518372359,1.20023958735303
3460,Rlearner,1.1089529028692,0.0599086332548521,0.991534139326669,1.22637166641173
3460,intercept,1.27069301553381,0.0778371155256948,1.11813226910345,1.42325376196417
3460,AIPW,1.20819968225545,0.0697117625698205,1.0715646276186,1.3448347368923
3461,Tlearner,1.0063182162278,0.0548599697950854,0.898794651236477,1.11384178121912
3461,Rlearner,1.06248600845091,0.0545084112412889,0.955651485563488,1.16932053133834
3461,intercept,1.18410504310842,0.0799795830070398,1.02734506041462,1.34086502580221
3461,AIPW,0.98680252882843,0.0669815967132658,0.855518599270429,1.11808645838643
3462,Tlearner,0.898178741931339,0.0634117710512501,0.773893954474989,1.02246352938769
3462,Rlearner,0.890837882294009,0.0614321609540488,0.770433059331606,1.01124270525641
3462,intercept,1.12562628767909,0.0757215055681177,0.977212136765575,1.2740404385926
3462,AIPW,0.899926051898225,0.048769722322455,0.804337396146213,0.995514707650237
3463,Tlearner,1.02577186181271,0.0573131616549931,0.9134401291288,1.13810359449662
3463,Rlearner,1.04912577950492,0.0540880369822287,0.943115175025282,1.15513638398456
3463,intercept,1.14540976129504,0.0799395063059712,0.988728328935333,1.30209119365474
3463,AIPW,0.987998649237713,0.0611804916640745,0.868084885576127,1.1079124128993
3464,Tlearner,1.04888493697597,0.0633017771797255,0.924815733546326,1.17295414040561
3464,Rlearner,1.04903523589834,0.063981708077035,0.923633392397999,1.17443707939869
3464,intercept,1.29137179835601,0.0795715387724346,1.13541158236204,1.44733201434998
3464,AIPW,1.05787194254349,0.0539897240065595,0.952052083490632,1.16369180159635
3465,Tlearner,1.16205182281512,0.0618512004938214,1.04082569744666,1.28327794818357
3465,Rlearner,1.15993140055837,0.0600486750875242,1.04223816006747,1.27762464104926
3465,intercept,1.23577634574114,0.0817367677535134,1.07557228094425,1.39598041053802
3465,AIPW,1.14397079822776,0.0517945173214055,1.04245354427781,1.24548805217772
3467,Tlearner,1.03439668423808,0.0588591937694589,0.919034784290879,1.14975858418529
3467,Rlearner,1.01461706423724,0.0548753923506713,0.907063271592419,1.12217085688206
3467,intercept,1.22365670565694,0.0757897176988552,1.07510885896718,1.3722045523467
3467,AIPW,0.98728856162083,0.0752976215836472,0.839705223316881,1.13487189992478
3468,Tlearner,1.02151576467441,0.0645007835443944,0.895096551952786,1.14793497739604
3468,Rlearner,1.05100399074837,0.0663996199606332,0.920863127038378,1.18114485445835
3468,intercept,1.19305032973812,0.0918671806662434,1.01299065563228,1.37311000384396
3468,AIPW,1.07706729910045,0.0494506593277438,0.980144006818071,1.17399059138283
3469,Tlearner,1.06279498826701,0.0644012980581474,0.936570763515413,1.18901921301861
3469,Rlearner,1.08537284505531,0.0573079634037031,0.97305130075671,1.1976943893539
3469,intercept,1.22694878862668,0.0721204153222802,1.08559277459501,1.36830480265835
3469,AIPW,1.13713851754523,0.0457432345313262,1.04748177786383,1.22679525722663
3470,Tlearner,1.04071982986384,0.0607096328964362,0.921731135872176,1.1597085238555
3470,Rlearner,1.05171503525265,0.0589175176906035,0.936238822520563,1.16719124798473
3470,intercept,1.25609981548109,0.0834045366770701,1.09262692359403,1.41957270736814
3470,AIPW,1.0695569099911,0.0499793712220826,0.971597342395818,1.16751647758638
3471,Tlearner,1.09251058963644,0.0600600007947899,0.974795151167207,1.21022602810568
3471,Rlearner,1.07624279060214,0.0580284013512208,0.962509213873316,1.18997636733097
3471,intercept,1.21226497337371,0.0752413999870854,1.06479182939902,1.3597381173484
3471,AIPW,1.08061107407166,0.0475298990040527,0.98745247202372,1.17376967611961
3472,Tlearner,0.97061839232691,0.0561978701909998,0.860472590744693,1.08076419390913
3472,Rlearner,1.00410606739456,0.054165795485287,0.897943059049432,1.11026907573968
3472,intercept,1.16570135041778,0.0742763615456409,1.02011968178833,1.31128301904724
3472,AIPW,1.01009714886436,0.0585609780719199,0.895317631843394,1.12487666588532
3473,Tlearner,0.913847121606441,0.0599285042039247,0.796389411719392,1.03130483149349
3473,Rlearner,0.977227131663117,0.0585362316553906,0.862498225827858,1.09195603749838
3473,intercept,1.13914051507783,0.079305129537886,0.983702461183578,1.29457856897209
3473,AIPW,0.988511646556345,0.0453251329409526,0.899674385992078,1.07734890712061
3474,Tlearner,0.95662124910085,0.055676767338206,0.84749679034235,1.06574570785935
3474,Rlearner,0.952181696191938,0.0548436502378875,0.844690116944967,1.05967327543891
3474,intercept,1.08642222083541,0.0743488088727269,0.940698555444863,1.23214588622595
3474,AIPW,0.989094210042706,0.0627096886299617,0.866183220327981,1.11200519975743
3475,Tlearner,1.0725976330807,0.0628607764733181,0.949392775152778,1.19580249100863
3475,Rlearner,1.0805721784127,0.0578213050558209,0.967244502964185,1.19389985386121
3475,intercept,1.26280747315829,0.0849145725325007,1.09637491099458,1.42924003532199
3475,AIPW,1.11055303817,0.0563432057025428,1.00012035499302,1.22098572134698
3476,Tlearner,0.996184830886154,0.0632138609306392,0.872287940138378,1.12008172163393
3476,Rlearner,0.978168157748259,0.0594942096755363,0.861561649495534,1.09477466600098
3476,intercept,1.05299997975585,0.0802876742353576,0.89563613825455,1.21036382125715
3476,AIPW,1.04114315165224,0.0926572877378096,0.859534867686133,1.22275143561835
3477,Tlearner,0.988218075631168,0.0596173882494555,0.871370141809893,1.10506600945244
3477,Rlearner,1.03055357146336,0.0565792720944286,0.919660235886788,1.14144690703993
3477,intercept,1.07249689255574,0.0738553288677257,0.927740447974997,1.21725333713648
3477,AIPW,1.11053899548781,0.0797561492994658,0.954216942860859,1.26686104811477
3478,Tlearner,1.02153593964695,0.0591215854826379,0.90565976139207,1.13741211790182
3478,Rlearner,1.03745231796005,0.0592396735535741,0.921344691339135,1.15355994458097
3478,intercept,1.1612202529802,0.0766683245168885,1.0109503369271,1.3114901690333
3478,AIPW,1.04438969628976,0.0509055168952658,0.944614883175035,1.14416450940448
3479,Tlearner,1.09376490934264,0.0603265392182448,0.975527065162942,1.21200275352235
3479,Rlearner,1.10784769255976,0.060985654606442,0.988318005957538,1.22737737916199
3479,intercept,1.23099368649894,0.0766430943809832,1.08077322151222,1.38121415148567
3479,AIPW,1.06366030366068,0.0824491449905636,0.902059979479176,1.22526062784219
3482,Tlearner,1.06014498776475,0.0590542454419037,0.944400793564434,1.17588918196507
3482,Rlearner,1.07040652625299,0.0575077255081188,0.957693455424266,1.18311959708172
3482,intercept,1.22995257258021,0.083585287345486,1.06612540938306,1.39377973577736
3482,AIPW,1.08450536470039,0.0482599683201562,0.989915826792887,1.1790949026079
3483,Tlearner,1.04317759393758,0.0624370575987899,0.920803209743296,1.16555197813186
3483,Rlearner,1.07032353935162,0.0577728556599372,0.957090822974115,1.18355625572913
3483,intercept,1.23712777952474,0.0780080912047787,1.08423192076337,1.3900236382861
3483,AIPW,1.04099539439958,0.0573672994848592,0.928555487409256,1.1534353013899
3484,Tlearner,1.10029197388982,0.0631259664404996,0.976567353177156,1.22401659460248
3484,Rlearner,1.11712052396847,0.0641840397852896,0.991322117607012,1.24291893032992
3484,intercept,1.22083271295697,0.0843971454268534,1.05541430792033,1.3862511179936
3484,AIPW,1.09018433617157,0.0567757029433045,0.978903958402697,1.20146471394045
3485,Tlearner,1.01948422456167,0.060940793298402,0.900042464507503,1.13892598461584
3485,Rlearner,1.05636901739689,0.0598189904944013,0.939125950436324,1.17361208435746
3485,intercept,1.21136482710836,0.0751298759894616,1.06411027016902,1.35861938404771
3485,AIPW,1.05516358557504,0.0693620373141344,0.919213992439339,1.19111317871075
3487,Tlearner,0.962473491186471,0.0609715646664104,0.842971420359252,1.08197556201369
3487,Rlearner,1.02599157239035,0.0542979594084095,0.919569527515854,1.13241361726485
3487,intercept,1.19776330129709,0.0809433837785149,1.0391142690912,1.35641233350297
3487,AIPW,1.00055468921013,0.0441717474786643,0.913978064151944,1.08713131426831
3488,Tlearner,1.18237152553379,0.0607895870495084,1.06322612428169,1.30151692678589
3488,Rlearner,1.15756958466469,0.0587504275255046,1.04242086263837,1.27271830669101
3488,intercept,1.27161931895025,0.0813109125112667,1.11224993042817,1.43098870747233
3488,AIPW,1.17892804411139,0.0431659149511875,1.09432285080706,1.26353323741572
3489,Tlearner,0.974984400016589,0.059015675201525,0.859315802098287,1.09065299793489
3489,Rlearner,0.97482879910596,0.056560691119683,0.863971881570686,1.08568571664123
3489,intercept,1.13309868864188,0.0744199214491643,0.98723564260152,1.27896173468224
3489,AIPW,1.03491976912588,0.0796071075048987,0.878889838416284,1.19094969983549
3490,Tlearner,1.06220710823044,0.064049003723408,0.936673367686891,1.18774084877399
3490,Rlearner,1.03973590465057,0.0578371646461782,0.926377144976144,1.15309466432499
3490,intercept,1.19680724322323,0.0793107011814422,1.0413582689076,1.35225621753885
3490,AIPW,1.0380665561521,0.0508756520632778,0.938350278108078,1.13778283419613
3491,Tlearner,1.0531793134981,0.0603245429243249,0.934945381982579,1.17141324501361
3491,Rlearner,1.0568832423536,0.0573624292774432,0.94445494690409,1.16931153780312
3491,intercept,1.17596546029691,0.0715962715140791,1.03563676812932,1.31629415246451
3491,AIPW,1.04891913772319,0.0672522285153638,0.917104769833081,1.18073350561331
3492,Tlearner,0.930682981944783,0.0614331054314253,0.810276307840738,1.05108965604883
3492,Rlearner,0.986247687725355,0.0603374555628101,0.867988447903461,1.10450692754725
3492,intercept,1.15011735407437,0.0812916935678083,0.990785634681465,1.30944907346727
3492,AIPW,0.97041649367182,0.0526427913014738,0.867236622720931,1.07359636462271
3493,Tlearner,0.936787512401577,0.0606495091806307,0.81791665872751,1.05565836607564
3493,Rlearner,0.991991380556802,0.0595869195282455,0.875203164331755,1.10877959678185
3493,intercept,1.14316180585578,0.074859068574229,0.996438031450294,1.28988558026127
3493,AIPW,0.973449110614911,0.050477328048972,0.874513547638925,1.0723846735909
3494,Tlearner,1.12396510211267,0.069661925678084,0.987430236689922,1.26049996753542
3494,Rlearner,0.995631648743191,0.0600297968884273,0.877975408842619,1.11328788864376
3494,intercept,1.16736595518397,0.0857105876155443,0.999373203457508,1.33535870691044
3494,AIPW,1.0176424472034,0.0501325354572977,0.919382677707096,1.1159022166997
3495,Tlearner,1.07614025237822,0.0638169399275706,0.951061348516623,1.20121915623981
3495,Rlearner,1.09649436374351,0.0615452064177709,0.975867975743597,1.21712075174343
3495,intercept,1.28992962007501,0.0837477466068289,1.12578403672563,1.45407520342439
3495,AIPW,1.07716553291487,0.05043641946573,0.978310150762034,1.1760209150677
3496,Tlearner,0.953742292128922,0.0703913026013934,0.81577787420533,1.09170671005251
3496,Rlearner,0.932153760798788,0.0560707626211225,0.822257085475693,1.04205043612188
3496,intercept,1.04176923970865,0.0745694725893963,0.895613073433438,1.18792540598387
3496,AIPW,0.90263380047226,0.0562273617585686,0.792428171425466,1.01283942951905
3497,Tlearner,0.931594301130722,0.0588023988806502,0.816343717120089,1.04684488514135
3497,Rlearner,1.03516761972942,0.0597360724463908,0.918087069156615,1.15224817030222
3497,intercept,1.18084098741432,0.0758549894678456,1.03216520805734,1.32951676677129
3497,AIPW,1.02719265775185,0.0487517670361354,0.93163919436102,1.12274612114267
3498,Tlearner,0.9700819879907,0.0605761582124909,0.851354899572417,1.08880907640898
3498,Rlearner,1.04662846032837,0.058416725208886,0.932133782824179,1.16112313783256
3498,intercept,1.19658028204398,0.0807646206554951,1.03828162555921,1.35487893852875
3498,AIPW,1.15035486331245,0.103601726383819,0.947295479600163,1.35341424702473
3499,Tlearner,0.930104780596359,0.068087779997284,0.796655184014396,1.06355437717832
3499,Rlearner,0.864513801612537,0.059735390385721,0.747434587854084,0.981593015370991
3499,intercept,1.17598971804435,0.0804135197457064,1.01837921934276,1.33360021674593
3499,AIPW,0.864430847604731,0.0575386485256437,0.751655096494469,0.977206598714992
3500,Tlearner,1.01633492503929,0.0621560164607156,0.89451137135381,1.13815847872477
3500,Rlearner,1.0823351426353,0.0632738326125453,0.958320709550893,1.2063495757197
3500,intercept,1.26083135475103,0.0780004256108001,1.10795052055386,1.4137121889482
3500,AIPW,1.10226474002358,0.0525088769076428,0.999347341284603,1.20518213876256
3501,Tlearner,1.09003543873849,0.0604213040167968,0.971611858966627,1.20845901851036
3501,Rlearner,1.09453556427712,0.0592138587906487,0.978478533661807,1.21059259489243
3501,intercept,1.1680996605293,0.0727561955307967,1.02549751728893,1.31070180376966
3501,AIPW,1.06227100491003,0.0588001821616832,0.947022647873133,1.17751936194693
3502,Tlearner,1.03220802470288,0.0625239542724902,0.909663326157772,1.15475272324799
3502,Rlearner,1.00336648797547,0.0620495580247002,0.881751588990429,1.12498138696051
3502,intercept,1.14946284300297,0.0895006447847891,0.974041579224787,1.32488410678116
3502,AIPW,0.995173657728808,0.0619089663301061,0.8738320837218,1.11651523173582
3503,Tlearner,0.943247123207027,0.0630775292697353,0.819617437604574,1.06687680880948
3503,Rlearner,0.885059537506457,0.0602733868317757,0.766925870089926,1.00319320492299
3503,intercept,1.04433712724982,0.0810247972661574,0.88552852460815,1.20314572989149
3503,AIPW,0.925158686792329,0.0531735002809426,0.820938626241681,1.02937874734298
3504,Tlearner,1.04996618207364,0.0599594555054486,0.932447808750324,1.16748455539695
3504,Rlearner,1.11706393106063,0.0547610239433189,1.00973429637518,1.22439356574607
3504,intercept,1.22339676937115,0.0754122147154338,1.0755888285289,1.3712047102134
3504,AIPW,1.10515145704861,0.046796509091535,1.0134302992292,1.19687261486801
3505,Tlearner,1.00650757534812,0.0642944397063547,0.880492789117479,1.13252236157875
3505,Rlearner,0.97337028656642,0.062181128996687,0.851497513214874,1.09524305991797
3505,intercept,1.12460147599708,0.0896900774272186,0.948808924239731,1.30039402775443
3505,AIPW,0.97176833145115,0.0513013857078156,0.871217615463832,1.07231904743847
3506,Tlearner,0.882010924269619,0.063753925601238,0.757055526218146,1.00696632232109
3506,Rlearner,0.932910220932938,0.0570176251440225,0.821157729166648,1.04466271269923
3506,intercept,1.1520573901803,0.0802419530579254,0.994783162186762,1.30933161817383
3506,AIPW,0.915644633710874,0.0583124088305796,0.801352312402938,1.02993695501881
3507,Tlearner,1.11128688892299,0.0615655916502438,0.990620546601609,1.23195323124437
3507,Rlearner,1.11803026744745,0.0626292553158588,0.995279182649801,1.2407813522451
3507,intercept,1.18520164775637,0.0875910812372927,1.01352312853127,1.35688016698146
3507,AIPW,1.04466976048656,0.0896831679388889,0.868890751326334,1.22044876964678
3508,Tlearner,1.14036606249102,0.0655314833929422,1.01192671518737,1.26880540979467
3508,Rlearner,1.11634502906252,0.0606341188322183,0.99750433991705,1.23518571820799
3508,intercept,1.27108359270152,0.0866566893615069,1.10123648155297,1.44093070385008
3508,AIPW,1.14446320556628,0.0434322443933765,1.05933600655526,1.2295904045773
3509,Tlearner,0.931406493850043,0.0649551714457041,0.804096697206838,1.05871629049325
3509,Rlearner,1.01694979359106,0.0638723755865141,0.891762237834477,1.14213734934764
3509,intercept,1.16232766403908,0.0821046091706457,1.00140263006461,1.32325269801354
3509,AIPW,0.915614835578145,0.0480763348763651,0.821385219220469,1.00984445193582
3510,Tlearner,1.01348594327311,0.0566733873632262,0.902408145159299,1.12456374138692
3510,Rlearner,1.08511325784312,0.0564315757051477,0.97450940187019,1.19571711381606
3510,intercept,1.21992479422698,0.0700748370902481,1.08257811353009,1.35727147492386
3510,AIPW,1.10282851963814,0.0459697121977662,1.01272788373052,1.19292915554577
3511,Tlearner,0.905181441957004,0.0582121395938521,0.791087744890036,1.01927513902397
3511,Rlearner,0.934718253752313,0.0561744841303784,0.824618288006654,1.04481821949797
3511,intercept,1.07520215600886,0.0774790234492814,0.923343270048269,1.22706104196945
3511,AIPW,0.772145188319684,0.164295344328023,0.450126313436759,1.09416406320261
3512,Tlearner,1.02279764328965,0.0621267170356957,0.901031515421977,1.14456377115733
3512,Rlearner,1.10135298765156,0.0588403518394886,0.986028017208501,1.21667795809463
3512,intercept,1.22655266223771,0.0803710630935122,1.06902537857443,1.38407994590099
3512,AIPW,1.11374627850558,0.0467215022992946,1.02217213399896,1.20532042301219
3513,Tlearner,1.06680038050416,0.0634084039715569,0.94252219240274,1.19107856860558
3513,Rlearner,1.1376825833177,0.0615359630789172,1.01707431192904,1.25829085470636
3513,intercept,1.26372805268379,0.0820107319347036,1.10298701809178,1.42446908727581
3513,AIPW,1.10629867649735,0.0461419915149863,1.01586037312798,1.19673697986672
3514,Tlearner,1.06680715076506,0.0714964277993614,0.926676727255041,1.20693757427507
3514,Rlearner,1.09984220232567,0.0595540667420862,0.983118376378284,1.21656602827305
3514,intercept,1.17313062372519,0.0820545065583513,1.01230379087082,1.33395745657955
3514,AIPW,1.04343906958185,0.0870169271119366,0.872885892442457,1.21399224672125
3515,Tlearner,1.09545739021716,0.0621451312883343,0.973655171077507,1.2172596093568
3515,Rlearner,1.06248241052087,0.0619662712836262,0.941030750548728,1.18393407049302
3515,intercept,1.27928644378855,0.086138711909125,1.11045456844666,1.44811831913043
3515,AIPW,1.15352929403789,0.0529780097214583,1.04969239498383,1.25736619309195
3516,Tlearner,1.11887006972662,0.0618236897687677,0.997697864388458,1.24004227506478
3516,Rlearner,1.13116151153487,0.0587934458754808,1.01592847509192,1.24639454797781
3516,intercept,1.15341451155909,0.0727479244799453,1.01082857957839,1.29600044353978
3516,AIPW,1.16331473482228,0.0519135714029828,1.06156413487244,1.26506533477213
3517,Tlearner,1.10246275162499,0.058027638983351,0.988730669109729,1.21619483414025
3517,Rlearner,1.14214150002399,0.0579979997693336,1.02846750930074,1.25581549074725
3517,intercept,1.3348543552445,0.0755484437016141,1.18677940558934,1.48292930489966
3517,AIPW,1.17148353520954,0.0644170365085126,1.04522614365285,1.29774092676622
3518,Tlearner,1.02835850893556,0.0580084457037169,0.914664044557123,1.14205297331399
3518,Rlearner,0.993555366648935,0.0574351072861892,0.88098462491981,1.10612610837806
3518,intercept,1.11025662246032,0.0771894429413622,0.958965314295254,1.26154793062539
3518,AIPW,1.00742533217603,0.0484064890203192,0.912548613696203,1.10230205065585
3519,Tlearner,1.00104359951427,0.0628778428285961,0.87780529214465,1.12428190688389
3519,Rlearner,1.03211650868284,0.0591459659712806,0.916192545548298,1.14804047181738
3519,intercept,1.08075028774305,0.0760191376248722,0.931752777998302,1.2297477974878
3519,AIPW,1.01963453231524,0.0846252672221498,0.853769008559831,1.18550005607066
3520,Tlearner,1.02004870285667,0.061478482903255,0.899553090542126,1.14054431517121
3520,Rlearner,1.02235506424972,0.0576298383649939,0.909402656619465,1.13530747187997
3520,intercept,1.09220884571652,0.0789465071395947,0.93747369172291,1.24694399971012
3520,AIPW,1.05793215303877,0.0585492162918952,0.943175689106658,1.17268861697089
3521,Tlearner,1.07742522103305,0.0615874541481536,0.956716029003157,1.19813441306294
3521,Rlearner,1.08110668256945,0.060979715363889,0.961588636668727,1.20062472847018
3521,intercept,1.22472207893447,0.0906970334334499,1.04695589340491,1.40248826446403
3521,AIPW,1.06179950399964,0.101921530761663,0.862033303706783,1.2615657042925
3522,Tlearner,0.935213891052379,0.0587282494077743,0.820108637338056,1.0503191447667
3522,Rlearner,0.909655669147173,0.060791476512454,0.79050656461575,1.0288047736786
3522,intercept,1.03051026632184,0.0816380754695561,0.870499638401505,1.19052089424217
3522,AIPW,0.942397274592758,0.0462359109447283,0.851774889141091,1.03301966004443
3523,Tlearner,1.00579569081522,0.0615731679183253,0.885114499281261,1.12647688234917
3523,Rlearner,0.987371337884897,0.0559302234047746,0.87775011436426,1.09699256140553
3523,intercept,1.18161066674994,0.0771217525221123,1.0304520318066,1.33276930169328
3523,AIPW,0.997623777578282,0.0432662129898887,0.9128220001181,1.08242555503846
3524,Tlearner,0.936911077102058,0.0635275884140651,0.812399291785807,1.06142286241831
3524,Rlearner,0.960111980306702,0.0587215608174413,0.845019835988539,1.07520412462487
3524,intercept,1.08909344485156,0.0790841001190218,0.934088608618278,1.24409828108484
3524,AIPW,0.96874568129117,0.055116982268797,0.860716396044328,1.07677496653801
3525,Tlearner,1.01062146665146,0.0605034994404948,0.892036786809452,1.12920614649347
3525,Rlearner,1.06230962964808,0.0563672113552115,0.951831925482905,1.17278733381325
3525,intercept,1.17378086999006,0.0722305998889953,1.03220889420763,1.31535284577249
3525,AIPW,1.05578838690823,0.0425149143104111,0.972459154859828,1.13911761895664
3526,Tlearner,0.994568145251645,0.0687707197937561,0.859780011264987,1.1293562792383
3526,Rlearner,1.0039795745934,0.0671392406819268,0.872389080907453,1.13557006827934
3526,intercept,1.2633160200371,0.0951890129478687,1.07674555465928,1.44988648541492
3526,AIPW,1.02842406339997,0.0626620381143322,0.905606468695881,1.15124165810406
3527,Tlearner,1.03464926513837,0.0649025876577071,0.907442530825815,1.16185599945093
3527,Rlearner,1.10408299941731,0.058871775698719,0.9886964393419,1.21946955949272
3527,intercept,1.20451681401898,0.0779797631062895,1.05167647833065,1.35735714970731
3527,AIPW,1.06522771177442,0.0487608209045851,0.969656502801436,1.16079892074741
3528,Tlearner,1.08942747882084,0.062353504731215,0.967216855237816,1.21163810240387
3528,Rlearner,1.07711751622065,0.0594585945534536,0.960580812324508,1.19365422011678
3528,intercept,1.27535409176777,0.0768885700581929,1.12465249445371,1.42605568908182
3528,AIPW,1.11475426913326,0.0506389630528862,1.0155019015496,1.21400663671691
3529,Tlearner,1.09158217582297,0.0569177431831603,0.980025449102675,1.20313890254326
3529,Rlearner,1.0909043923463,0.055219741793701,0.98267568719504,1.19913309749755
3529,intercept,1.2544548826819,0.0784302542843769,1.10073158428452,1.40817818107928
3529,AIPW,1.14090800697843,0.0570786474411404,1.02903385799379,1.25278215596306
3530,Tlearner,1.01835035991572,0.0640216259395829,0.892870278842439,1.14383044098899
3530,Rlearner,1.02431735006526,0.0626107810071759,0.901602474247273,1.14703222588325
3530,intercept,1.05197717391601,0.0824100208056393,0.890453533136958,1.21350081469506
3530,AIPW,1.06248437094971,0.0617432180519591,0.941467663567868,1.18350107833155
3531,Tlearner,1.01463102815209,0.0576158747698459,0.90170598866542,1.12755606763876
3531,Rlearner,1.06774060293472,0.0542301616971658,0.961451439132493,1.17402976673695
3531,intercept,1.16458035766328,0.0858636756387538,0.996287553411323,1.33287316191524
3531,AIPW,0.991446257023749,0.0472659888638488,0.898804918850606,1.08408759519689
3532,Tlearner,1.07152447409581,0.0601770953013185,0.953579534610991,1.18946941358063
3532,Rlearner,1.12808767688143,0.0610355946872788,1.00846010951938,1.24771524424348
3532,intercept,1.30124062767888,0.0780492995672766,1.14826400052702,1.45421725483074
3532,AIPW,1.15767111592721,0.0611241276710664,1.03786782569192,1.2774744061625
3533,Tlearner,1.06408480851053,0.0601856759355296,0.94612305129169,1.18204656572936
3533,Rlearner,1.06623754389614,0.0558453787413412,0.956782612860112,1.17569247493217
3533,intercept,1.0614840159943,0.0755652881195966,0.913376051279888,1.20959198070871
3533,AIPW,1.08311136883276,0.0495679703273066,0.985958146991243,1.18026459067429
3534,Tlearner,0.975110080966513,0.0601835750010312,0.857152441503626,1.0930677204294
3534,Rlearner,0.990893965224629,0.057502553622852,0.878191031104756,1.1035968993445
3534,intercept,1.04695934129065,0.0750067986777074,0.899946015882348,1.19397266669896
3534,AIPW,0.971054499397025,0.053284817516636,0.866616257064418,1.07549274172963
3536,Tlearner,1.01264197922163,0.0586608204502706,0.897668883835533,1.12761507460773
3536,Rlearner,1.03127926740235,0.0565367477285142,0.920469278051437,1.14208925675327
3536,intercept,1.23211364802607,0.078910377488194,1.07744930814921,1.38677798790293
3536,AIPW,1.02047393416726,0.0481800274785651,0.92604108030927,1.11490678802525
3537,Tlearner,1.03948359625127,0.060465419291515,0.920973552129784,1.15799364037275
3537,Rlearner,1.09053053448373,0.0588695287940377,0.975148378260573,1.20591269070689
3537,intercept,1.29091150776552,0.0777352658767228,1.13855038664715,1.4432726288839
3537,AIPW,1.05085868046981,0.0495457322786273,0.953749045203696,1.14796831573592
3538,Tlearner,1.10871818531855,0.0587039654719156,0.99366052724391,1.22377584339319
3538,Rlearner,1.08723287343811,0.0584418738426433,0.972688905517496,1.20177684135872
3538,intercept,1.28106748044222,0.0720921778922092,1.13976681177349,1.42236814911095
3538,AIPW,1.09879032779467,0.0388613857931872,1.02262201164002,1.17495864394932
3539,Tlearner,1.00325488641749,0.0622205808021396,0.881304788948136,1.12520498388685
3539,Rlearner,0.996101694233902,0.0624287143080133,0.873743662589055,1.11845972587875
3539,intercept,1.11779421046277,0.0813150634964825,0.958416686009666,1.27717173491588
3539,AIPW,1.01012773287836,0.0493423392997306,0.913416747850884,1.10683871790583
3540,Tlearner,1.00788634455667,0.0632524826757031,0.883913756579546,1.13185893253379
3540,Rlearner,1.04706843496529,0.0586315622518421,0.93215268459436,1.16198418533622
3540,intercept,1.22666569359864,0.0751669074603134,1.07933855497642,1.37399283222085
3540,AIPW,0.926295762967756,0.0991053170194148,0.732049341609703,1.12054218432581
3541,Tlearner,1.00365994455348,0.0609407370916345,0.884218294662551,1.12310159444441
3541,Rlearner,1.0294032984775,0.0628541870939291,0.906211355495858,1.15259524145914
3541,intercept,1.08257740655364,0.0813584425511278,0.923114859153426,1.24203995395385
3541,AIPW,1.05578941808357,0.0519281770811632,0.954010191004487,1.15756864516265
3542,Tlearner,1.11034964358748,0.0624653071992633,0.987919891193697,1.23277939598127
3542,Rlearner,1.17261792363,0.058043787414814,1.05885419077067,1.28638165648934
3542,intercept,1.36090330287411,0.0793378085746767,1.20540119806774,1.51640540768048
3542,AIPW,1.1654735378215,0.0530066727065483,1.06158045931667,1.26936661632634
3543,Tlearner,1.08119905385856,0.0618543965432326,0.959966664348367,1.20243144336876
3543,Rlearner,1.16192027169864,0.0577851779515632,1.04866340407333,1.27517713932394
3543,intercept,1.24519418918284,0.0752768946365066,1.09765147569528,1.39273690267039
3543,AIPW,1.02435576157875,0.0960088188907811,0.836178476552814,1.21253304660468
3544,Tlearner,0.978374317282068,0.0617983105686701,0.857251854262053,1.09949678030208
3544,Rlearner,1.0258059591555,0.0584527996645857,0.911240577017379,1.14037134129362
3544,intercept,1.22025148147405,0.079799360416178,1.06384473505834,1.37665822788976
3544,AIPW,1.0518562809301,0.0560674741355313,0.941964031624454,1.16174853023574
3545,Tlearner,0.994297172014024,0.0613159484377819,0.874120121398056,1.11447422262999
3545,Rlearner,0.984939934507284,0.0636494671290082,0.860189271299262,1.10969059771531
3545,intercept,1.16826396880423,0.0855519770241232,1.00058209383695,1.33594584377152
3545,AIPW,1.01406730930856,0.0616971006108229,0.893140992111348,1.13499362650577
3546,Tlearner,0.893803262025563,0.0664633964899179,0.763537398615119,1.02406912543601
3546,Rlearner,0.902454929572462,0.0615716992716908,0.781776616533017,1.02313324261191
3546,intercept,1.14153895577185,0.08355129897094,0.977778409788811,1.3052995017549
3546,AIPW,0.932053243883416,0.0504543988738309,0.833162622090708,1.03094386567612
3547,Tlearner,0.920729691253765,0.0601751549126502,0.802788554860852,1.03867082764668
3547,Rlearner,0.985147666714901,0.0580191503281675,0.871432221658077,1.09886311177172
3547,intercept,1.08760783506383,0.0791996939058471,0.932376435008367,1.24283923511929
3547,AIPW,0.993430163497452,0.0470863269105883,0.901140962752699,1.0857193642422
3548,Tlearner,1.06604500336942,0.0587899708847254,0.950818777783204,1.18127122895564
3548,Rlearner,1.08657332275046,0.0558152908033358,0.977177362989297,1.19596928251163
3548,intercept,1.22173939398766,0.0746484758638793,1.07542838129446,1.36805040668086
3548,AIPW,1.06053448408431,0.0536570560433156,0.955366654239407,1.1657023139292
3549,Tlearner,0.939786122281558,0.0599262104531502,0.822332908063416,1.0572393364997
3549,Rlearner,1.00742969230664,0.0568501361631708,0.896005472910622,1.11885391170265
3549,intercept,1.20274735890904,0.0769555796716437,1.05191442275262,1.35358029506546
3549,AIPW,1.0389738682767,0.0484905574174285,0.943932375738536,1.13401536081486
3550,Tlearner,1.01205326278599,0.060290893711934,0.893885282514869,1.13022124305712
3550,Rlearner,0.992620145242041,0.0588459135182247,0.877284274108962,1.10795601637512
3550,intercept,1.13695561582436,0.0782519684186808,0.983581757723745,1.29032947392497
3550,AIPW,1.03672600220857,0.047869834001257,0.942901127566104,1.13055087685103
3552,Tlearner,1.03902846553494,0.0594133523727757,0.922580434683508,1.15547649638636
3552,Rlearner,1.11089429533112,0.0587150382609777,0.995814934988716,1.22597365567353
3552,intercept,1.28353516855179,0.0752674562968083,1.13601095421005,1.43105938289353
3552,AIPW,1.12115902568581,0.0482613946824117,1.02656669210828,1.21575135926333
3553,Tlearner,1.00253424094968,0.0629264504502169,0.879200664392314,1.12586781750705
3553,Rlearner,1.03536333921089,0.0593024133919558,0.919132744766348,1.15159393365543
3553,intercept,1.20482002418208,0.0791565571206193,1.04967317222567,1.3599668761385
3553,AIPW,1.02030281155951,0.0471893182681118,0.927811747754016,1.11279387536501
3554,Tlearner,0.968533945784726,0.061121837193075,0.848737346217378,1.08833054535207
3554,Rlearner,0.957464528376914,0.0531637154527398,0.853265560805208,1.06166349594862
3554,intercept,1.14237763106621,0.0690437072793017,1.00705196479878,1.27770329733364
3554,AIPW,1.00344186657341,0.055764598404723,0.894143253700155,1.11274047944667
3555,Tlearner,0.994897475265194,0.067683357918898,0.86224053139142,1.12755441913897
3555,Rlearner,0.969175905967929,0.0617261438337862,0.848194887149169,1.09015692478669
3555,intercept,1.2170864856576,0.0762779567419897,1.0675816904433,1.3665912808719
3555,AIPW,0.955576170615771,0.0714086463325502,0.815615223803973,1.09553711742757
3556,Tlearner,0.974977489356851,0.061556784830406,0.854328408085174,1.09562657062853
3556,Rlearner,0.991666578202242,0.0642436283852152,0.865751380331046,1.11758177607344
3556,intercept,1.07585767754325,0.0830569046790207,0.913066144372366,1.23864921071413
3556,AIPW,0.989335056808823,0.0602630542642652,0.871219470450864,1.10745064316678
3557,Tlearner,1.01010903232082,0.0663714827842323,0.880023316463204,1.14019474817844
3557,Rlearner,0.955297487655731,0.0608714340753286,0.835991669180782,1.07460330613068
3557,intercept,1.19431775389495,0.0832271719181961,1.03119249693529,1.35744301085462
3557,AIPW,1.0079375524908,0.0465731456791327,0.916654186959704,1.0992209180219
3558,Tlearner,1.04063842829777,0.0608051350577684,0.921462553509447,1.15981430308609
3558,Rlearner,1.12271821035865,0.057148342230823,1.01070951781007,1.23472690290724
3558,intercept,1.2665160055074,0.0661650298766324,1.1368325469492,1.3961994640656
3558,AIPW,1.1368518149081,0.0434944290520535,1.05160273396607,1.22210089585012
3559,Tlearner,1.04540238703727,0.0628806549561009,0.922158567999027,1.16864620607552
3559,Rlearner,1.00911246463009,0.0618020155208764,0.887982740037185,1.13024218922299
3559,intercept,1.29815429103459,0.083090144925185,1.13529760698123,1.46101097508796
3559,AIPW,1.09861015736483,0.0620448995832849,0.977002154181591,1.22021816054807
3561,Tlearner,1.050836621418,0.0683047787735068,0.91696171504995,1.18471152778605
3561,Rlearner,1.10267694332694,0.0614160286288768,0.982303739140864,1.22305014751302
3561,intercept,1.3575388425116,0.0882639164797344,1.18454156621132,1.53053611881188
3561,AIPW,1.12103103768765,0.0515751764845137,1.019943691778,1.2221183835973
3562,Tlearner,1.03094977678891,0.064850904864569,0.903844338889524,1.1580552146883
3562,Rlearner,1.05198025986339,0.0628057285757801,0.928883293832061,1.17507722589472
3562,intercept,1.14347276099102,0.0801117706537858,0.986453690509604,1.30049183147244
3562,AIPW,1.0918263957476,0.0528374477235165,0.988264998209503,1.19538779328569
3563,Tlearner,0.943089527431839,0.0631929065069769,0.819233706599758,1.06694534826392
3563,Rlearner,0.985068143521522,0.0594971210994966,0.86845592898269,1.10168035806035
3563,intercept,1.14836970801006,0.0834694886241347,0.984769510306754,1.31196990571336
3563,AIPW,0.995191369970235,0.0521827492402627,0.89291318145932,1.09746955848115
3564,Tlearner,1.09460627852273,0.0607088358855598,0.975619146643682,1.21359341040178
3564,Rlearner,1.11500211374398,0.0560255008136456,1.00519414993341,1.22481007755454
3564,intercept,1.27872386293961,0.0681057954793083,1.14523650380016,1.41221122207905
3564,AIPW,1.10634376484778,0.0514168689578052,1.00556670169048,1.20712082800508
3565,Tlearner,1.03469059376591,0.059751984450074,0.917578856238963,1.15180233129285
3565,Rlearner,1.07302566592606,0.0568167306231416,0.96166692018539,1.18438441166673
3565,intercept,1.26780960283173,0.0775708798301623,1.11577067836461,1.41984852729885
3565,AIPW,1.08197092021178,0.0433283890177499,0.997047277736989,1.16689456268657
3566,Tlearner,1.04344478471669,0.0649234440881934,0.91619717255153,1.17069239688185
3566,Rlearner,1.0521416418648,0.0627142137200287,0.929224041654796,1.1750592420748
3566,intercept,1.15659708301789,0.0811013459731939,0.997638444910427,1.31555572112535
3566,AIPW,0.9933109416198,0.0605956991901049,0.874543371207195,1.11207851203241
3567,Tlearner,1.01537543460638,0.0619017180325479,0.894050296681432,1.13670057253133
3567,Rlearner,1.03259142353375,0.0617562313050272,0.911551434354977,1.15363141271253
3567,intercept,1.13480516252858,0.0818142270521601,0.974449277506345,1.29516104755081
3567,AIPW,1.03543328184565,0.0622334491577269,0.913455721496508,1.1574108421948
3568,Tlearner,0.890003336491209,0.0624229833436099,0.76765653733019,1.01235013565223
3568,Rlearner,0.910934095796075,0.0631253196850205,0.787210742700858,1.03465744889129
3568,intercept,1.12663817297893,0.0767170601492111,0.976272735086477,1.27700361087139
3568,AIPW,0.947051802594943,0.0505771704380669,0.847920548536332,1.04618305665355
3569,Tlearner,0.83440267968829,0.0634726196094205,0.709998631249415,0.958806728127164
3569,Rlearner,0.840942946581069,0.0614758469584112,0.720452500623487,0.961433392538651
3569,intercept,1.09528312706379,0.080521055224506,0.937461858823762,1.25310439530383
3569,AIPW,0.684772543465334,0.146281080042185,0.398061626582651,0.971483460348016
3570,Tlearner,0.96469154633429,0.0618301324861792,0.843506713502039,1.08587637916654
3570,Rlearner,0.941470316780509,0.0608870640627356,0.822133864093164,1.06080676946785
3570,intercept,1.2194699064258,0.0762037755284666,1.07011050639,1.36882930646159
3570,AIPW,0.976253114676152,0.048453589187336,0.881284079868974,1.07122214948333
3571,Tlearner,0.872783836168844,0.0667477388266773,0.741960672019071,1.00360700031862
3571,Rlearner,0.884957068343746,0.0622546598762738,0.762940177116458,1.00697395957103
3571,intercept,1.01189145322089,0.0829062998711529,0.849395105473427,1.17438780096835
3571,AIPW,0.915305193950694,0.0584543193892252,0.800734727947813,1.02987565995358
3572,Tlearner,1.08849465985412,0.0656886879541204,0.959747197272359,1.21724212243589
3572,Rlearner,1.13026489791342,0.0595752380954687,1.0134995768759,1.24703021895093
3572,intercept,1.22802917114295,0.0797356042142845,1.07174738688296,1.38431095540295
3572,AIPW,1.10141017399564,0.0478840094855413,1.00755751540398,1.1952628325873
3573,Tlearner,0.985320933550033,0.0594771475501837,0.868747866448498,1.10189400065157
3573,Rlearner,1.03377959445927,0.0611739093308601,0.913880935377261,1.15367825354127
3573,intercept,1.06552185622342,0.0779651273414479,0.912710206634181,1.21833350581266
3573,AIPW,1.04351472283229,0.0567082588321878,0.932366535521207,1.15466291014338
3574,Tlearner,1.05276866509919,0.0612100635817103,0.932799144987629,1.17273818521075
3574,Rlearner,1.07157804463666,0.0607076367425242,0.952593263034776,1.19056282623855
3574,intercept,1.28112591582367,0.083939700968307,1.11660410192578,1.44564772972155
3574,AIPW,1.1196511766326,0.0541373953829183,1.01354188168208,1.22576047158312
3576,Tlearner,1.03265684757813,0.0627899705510841,0.909590766707673,1.15572292844858
3576,Rlearner,1.01672084950213,0.0593776073265646,0.900342877653904,1.13309882135036
3576,intercept,1.14279717091682,0.0813718524834621,0.983308340049233,1.3022860017844
3576,AIPW,1.03977191708839,0.0527092079357253,0.93646186953437,1.14308196464241
3578,Tlearner,1.01473047361388,0.0582556103988515,0.900551575334733,1.12890937189302
3578,Rlearner,1.01769548074007,0.0593055138875065,0.901458809435917,1.13393215204422
3578,intercept,1.1684591826985,0.0812385671500346,1.00923159108443,1.32768677431257
3578,AIPW,0.966032508561471,0.071333618579022,0.826218616146588,1.10584640097635
3579,Tlearner,0.940590391138083,0.0665230015680152,0.810207703921272,1.07097307835489
3579,Rlearner,0.99246761611058,0.066554706228612,0.862022788900857,1.1229124433203
3579,intercept,1.25120458024579,0.0923031892949434,1.0702903292277,1.43211883126388
3579,AIPW,0.962098980943473,0.0666426594479544,0.831479368425482,1.09271859346146
3580,Tlearner,0.997472653029851,0.0614564545340276,0.877020215525634,1.11792509053407
3580,Rlearner,1.06329401631314,0.0631348257604959,0.939552031652357,1.18703600097392
3580,intercept,1.20987378130041,0.0855767365564,1.04214337764987,1.37760418495095
3580,AIPW,1.12137995322477,0.0776262409669787,0.969232520929492,1.27352738552005
3581,Tlearner,0.986205500153187,0.0592137847818587,0.870148614592438,1.10226238571394
3581,Rlearner,1.0285544359134,0.0586026127325843,0.913695425557588,1.14341344626922
3581,intercept,1.17067663822229,0.0760606430063235,1.0215977779299,1.31975549851468
3581,AIPW,1.12521730366913,0.0696555128247139,0.988692498532694,1.26174210880557
3583,Tlearner,0.898486040116627,0.0633315929760121,0.774358398800094,1.02261368143316
3583,Rlearner,0.997865462603147,0.0583579949323543,0.883485894325762,1.11224503088053
3583,intercept,1.26388224255202,0.085341875283441,1.09661216699648,1.43115231810757
3583,AIPW,0.963659175009002,0.0491978774485021,0.867231335209938,1.06008701480807
3584,Tlearner,0.999399989054279,0.0613187431158436,0.879217460969962,1.1195825171386
3584,Rlearner,1.02533155105542,0.0588683685425496,0.909951668883391,1.14071143322745
3584,intercept,1.16706542133868,0.0740739025399406,1.0218805723604,1.31225027031697
3584,AIPW,1.03797274728643,0.0491546530336909,0.941629627340394,1.13431586723246
3585,Tlearner,1.11652679828561,0.0683760476959538,0.982512207396352,1.25054138917488
3585,Rlearner,1.10718945185895,0.0592782097460871,0.991006295688609,1.22337260802929
3585,intercept,1.36429484036459,0.0829494641440016,1.20171389064235,1.52687579008683
3585,AIPW,1.09780176323438,0.0453017182185694,1.00901039552598,1.18659313094277
3586,Tlearner,1.0650702671557,0.0616930577579523,0.944154095853965,1.18598643845744
3586,Rlearner,1.07948484200542,0.0574677275815722,0.96685016567218,1.19211951833866
3586,intercept,1.18509128735665,0.0743631021821678,1.0393396070796,1.3308429676337
3586,AIPW,1.0481305405093,0.0504142832387441,0.949318545361362,1.14694253565724
3587,Tlearner,0.959450690953352,0.0610918469907829,0.839712871102386,1.07918851080432
3587,Rlearner,0.958386069607522,0.0624177167352483,0.836049592809212,1.08072254640583
3587,intercept,1.02825628764483,0.0825124212646613,0.866531941966091,1.18998063332356
3587,AIPW,1.02109649653434,0.0584103521712945,0.906612206278601,1.13558078679008
3588,Tlearner,0.900897778209578,0.0633810873544999,0.776673129693771,1.02512242672538
3588,Rlearner,0.927987267624338,0.0574402178289165,0.815406509415527,1.04056802583315
3588,intercept,1.16316864984938,0.0883835103913079,0.989936969482413,1.33640033021634
3588,AIPW,0.946832531043694,0.0495422851357888,0.849729652177548,1.04393540990984
3589,Tlearner,0.98847337764897,0.0612406844180941,0.868443841800922,1.10850291349702
3589,Rlearner,0.958637607297944,0.058859527539022,0.843275053174418,1.07400016142147
3589,intercept,1.13909135805315,0.0762305171412363,0.989679544456326,1.28850317164997
3589,AIPW,0.949441495972217,0.0538722203393466,0.843851944107098,1.05503104783734
3590,Tlearner,1.07370263657185,0.0639734266622506,0.948317024346228,1.19908824879748
3590,Rlearner,1.07268550331291,0.061355416063145,0.952431097572678,1.19293990905315
3590,intercept,1.16844589462379,0.0804376276618896,1.01078814440649,1.3261036448411
3590,AIPW,1.07382064074757,0.0608228057376518,0.954607941501769,1.19303333999336
3593,Tlearner,1.07804297449075,0.0602953376316032,0.959866284297123,1.19621966468437
3593,Rlearner,1.076922370886,0.060613055713993,0.958122964693653,1.19572177707835
3593,intercept,1.2928819067837,0.0849466559149297,1.12638646119044,1.45937735237696
3593,AIPW,1.07377755454028,0.0520181922225306,0.971821897784116,1.17573321129644
3594,Tlearner,0.871793782657472,0.061477296786099,0.751300495089838,0.992287070225106
3594,Rlearner,0.910002082736622,0.0634416780808879,0.785658678579297,1.03434548689395
3594,intercept,1.09929481148212,0.0919047564812683,0.919161488778837,1.27942813418541
3594,AIPW,1.02269483408857,0.111176276961079,0.804789331244854,1.24060033693228
3595,Tlearner,1.09074609310365,0.0578226549200594,0.977415771969845,1.20407641423745
3595,Rlearner,1.1350284768173,0.0568948061342265,1.02351670588683,1.24654024774778
3595,intercept,1.32144217312645,0.0762446712939213,1.17200261739037,1.47088172886254
3595,AIPW,1.1389766655813,0.0491418548001737,1.04265863017296,1.23529470098964
3596,Tlearner,1.01970015621346,0.0637844246387346,0.894684981146929,1.14471533127999
3596,Rlearner,1.03483460449024,0.0628657582046235,0.911619982548379,1.15804922643211
3596,intercept,1.11467947059071,0.0893234408880116,0.939605526450207,1.28975341473121
3596,AIPW,0.9542797123869,0.0849330144156453,0.787811004132235,1.12074842064156
3597,Tlearner,1.00486698617367,0.0637048784184836,0.880007718833935,1.1297262535134
3597,Rlearner,1.00739885555483,0.0561992779498547,0.897250294815954,1.1175474162937
3597,intercept,1.22411506499602,0.0732908210945811,1.08046505565064,1.3677650743414
3597,AIPW,0.958581302009211,0.0498075813476122,0.860958442567891,1.05620416145053
3598,Tlearner,1.08191041403442,0.0574799479814773,0.969251786157485,1.19456904191135
3598,Rlearner,1.07762638338699,0.057134065606695,0.965645672507517,1.18960709426646
3598,intercept,1.25730247991212,0.0799754200456919,1.10055065662256,1.41405430320167
3598,AIPW,1.09878002849552,0.0449311481496732,1.01071497812216,1.18684507886888
3599,Tlearner,1.07112066814877,0.0615608544657962,0.950463610538293,1.19177772575924
3599,Rlearner,1.11929217325157,0.0609342976342379,0.999863144465221,1.23872120203792
3599,intercept,1.3322514831549,0.0813822477481351,1.17274227756855,1.49176068874124
3599,AIPW,1.10285515648046,0.0499859852667018,1.00488262535772,1.2008276876032
3600,Tlearner,0.933141649112903,0.0692459041738132,0.797422170855317,1.06886112737049
3600,Rlearner,0.929090971963318,0.060452281235491,0.81060667795847,1.04757526596817
3600,intercept,1.22782617468487,0.0841444261095875,1.06290309951008,1.39274924985967
3600,AIPW,0.914369979724426,0.0534197150445362,0.809667338237135,1.01907262121172
3601,Tlearner,1.0954622030329,0.0621815476153903,0.973588609203771,1.21733579686203
3601,Rlearner,1.09476922698756,0.0572684080222209,0.982525209812058,1.20701324416305
3601,intercept,1.3328851047013,0.0812520052362197,1.17363117443831,1.49213903496429
3601,AIPW,1.11741117856103,0.0462981270975595,1.02666684944981,1.20815550767225
3602,Tlearner,1.04545721024871,0.0577096667630389,0.932348341833351,1.15856607866408
3602,Rlearner,1.07482310725255,0.0592508212274419,0.958693631592338,1.19095258291275
3602,intercept,1.17236828247455,0.0787173029237652,1.01808236874397,1.32665419620513
3602,AIPW,1.10199152906015,0.0458319189153564,1.01216096798605,1.19182209013424
3603,Tlearner,0.964609744136845,0.0631723800856655,0.840794154351265,1.08842533392242
3603,Rlearner,1.04526494924622,0.0598273845857378,0.928005430168951,1.1625244683235
3603,intercept,1.1646064267221,0.0783074963571117,1.01112373386216,1.31808911958204
3603,AIPW,1.10181372804112,0.0528990374942592,0.998131614552369,1.20549584152987
3604,Tlearner,0.938752368082451,0.0573504250785248,0.82634760043048,1.05115713573442
3604,Rlearner,0.980711270083547,0.0565029684920297,0.869967486819568,1.09145505334753
3604,intercept,1.08790029491512,0.0721217410181959,0.946541682519461,1.22925890731079
3604,AIPW,0.909854767216262,0.0753993786968873,0.762071984970363,1.05763754946216
3605,Tlearner,1.03916245708299,0.0631571439671836,0.915376729540897,1.16294818462508
3605,Rlearner,0.998589772259734,0.0625397529517788,0.876014108872215,1.12116543564725
3605,intercept,1.14799747063993,0.0839798032260615,0.983397056316854,1.31259788496302
3605,AIPW,0.987108911534635,0.0547360033657589,0.879826344937747,1.09439147813152
3606,Tlearner,1.04415195382156,0.0641538617801164,0.918412695263372,1.16989121237975
3606,Rlearner,1.0633987821719,0.0615781369460851,0.9427078515225,1.1840897128213
3606,intercept,1.30344424242022,0.0844274213483704,1.13796649657741,1.46892198826302
3606,AIPW,1.06398290981074,0.0487806329327534,0.968372869262541,1.15959295035893
3607,Tlearner,0.959257629590424,0.0631544972621308,0.835477089494915,1.08303816968593
3607,Rlearner,0.934014989325127,0.0596327616823626,0.817136924129037,1.05089305452122
3607,intercept,1.07091449734363,0.0849588398859126,0.904395171167241,1.23743382352002
3607,AIPW,0.902349102034389,0.0537071424895837,0.797083102754805,1.00761510131397
3608,Tlearner,0.965945215109089,0.0575503554187178,0.853148591190923,1.07874183902726
3608,Rlearner,0.963605290201282,0.0569069767421302,0.852069665317648,1.07514091508492
3608,intercept,1.09847135150952,0.0722276392027744,0.956905178672086,1.24003752434696
3608,AIPW,0.977383124748582,0.0471857496393452,0.884899055455465,1.0698671940417
3609,Tlearner,0.949569200979227,0.0587153505838919,0.834489228495156,1.0646491734633
3609,Rlearner,0.952526425720861,0.0569091017848324,0.840986635830065,1.06406621561166
3609,intercept,1.20967885345709,0.0728468023297208,1.06689912089084,1.35245858602334
3609,AIPW,0.966717868739884,0.0477476595775795,0.873132455967828,1.06030328151194
3610,Tlearner,1.06999009110723,0.0619056727579656,0.948657202062891,1.19132298015156
3610,Rlearner,1.01288231807775,0.061525003247833,0.892295527563284,1.13346910859221
3610,intercept,1.20367277857709,0.091344752500305,1.02463706367649,1.38270849347769
3610,AIPW,1.00367739247994,0.0516953384581854,0.902354529101901,1.10500025585799
3611,Tlearner,1.1121052179236,0.0615793533545011,0.991411903157517,1.23279853268969
3611,Rlearner,1.05524744676152,0.0614747738240006,0.934759104108729,1.1757357894143
3611,intercept,1.18997753981782,0.0855033648156892,1.02239094477907,1.35756413485657
3611,AIPW,1.10129555272934,0.0477911296493733,1.00762493861657,1.19496616684211
3612,Tlearner,1.04209372126361,0.0587737067989764,0.926899372699701,1.15728806982752
3612,Rlearner,1.10591501649679,0.0570758055799327,0.994048493171512,1.21778153982207
3612,intercept,1.29664208424894,0.0745726082383439,1.15047977210178,1.44280439639609
3612,AIPW,1.1090729311906,0.0447343219834713,1.021393660103,1.19675220227821
3613,Tlearner,1.04390698327071,0.0615579208433859,0.923255675454501,1.16455829108691
3613,Rlearner,1.04864144691585,0.0601347220056991,0.930779557564353,1.16650333626735
3613,intercept,1.2036519684943,0.0777687550075048,1.05122520867959,1.35607872830901
3613,AIPW,1.05788963343853,0.0505528809867461,0.958805986704506,1.15697328017255
3614,Tlearner,0.956482517975426,0.0648360814304051,0.829406133473126,1.08355890247773
3614,Rlearner,0.995595722596562,0.0624265374692015,0.873241957477387,1.11794948771574
3614,intercept,1.28388117633067,0.085017763052563,1.11724636074765,1.4505159919137
3614,AIPW,1.0178609110872,0.0493646055261261,0.921106284255991,1.11461553791841
3615,Tlearner,0.923940144142356,0.0606706144883784,0.80502792482522,1.04285236345949
3615,Rlearner,0.978301683964735,0.058389933841502,0.863859516575714,1.09274385135376
3615,intercept,1.0718056398905,0.0770651517133355,0.920757942532363,1.22285333724864
3615,AIPW,0.979306866075947,0.0439947067260502,0.893077240892888,1.065536491259
3616,Tlearner,0.937563440817723,0.0647866267561135,0.810583985695902,1.06454289593954
3616,Rlearner,0.913460106922461,0.0606142959506021,0.794658269911029,1.03226194393389
3616,intercept,1.04215956975503,0.0888040613369235,0.868103609534665,1.2162155299754
3616,AIPW,0.839912920735746,0.129829836219705,0.585446441745124,1.09437939972637
3617,Tlearner,1.02271088324993,0.0640972682460584,0.897082545980257,1.14833922051961
3617,Rlearner,1.00027662415922,0.0627621133813759,0.877265142338105,1.12328810598034
3617,intercept,1.20003388629795,0.0928857154545893,1.01797788400696,1.38208988858894
3617,AIPW,1.02329120601529,0.0670518322232244,0.89186961485777,1.15471279717281
3618,Tlearner,1.06999358910143,0.0577163597958193,0.956871602582866,1.18311557561999
3618,Rlearner,1.07969127084953,0.0551374527095995,0.971623849339432,1.18775869235962
3618,intercept,1.27271285525506,0.0714969633760126,1.13257880703807,1.41284690347204
3618,AIPW,1.11909009215194,0.0441039050860629,1.03264643818326,1.20553374612063
3619,Tlearner,0.920929079257785,0.05820047145505,0.806858251322635,1.03499990719293
3619,Rlearner,0.929295915373493,0.0566809069519118,0.81820337913668,1.04038845161031
3619,intercept,1.05623518126105,0.0751531342287489,0.908935038172699,1.20353532434939
3619,AIPW,0.961042486328775,0.0526707871274103,0.857807743559051,1.0642772290985
3620,Tlearner,0.970335228309763,0.0612054943543002,0.850374663719366,1.09029579290016
3620,Rlearner,1.0041476413429,0.0604650210574801,0.88563837774578,1.12265690494001
3620,intercept,1.1267498406724,0.0841591227655783,0.961797960051862,1.29170172129293
3620,AIPW,0.983586068396863,0.0459915152314424,0.893442698543235,1.07372943825049
3622,Tlearner,0.958005804900674,0.065144377703011,0.830325170807498,1.08568643899385
3622,Rlearner,0.927075869355707,0.0576459954836624,0.81409179435477,1.04005994435664
3622,intercept,1.10782981946852,0.0792177225430356,0.952563083284173,1.26309655565287
3622,AIPW,0.973200502888702,0.0455167579472254,0.883987657312141,1.06241334846526
3623,Tlearner,1.10275747511978,0.0622344684884847,0.980780158285359,1.2247347919542
3623,Rlearner,1.05392112015792,0.0622928524937072,0.931829372775989,1.17601286753985
3623,intercept,1.25199315388384,0.0886905512264743,1.07815967347995,1.42582663428773
3623,AIPW,1.0810217663321,0.0505859260059389,0.981873351360462,1.18017018130374
3624,Tlearner,0.950590575071566,0.0644637018933891,0.824244041050397,1.07693710909274
3624,Rlearner,0.970902124098893,0.0616062177597513,0.850156156066048,1.09164809213174
3624,intercept,1.22360720165194,0.079474814165091,1.06783656588836,1.37937783741552
3624,AIPW,0.970182233886427,0.0481453611433356,0.875817326045489,1.06454714172736
3625,Tlearner,0.983545056730924,0.0642620309411477,0.857593790512876,1.10949632294897
3625,Rlearner,0.946694603230114,0.0612438885131545,0.826658787471145,1.06673041898908
3625,intercept,1.02418497787206,0.0815863292823691,0.864275772478619,1.18409418326551
3625,AIPW,0.925736506856724,0.0485935756903257,0.830493098503686,1.02097991520976
3626,Tlearner,0.998310285374429,0.0607327861424754,0.879276211854404,1.11734435889445
3626,Rlearner,1.01084278165401,0.0603675884088898,0.892524482539043,1.12916108076897
3626,intercept,1.14171966415594,0.0752124097111604,0.994303341122065,1.28913598718981
3626,AIPW,1.0156399207583,0.0449288991868374,0.927579278352098,1.1037005631645
3627,Tlearner,0.925982048195396,0.062997152071629,0.802509899006411,1.04945419738438
3627,Rlearner,0.96862274302647,0.0602266791066992,0.850580621068888,1.08666486498405
3627,intercept,1.12122393409876,0.0765123733954409,0.971259682243695,1.27118818595382
3627,AIPW,1.06527236990854,0.0986480887178811,0.871922116021494,1.25862262379559
3628,Tlearner,1.13730912702051,0.066742040682127,1.00649713102884,1.26812112301219
3628,Rlearner,1.07241041416656,0.0566481180161988,0.961382143062832,1.18343868527028
3628,intercept,1.20718257603848,0.072269836694981,1.06553369611632,1.34883145596065
3628,AIPW,1.02982001293424,0.0535883527347396,0.92478684157415,1.13485318429433
3629,Tlearner,0.772640123160171,0.0941416305237041,0.588125917887834,0.957154328432507
3629,Rlearner,1.01432430225653,0.055488399328834,0.905569038012237,1.12307956650082
3629,intercept,1.18243169441508,0.066244374564371,1.05259272026892,1.31227066856125
3629,AIPW,0.984726123940547,0.0473604409982015,0.891899659584072,1.07755258829702
3630,Tlearner,1.00372721312976,0.0641869966680939,0.877923011384503,1.12953141487502
3630,Rlearner,1.04254432509363,0.0605168551155759,0.923933468609475,1.16115518157779
3630,intercept,1.26953828469344,0.0840914113681851,1.1047191184118,1.43435745097508
3630,AIPW,1.04855362639737,0.0527261875117893,0.945210298874261,1.15189695392048
3631,Tlearner,1.04191421098085,0.0656037217371087,0.913333279124332,1.17049514283737
3631,Rlearner,1.04907541252812,0.0590126556943002,0.933412732735232,1.16473809232101
3631,intercept,1.29366429242317,0.089407675979183,1.11842524750397,1.46890333734236
3631,AIPW,1.07303721379111,0.0496704988779874,0.975683035990256,1.17039139159197
3632,Tlearner,1.03877855814409,0.0643910045707174,0.912574508257134,1.16498260803105
3632,Rlearner,1.02975205814122,0.0605608474688971,0.911054978228955,1.14844913805348
3632,intercept,1.20535247734597,0.0876274985482326,1.03360258019143,1.3771023745005
3632,AIPW,0.995487487334188,0.0440453855256907,0.909158531703834,1.08181644296454
3633,Tlearner,1.03867255134005,0.063477153485802,0.914259616666758,1.16308548601334
3633,Rlearner,1.00582527891012,0.0607923905436701,0.886674382910431,1.1249761749098
3633,intercept,1.16202822780327,0.0823526622305389,1.00061700983141,1.32343944577513
3633,AIPW,0.989358173263893,0.0659269453641973,0.860141360350066,1.11857498617772
3634,Tlearner,1.88645294233672,0.429788338654287,1.04408327759901,2.72882260707442
3634,Rlearner,1.08469468234177,0.0590635119734898,0.968932326073281,1.20045703861026
3634,intercept,1.27283533307346,0.0744869671958307,1.12684087736963,1.41882978877729
3634,AIPW,1.06066500263852,0.0701386157545697,0.923193315759564,1.19813668951748
3635,Tlearner,0.966424832985281,0.0590542662775799,0.850680597947787,1.08216906802278
3635,Rlearner,0.950575638232374,0.0546707520229043,0.843422933259762,1.05772834320499
3635,intercept,1.08326962847784,0.0791488694682779,0.928137844320014,1.23840141263566
3635,AIPW,0.916077442333905,0.0550782267439375,0.808124117915788,1.02403076675202
3636,Tlearner,1.04359240784246,0.0597461421032225,0.926492121104936,1.16069269457999
3636,Rlearner,0.989514595098347,0.0572876963829907,0.87723277343042,1.10179641676627
3636,intercept,1.08515398944782,0.0708693748788006,0.946250014685375,1.22405796421027
3636,AIPW,0.987373418603416,0.0531620912316329,0.883175719789415,1.09157111741742
3637,Tlearner,0.945168906462324,0.0680967997702909,0.811701631450119,1.07863618147453
3637,Rlearner,1.03296138863073,0.0606305999972971,0.914127596274971,1.15179518098648
3637,intercept,1.1554676069315,0.0771016970888152,1.00434828063743,1.30658693322558
3637,AIPW,0.994468043770708,0.0525357086957432,0.891498054727051,1.09743803281436
3638,Tlearner,1.09960642936607,0.0601671386363565,0.981681004585987,1.21753185414616
3638,Rlearner,1.15442913774532,0.0568305463295584,1.04304331371765,1.26581496177299
3638,intercept,1.32583018326668,0.0726285757773555,1.18347817474306,1.4681821917903
3638,AIPW,0.916207247943906,0.289256146551387,0.349265200703188,1.48314929518462
3639,Tlearner,1.11823221605164,0.0642014232977572,0.992399738631821,1.24406469347145
3639,Rlearner,1.18557529556715,0.0602346878746062,1.06751747671291,1.30363311442139
3639,intercept,1.35789120477734,0.0760290577651007,1.20887425155774,1.50690815799694
3639,AIPW,1.26322090725916,0.0581600626168913,1.14922718453005,1.37721462998827
3640,Tlearner,1.10545962997667,0.0610500315716749,0.98580376684115,1.22511549311218
3640,Rlearner,1.0730572976481,0.059912946603049,0.955630080098453,1.19048451519775
3640,intercept,1.26003628763469,0.0882743994181251,1.08701846477516,1.43305411049421
3640,AIPW,1.10809577794709,0.0495686912891817,1.0109411430203,1.20525041287389
3641,Tlearner,1.02751735822574,0.0630604474804658,0.903921152315045,1.15111356413643
3641,Rlearner,1.06397060105168,0.0577428056714462,0.950796781569347,1.17714442053401
3641,intercept,1.14099993848388,0.0774281703276334,0.989240724641716,1.29275915232604
3641,AIPW,1.01957019582626,0.0475916011801495,0.926290657513166,1.11284973413935
3642,Tlearner,1.0011715507646,0.0612373115919582,0.881148625534305,1.1211944759949
3642,Rlearner,1.03048741393061,0.0606635295795722,0.911589080779571,1.14938574708165
3642,intercept,1.1672867109812,0.081540933937794,1.00746648046312,1.32710694149928
3642,AIPW,1.00606648319406,0.0503948012623112,0.907292672719935,1.10484029366819
3643,Tlearner,0.943293473138984,0.0603716829412482,0.824967148888067,1.0616197973899
3643,Rlearner,0.997858811785425,0.0604633075306634,0.879352906639155,1.11636471693169
3643,intercept,1.08059434892244,0.0819940242247831,0.919886061441869,1.24130263640302
3643,AIPW,0.986306328602833,0.0450173227726799,0.89807237596838,1.07454028123729
3644,Tlearner,0.953857837430536,0.0625837530274963,0.831195935479294,1.07651973938178
3644,Rlearner,0.946625291572507,0.0616180123332736,0.825856206600346,1.06739437654467
3644,intercept,1.0528479902291,0.080166769891421,0.895721121241916,1.20997485921629
3644,AIPW,0.959495891159454,0.0506973970341553,0.86012899297251,1.0588627893464
3645,Tlearner,1.0650237943764,0.0607896795379341,0.94587821185032,1.18416937690248
3645,Rlearner,1.04496488143244,0.0606834927919292,0.926027421104168,1.16390234176072
3645,intercept,1.22065896512231,0.0828838329011904,1.05820665263597,1.38311127760864
3645,AIPW,1.02889717981838,0.055254173838663,0.920598999094605,1.13719536054216
3646,Tlearner,0.959979603444687,0.0633106710743941,0.835892968301813,1.08406623858756
3646,Rlearner,0.988097179552388,0.0565950114044558,0.877172995495021,1.09902136360975
3646,intercept,1.12068563486926,0.0669433632083179,0.989476642980961,1.25189462675757
3646,AIPW,0.967941580230402,0.050654568944185,0.8686586250998,1.067224535361
3647,Tlearner,1.00318445979052,0.0623004361569144,0.881077848701833,1.12529107087921
3647,Rlearner,0.996472848886539,0.0605612718223929,0.877774937256709,1.11517076051637
3647,intercept,1.18438921801514,0.0822897209454741,1.02310136496201,1.34567707106827
3647,AIPW,0.946097308336823,0.0910812319939729,0.767578093628636,1.12461652304501
3648,Tlearner,1.08025841210507,0.0620558572536167,0.958631166858226,1.20188565735192
3648,Rlearner,1.11920076000564,0.0579342013171844,1.00565181195087,1.23274970806042
3648,intercept,1.18888887575302,0.0738978972273742,1.04404899718737,1.33372875431867
3648,AIPW,1.12217815133157,0.043682301875675,1.03656083965525,1.20779546300789
3649,Tlearner,0.890521607435562,0.0611019159914178,0.770764052705991,1.01027916216513
3649,Rlearner,0.907712864995257,0.0620918859794243,0.786015004743418,1.0294107252471
3649,intercept,1.02406363463812,0.0780944029793222,0.870998604798645,1.17712866447759
3649,AIPW,0.97753329915714,0.0768882232872741,0.826832381514082,1.1282342168002
3650,Tlearner,0.911124362663527,0.148754479291732,0.619570940712723,1.20267778461433
3650,Rlearner,0.933194835101785,0.055454199574374,0.824506601144516,1.04188306905905
3650,intercept,1.10795467589491,0.0732492921074914,0.964386063364224,1.25152328842559
3650,AIPW,0.903154183774052,0.0482964154992921,0.808493209395439,0.997815158152664
3651,Tlearner,1.04795270318896,0.0613621164194042,0.927685164991773,1.16822024138615
3651,Rlearner,1.06091309235505,0.0576972983797441,0.947828465525494,1.17399771918461
3651,intercept,1.21125255576311,0.0843896171661238,1.04584890611751,1.37665620540871
3651,AIPW,1.03531611838643,0.0525109356911139,0.932394684431842,1.13823755234101
3652,Tlearner,0.938457807760875,0.0615401335693795,0.817841362361107,1.05907425316064
3652,Rlearner,1.01187949317444,0.0594144111576507,0.895429387142788,1.12832959920609
3652,intercept,1.22801290095063,0.0797251079168031,1.0717516894337,1.38427411246757
3652,AIPW,0.950811294042137,0.05749541780834,0.838120275137791,1.06350231294648
3653,Tlearner,1.04969783549762,0.0603570864018018,0.931400119938312,1.16799555105692
3653,Rlearner,1.00211228904763,0.0550866557477272,0.894144427753325,1.11008015034193
3653,intercept,1.15332251877864,0.0751506387797298,1.00602726677037,1.30061777078691
3653,AIPW,0.985856969740107,0.0714537730654538,0.845807574531817,1.1259063649484
3654,Tlearner,1.00181896524743,0.0686579604478047,0.867251835517756,1.1363860949771
3654,Rlearner,0.986004021531627,0.0605357208708297,0.867356188846631,1.10465185421662
3654,intercept,1.09501818383497,0.0789976680559548,0.940182754445295,1.24985361322464
3654,AIPW,1.05198820645415,0.0758274679306342,0.903366369310103,1.20061004359819
3655,Tlearner,0.889536024479626,0.0610174888108284,0.769943943983327,1.00912810497593
3655,Rlearner,0.933331932966157,0.060172149936002,0.815396686219249,1.05126717971307
3655,intercept,1.16518521707965,0.0822764746940406,1.00392332667933,1.32644710747997
3655,AIPW,0.927019477081256,0.0633553566947544,0.802842977959537,1.05119597620297
3657,Tlearner,0.917063248286268,0.062435786560245,0.794691355281758,1.03943514129078
3657,Rlearner,0.89444629952213,0.0540679327082319,0.78847509869546,1.0004175003488
3657,intercept,1.16286064418486,0.0726853188149316,1.0203974193076,1.30532386906213
3657,AIPW,0.919096393467562,0.0433097979819425,0.834209189422955,1.00398359751217
3658,Tlearner,1.05409396399088,0.0608496802697733,0.934830782191343,1.17335714579041
3658,Rlearner,1.07226247681222,0.0592760519635749,0.956083549817892,1.18844140380656
3658,intercept,1.22424259599882,0.0769990115332514,1.07332453339364,1.37516065860399
3658,AIPW,1.07641677983467,0.0415597346913565,0.994959699839613,1.15787385982973
3659,Tlearner,0.965869151419746,0.0641026492474138,0.840230267581211,1.09150803525828
3659,Rlearner,1.00938482156987,0.0614902578387968,0.888866130805745,1.12990351233399
3659,intercept,1.15338399426856,0.0827829460348458,0.991129420040257,1.31563856849685
3659,AIPW,1.06879995721566,0.0778862335044554,0.916142939546924,1.22145697488439
3660,Tlearner,1.04337682422874,0.0596218016748705,0.926520240252601,1.16023340820487
3660,Rlearner,1.08047480262338,0.0535799497069411,0.975460030904313,1.18548957434246
3660,intercept,1.25699257887666,0.0802996705677134,1.09960522456394,1.41437993318938
3660,AIPW,1.35157032014042,0.29937782245217,0.764789788134166,1.93835085214667
3661,Tlearner,0.954722144061254,0.0602454845903207,0.836643164033063,1.07280112408945
3661,Rlearner,0.991407110301296,0.0612039586834542,0.871449555570448,1.11136466503214
3661,intercept,1.11338978828276,0.0802213648370015,0.956155913202235,1.27062366336328
3661,AIPW,1.00813214001727,0.075727011613575,0.859707197254664,1.15655708277988
3663,Tlearner,0.9858454489283,0.0659009191360214,0.856682020873611,1.11500887698299
3663,Rlearner,1.04971710041845,0.0606994544259796,0.930748355862297,1.1686858449746
3663,intercept,1.25916066288476,0.07773617083375,1.10679776805061,1.41152355771891
3663,AIPW,1.05798783909405,0.0505431109698399,0.958923341593161,1.15705233659493
3664,Tlearner,0.979684611843183,0.0625602357358526,0.857068802936577,1.10230042074979
3664,Rlearner,1.00653198099779,0.0590644796059128,0.8907677282046,1.12229623379098
3664,intercept,1.14680676312144,0.0821871911149213,0.985719868536192,1.30789365770668
3664,AIPW,1.0107606648292,0.0502647195328869,0.912241814544745,1.10927951511366
3665,Tlearner,1.00869449068377,0.0588053538516942,0.893438115036316,1.12395086633122
3665,Rlearner,0.969271115112544,0.0573438837928605,0.856879168144887,1.0816630620802
3665,intercept,1.24755357986335,0.0773088056715028,1.0960283207472,1.39907883897949
3665,AIPW,1.03584748298741,0.0553520927790399,0.927357381140496,1.14433758483433
3666,Tlearner,1.0208372691256,0.0644536159217423,0.894510503245609,1.14716403500559
3666,Rlearner,1.07410379418552,0.0573668300074449,0.961666873463701,1.18654071490735
3666,intercept,1.28398474939242,0.0711475761430902,1.14453550015197,1.42343399863288
3666,AIPW,1.06435213265771,0.0429373694968185,0.98019488844395,1.14850937687148
3667,Tlearner,1.04078436449849,0.0583030765384577,0.926512434295228,1.15505629470175
3667,Rlearner,1.07771356871486,0.0574482627117729,0.965117042825389,1.19031009460433
3667,intercept,1.17394117417069,0.0822894175099544,1.01265391585118,1.3352284324902
3667,AIPW,1.06480751331263,0.0464728329230889,0.973720760783373,1.15589426584188
3668,Tlearner,0.954061877121716,0.0587196874054045,0.838973404623673,1.06915034961976
3668,Rlearner,0.93720143324672,0.0606618638718175,0.818306364822887,1.05609650167055
3668,intercept,1.10876190719572,0.082350001693979,0.947355903875518,1.27016791051592
3668,AIPW,0.941640938666111,0.0811703945625782,0.782546965323458,1.10073491200876
3669,Tlearner,0.885218757241597,0.0619082105356882,0.763880894244325,1.00655662023887
3669,Rlearner,0.953349991139082,0.0594473047959433,0.836835414761058,1.06986456751711
3669,intercept,1.09908913447227,0.0847441521248086,0.932990596307646,1.2651876726369
3669,AIPW,0.955116363634559,0.0622751088520271,0.833057150284586,1.07717557698453
3670,Tlearner,1.08204234208851,0.057610920147221,0.969127013483746,1.19495767069328
3670,Rlearner,1.12790073241726,0.0543468385483633,1.02138288618885,1.23441857864566
3670,intercept,1.30853389483738,0.0685142089060078,1.1742460453816,1.44282174429315
3670,AIPW,1.12266858429757,0.0594019006728221,1.00624085897884,1.2390963096163
3671,Tlearner,0.936310150889053,0.0637185537583823,0.811424080375644,1.06119622140246
3671,Rlearner,0.943800658258434,0.0571967806997013,0.831697028055383,1.05590428846148
3671,intercept,1.13972435030706,0.0790533401642306,0.984779803585164,1.29466889702895
3671,AIPW,0.912883169690944,0.0599428984681127,0.795395088693443,1.03037125068844
3672,Tlearner,0.965025482634755,0.0616019531459032,0.84428787309146,1.08576309217805
3672,Rlearner,0.949138237285973,0.0571279498151022,0.837169513137761,1.06110696143418
3672,intercept,1.09063351294874,0.0790389228407098,0.935717224180949,1.24554980171653
3672,AIPW,0.970970395824437,0.0449086084985943,0.882949523167192,1.05899126848168
3673,Tlearner,0.968684629052134,0.0612016788855109,0.848731542643147,1.08863771546112
3673,Rlearner,0.917692551197412,0.0618797634996469,0.796410443366248,1.03897465902858
3673,intercept,1.09219643675966,0.0821866721173235,0.931110559409707,1.25328231410961
3673,AIPW,0.924277339158958,0.0529316355894756,0.820531333403586,1.02802334491433
3674,Tlearner,0.949226479781116,0.0593829793434495,0.832837978973269,1.06561498058896
3674,Rlearner,0.941012014616511,0.0586911385098531,0.825979496925547,1.05604453230747
3674,intercept,1.07146025374386,0.0794774649507856,0.915684422440318,1.2272360850474
3674,AIPW,0.953889706406558,0.0550604862552082,0.84597115334635,1.06180825946677
3675,Tlearner,0.990051408794019,0.0616715871738033,0.869177319063942,1.1109254985241
3675,Rlearner,1.04223610543016,0.0552715337812329,0.933905889848654,1.15056632101167
3675,intercept,1.20617865017341,0.0735592900310565,1.06200244171254,1.35035485863428
3675,AIPW,1.04193293756391,0.047008924846734,0.94979544486431,1.13407043026351
3676,Tlearner,0.999680425899525,0.0660196412797742,0.870284306718914,1.12907654508014
3676,Rlearner,1.01770133255679,0.0609978158222812,0.898147810409507,1.13725485470406
3676,intercept,1.19054592607874,0.0811397978902374,1.03151192221388,1.34957992994361
3676,AIPW,1.03941016320197,0.0629577679381391,0.916012938043213,1.16280738836072
3677,Tlearner,0.946390007052066,0.0597968029549098,0.829190426869805,1.06358958723433
3677,Rlearner,0.945578484865927,0.0599558473823885,0.828067183333865,1.06308978639799
3677,intercept,1.09720821293865,0.0775716748192005,0.945167730293013,1.24924869558428
3677,AIPW,0.957956061787336,0.0557672757568878,0.848652201303836,1.06725992227084
3678,Tlearner,0.98467676070993,0.0582190120569544,0.870569593862796,1.09878392755706
3678,Rlearner,0.961392791404561,0.0563928395172407,0.850864856964822,1.0719207258443
3678,intercept,1.13774667504374,0.0730648127034443,0.994539642144994,1.2809537079425
3678,AIPW,1.01023574940444,0.045809788384912,0.920448564170009,1.10002293463886
3679,Tlearner,0.942563381454152,0.0618453992099957,0.821348626393059,1.06377813651525
3679,Rlearner,0.972369537952911,0.0634622203544539,0.847985871679236,1.09675320422659
3679,intercept,1.07716973772213,0.0829489321414978,0.914589830724797,1.23974964471947
3679,AIPW,0.971119851999715,0.0448432932597913,0.883226997210524,1.05901270678891
3680,Tlearner,1.05816152818979,0.0581431574887961,0.94420303356431,1.17212002281527
3680,Rlearner,1.04882139304235,0.059726105262008,0.931760377791969,1.16588240829274
3680,intercept,1.19167635370846,0.0752251124059712,1.04423513339276,1.33911757402417
3680,AIPW,1.15572236065957,0.0746115293605747,1.00948376311284,1.30196095820629
3681,Tlearner,0.98426286706499,0.0621264633628298,0.862497236386997,1.10602849774298
3681,Rlearner,1.02606606878031,0.0637896233584436,0.901040704410385,1.15109143315023
3681,intercept,1.14690137488072,0.0868403881174733,0.976694214170469,1.31710853559096
3681,AIPW,0.939882378082175,0.0742001569960849,0.794450070369848,1.0853146857945
3682,Tlearner,1.0175221848888,0.0643133465376102,0.891470341949835,1.14357402782776
3682,Rlearner,1.02515488550978,0.0604733160434506,0.906629364038909,1.14368040698065
3682,intercept,1.23913328604129,0.079060896888545,1.08417392813974,1.39409264394284
3682,AIPW,1.00690520052515,0.0540854435914882,0.900897731085833,1.11291266996447
3683,Tlearner,1.04157936887071,0.0593451373521997,0.925265037002811,1.1578937007386
3683,Rlearner,1.10138521522888,0.058484817759838,0.986757078777213,1.21601335168055
3683,intercept,1.15009898394254,0.0819040644823426,0.989567017557148,1.31063095032793
3683,AIPW,1.04061105563803,0.12577324893218,0.794095487730958,1.28712662354511
3684,Tlearner,1.04455277595103,0.0601450511511151,0.926670641846521,1.16243491005553
3684,Rlearner,1.0890580379692,0.057990859344463,0.975398042221522,1.20271803371687
3684,intercept,1.27748306010423,0.0793863256496212,1.12188586183098,1.43308025837749
3684,AIPW,1.08134027161287,0.0490653263546393,0.985172231957776,1.17750831126796
3685,Tlearner,1.0999641866667,0.0615740102087558,0.979281344273833,1.22064702905956
3685,Rlearner,1.0886716951535,0.0625177093506721,0.966139236430241,1.21120415387676
3685,intercept,1.2721082815224,0.0801728513829401,1.11496949281184,1.42924707023296
3685,AIPW,1.13931044125183,0.0499038388506016,1.04149891710465,1.23712196539901
3686,Tlearner,0.951749982475619,0.122222892904937,0.712197514295646,1.19130245065559
3686,Rlearner,0.846855868225331,0.0603195357265516,0.728631750637112,0.965079985813549
3686,intercept,1.09669962452776,0.0749456242271858,0.949806201042472,1.24359304801304
3686,AIPW,0.847407622886049,0.0467933906659653,0.755692577180757,0.939122668591341
3687,Tlearner,0.99190715226211,0.0628421029417641,0.868738893783494,1.11507541074073
3687,Rlearner,0.979834009091865,0.0553672429764087,0.871316206934826,1.0883518112489
3687,intercept,1.10789759227111,0.0723141448608412,0.966161868343857,1.24963331619835
3687,AIPW,1.01424504218045,0.066844740008771,0.883229351763254,1.14526073259764
3688,Tlearner,1.09809416810882,0.0580556806398111,0.984307124956834,1.21188121126081
3688,Rlearner,1.06235225927552,0.0616721147935426,0.941477135429752,1.18322738312128
3688,intercept,1.27073262082214,0.0765823733687711,1.12063116901935,1.42083407262493
3688,AIPW,1.05103409223578,0.117752638039276,0.820238921678794,1.28182926279276
3689,Tlearner,1.16841555218167,0.0638292073029224,1.0433126047062,1.29351849965714
3689,Rlearner,1.1614591031508,0.0623352420270406,1.03928427381022,1.28363393249139
3689,intercept,1.25559440497132,0.0799709100850811,1.09885142120456,1.41233738873808
3689,AIPW,1.17119272610031,0.0468156839173521,1.0794339856223,1.26295146657832
3690,Tlearner,1.00016039830763,0.0616749821051978,0.879279654634291,1.12104114198097
3690,Rlearner,1.01700203754852,0.0634996696740134,0.892544971957266,1.14145910313978
3690,intercept,1.09770594036006,0.0914549299335987,0.918454277690209,1.27695760302992
3690,AIPW,1.0244514537566,0.0517977916615234,0.922927782100016,1.12597512541319
3691,Tlearner,1.1118794817885,0.0632069605945254,0.987996115450984,1.23576284812601
3691,Rlearner,1.1107315239666,0.0592422760841213,0.994618796479544,1.22684425145366
3691,intercept,1.29159008106289,0.0833894089305203,1.12814683955907,1.45503332256671
3691,AIPW,1.10803754925792,0.0482939424488889,1.0133814220581,1.20269367645774
3692,Tlearner,0.940471962771591,0.0569803630856808,0.828792503297641,1.05215142224554
3692,Rlearner,0.934124190901325,0.0558603017970035,0.82464001121366,1.04360837058899
3692,intercept,1.02334738581181,0.0766429504773446,0.873127202876218,1.17356756874741
3692,AIPW,0.846139602749425,0.104458475324901,0.641400991112618,1.05087821438623
3693,Tlearner,1.05801509933097,0.0638145193784578,0.932940939658456,1.18308925900348
3693,Rlearner,1.12381367522175,0.0609505286273597,1.00435283427344,1.24327451617005
3693,intercept,1.32273273697127,0.0802420485756971,1.1654583217629,1.48000715217963
3693,AIPW,1.12101128624093,0.0474419529301672,1.02802505849781,1.21399751398406
3694,Tlearner,0.973106121208206,0.0606227479366046,0.854287718608611,1.0919245238078
3694,Rlearner,0.967357382791083,0.0578878275630024,0.853899325624333,1.08081543995783
3694,intercept,1.16970757654853,0.0772035212917629,1.01838867481668,1.32102647828039
3694,AIPW,0.99171432625022,0.0515710597377633,0.890635049164204,1.09279360333624
3695,Tlearner,0.933977958263017,0.0607480490350612,0.814913970023224,1.05304194650281
3695,Rlearner,0.964008195849221,0.0566631299560152,0.852950501884118,1.07506588981432
3695,intercept,1.13462331853937,0.0770096988536857,0.983684308786145,1.28556232829259
3695,AIPW,0.940989235626197,0.0425576832912795,0.857576176375289,1.0244022948771
3696,Tlearner,1.03134320910507,0.0583663522721857,0.916947260742604,1.14573915746753
3696,Rlearner,1.07634442687576,0.0543506486396637,0.96981911300563,1.18286974074589
3696,intercept,1.13245709696666,0.0755529643586292,0.984373286823748,1.28054090710958
3696,AIPW,1.08183295226715,0.08001812024129,0.924997436594218,1.23866846794007
3697,Tlearner,1.03741100753429,0.0597038935775187,0.920393526385537,1.15442848868303
3697,Rlearner,1.04342979437231,0.0589895241873316,0.927812451499984,1.15904713724463
3697,intercept,1.10818745680682,0.0753123002120742,0.96057534839115,1.25579956522248
3697,AIPW,1.07333252667751,0.0486246613844337,0.978028190364016,1.168636862991
3698,Tlearner,0.94943595438328,0.0629165107906465,0.826121859200687,1.07275004956587
3698,Rlearner,0.963626936874406,0.057650591719564,0.850633853416638,1.07662002033217
3698,intercept,1.05925447805256,0.0840826778628098,0.89445242944145,1.22405652666366
3698,AIPW,0.896046437972322,0.0757858387194028,0.747506194082292,1.04458668186235
3699,Tlearner,1.06301240051472,0.0598766033135539,0.945656414503564,1.18036838652588
3699,Rlearner,1.0796117360419,0.0572304832953495,0.967442049965189,1.1917814221186
3699,intercept,1.25780542298191,0.0804133338791679,1.10019528857874,1.41541555738508
3699,AIPW,1.0371906498315,0.076139767605713,0.887956705324307,1.1864245943387
3700,Tlearner,0.937676380865624,0.0621753670743659,0.815814900674309,1.05953786105694
3700,Rlearner,1.01935473307447,0.0604557953864564,0.900863551460298,1.13784591468865
3700,intercept,1.09979672660596,0.0857205151497338,0.931784516912479,1.26780893629944
3700,AIPW,1.00940957310034,0.0604140289108111,0.890998076435146,1.12782106976553
3701,Tlearner,0.979836558278276,0.065030113086049,0.852379878719053,1.1072932378375
3701,Rlearner,0.987360300980419,0.0587576581345786,0.872197407220728,1.10252319474011
3701,intercept,1.11837880912157,0.082813451552361,0.956064444078945,1.2806931741642
3701,AIPW,0.937431599115268,0.0610758323030862,0.817722967801219,1.05714023042932
3702,Tlearner,0.919294998950997,0.060940454578713,0.799853902775221,1.03873609512677
3702,Rlearner,0.946283235388159,0.0564291809771166,0.835684072995917,1.0568823977804
3702,intercept,0.988897027352462,0.0736489490532672,0.844545087208059,1.13324896749687
3702,AIPW,0.894389582970295,0.0438337997431295,0.808475335473761,0.980303830466829
3704,Tlearner,1.08566563996881,0.0730909210476561,0.942410067118546,1.22892121281908
3704,Rlearner,1.10426295042011,0.0605803321704784,0.985527681194502,1.22299821964572
3704,intercept,1.24316285375472,0.0780659885901996,1.09015351611793,1.39617219139152
3704,AIPW,1.01472278488014,0.0581095663462211,0.900828034841545,1.12861753491873
3705,Tlearner,0.879484999093761,0.0626632912329322,0.756667205124469,1.00230279306305
3705,Rlearner,0.87256933858969,0.058329230702378,0.758246147167101,0.986892530012279
3705,intercept,1.01002159963125,0.0803163184255825,0.852601615517111,1.16744158374539
3705,AIPW,0.862911439291242,0.0580626029223927,0.749108737563352,0.976714141019131
3706,Tlearner,1.04714336923312,0.0609078043858938,0.927766266259362,1.16652047220689
3706,Rlearner,1.02705663795317,0.0610846648115305,0.907332894914867,1.14678038099147
3706,intercept,1.22949625307275,0.0792654937363751,1.07413588534945,1.38485662079604
3706,AIPW,0.996882343079196,0.0504803321458889,0.897940892073254,1.09582379408514
3707,Tlearner,0.897067815487828,0.0611990945874288,0.777119794210008,1.01701583676565
3707,Rlearner,0.927511349272143,0.063645487817677,0.802768485371014,1.05225421317327
3707,intercept,1.08920136781384,0.0846153548729514,0.923355272262854,1.25504746336482
3707,AIPW,0.927948931273697,0.0449421670430644,0.839862283869291,1.0160355786781
3708,Tlearner,0.953861203865829,0.0642892423095938,0.827856604345656,1.079865803386
3708,Rlearner,0.966055449732489,0.0577658010003333,0.852836560233728,1.07927433923125
3708,intercept,1.13842557604243,0.0798472998182034,0.981924868398754,1.29492628368611
3708,AIPW,1.02869311761864,0.130515975007429,0.772881806604084,1.2845044286332
3709,Tlearner,0.990497668266766,0.065135398065956,0.862834633938813,1.11816070259472
3709,Rlearner,1.00781073961469,0.0589816751236338,0.892208780624521,1.12341269860485
3709,intercept,1.26085132339945,0.0844749645316996,1.09528039291732,1.42642225388158
3709,AIPW,1.03117313840728,0.0461483550337315,0.940722362541165,1.12162391427339
3711,Tlearner,0.982777244355374,0.0606903820576841,0.863826281314338,1.10172820739641
3711,Rlearner,0.956841493190416,0.0576639068473178,0.8438223125618,1.06986067381903
3711,intercept,1.08674716223358,0.0786915294771907,0.932511764458286,1.24098256000887
3711,AIPW,0.941224739035138,0.0539641363145904,0.835455031858541,1.04699444621174
3712,Tlearner,0.944603017365299,0.0587344523475619,0.829485606112394,1.0597204286182
3712,Rlearner,0.962463491016352,0.057330707439719,0.8500973692263,1.0748296128064
3712,intercept,1.08994253026228,0.0781358184316852,0.936796326136175,1.24308873438838
3712,AIPW,0.9572207529793,0.0455137998789855,0.868013705216488,1.04642780074211
3713,Tlearner,1.02203346393877,0.0589903571694196,0.906414488451558,1.13765243942599
3713,Rlearner,1.03440699370376,0.0536719122472493,0.929211978717753,1.13960200868976
3713,intercept,1.22067819090734,0.0712817884254154,1.08096588559352,1.36039049622115
3713,AIPW,0.990808899455729,0.0523400627599322,0.888222376446262,1.0933954224652
3714,Tlearner,0.923106152305689,0.0649291752907485,0.795847307189934,1.05036499742144
3714,Rlearner,0.915019192933392,0.0595483247970663,0.798306620991448,1.03173176487533
3714,intercept,0.994812864465842,0.0779306728022862,0.842068745773361,1.14755698315832
3714,AIPW,0.838705447973053,0.0764081999107413,0.688945376148,0.988465519798106
3715,Tlearner,1.01681989317098,0.0621291589524308,0.89504897923445,1.13859080710751
3715,Rlearner,1.05883664337055,0.0619072775803331,0.937500608932169,1.18017267780892
3715,intercept,1.29174865251301,0.0906336602623543,1.1141066783988,1.46939062662722
3715,AIPW,1.09277833060525,0.0669192433467793,0.961616613645563,1.22394004756494
3716,Tlearner,1.1521586176646,0.0578924863334648,1.03869142947553,1.26562580585367
3716,Rlearner,1.13224882900884,0.0533020278184822,1.02777877418166,1.23671888383602
3716,intercept,1.31390228258395,0.0666070141894064,1.18335253477271,1.44445203039519
3716,AIPW,1.13271554754989,0.0501848160393679,1.03435330811273,1.23107778698705
3717,Tlearner,0.922243811747416,0.064751764862975,0.795332684680578,1.04915493881425
3717,Rlearner,0.927083575363333,0.0602069603200332,0.809080101517436,1.04508704920923
3717,intercept,1.15334332768678,0.0747074438901296,1.00691673766213,1.29976991771143
3717,AIPW,1.07583846255741,0.17477196418461,0.733285412755575,1.41839151235925
3718,Tlearner,1.03659660350042,0.0611861834141192,0.916673887657285,1.15651931934356
3718,Rlearner,1.03283037267159,0.058999115198611,0.917194231762579,1.14846651358059
3718,intercept,1.16674161389312,0.0807185690421336,1.00853321857054,1.3249500092157
3718,AIPW,1.05011735350021,0.0606256261900368,0.93129112616774,1.16894358083268
3720,Tlearner,0.982955492086186,0.0640692773101191,0.857382016042843,1.10852896812953
3720,Rlearner,0.93852866542304,0.0570331902081084,0.826745666691725,1.05031166415435
3720,intercept,1.15420976235199,0.0720563883612312,1.01297924116398,1.29544028354
3720,AIPW,0.962589295621032,0.0434210834536094,0.877483972051957,1.04769461919011
3721,Tlearner,0.905177527852178,0.0604795204536118,0.786639845960845,1.02371520974351
3721,Rlearner,0.856363068981368,0.059182744305972,0.74036702163542,0.972359116327316
3721,intercept,1.15452088847873,0.0726505511074571,1.01212580830811,1.29691596864935
3721,AIPW,0.906904273508318,0.0475115690913252,0.813781598089321,1.00002694892732
3722,Tlearner,0.989563576701934,0.0647197946154865,0.862715110168751,1.11641204323512
3722,Rlearner,0.938191497426344,0.0610754042828638,0.818485904690708,1.05789709016198
3722,intercept,1.12922036690334,0.086855617794696,0.958983356025732,1.29945737778094
3722,AIPW,0.944563184380542,0.0607583717832416,0.825476775685389,1.0636495930757
3723,Tlearner,0.905661396655405,0.0632231204918647,0.781746357501114,1.0295764358097
3723,Rlearner,0.964898937514008,0.061704500833497,0.843960338196333,1.08583753683168
3723,intercept,1.13476803265716,0.0760601151875896,0.985690206889483,1.28384585842483
3723,AIPW,0.903593843033187,0.0654923511286236,0.775228834821085,1.03195885124529
3724,Tlearner,0.979620307890332,0.065441920843446,0.851356499958057,1.10788411582261
3724,Rlearner,1.02467579115974,0.061988393620103,0.903180772204847,1.14617081011464
3724,intercept,1.14998865856812,0.0775046944773458,0.998079457392526,1.30189785974372
3724,AIPW,1.00293506625755,0.0451366792426459,0.91446717494196,1.09140295757313
3726,Tlearner,0.989096476291445,0.0587784212205417,0.873892887631059,1.10430006495183
3726,Rlearner,1.05601437988976,0.0595709694175387,0.939257425307248,1.17277133447227
3726,intercept,1.17793002940273,0.0771077544831487,1.02679883061576,1.3290612281897
3726,AIPW,1.03725794195294,0.0501189472621367,0.939024805319149,1.13549107858673
3727,Tlearner,0.983219959449591,0.0672140100766558,0.851482920442833,1.11495699845635
3727,Rlearner,1.06397290807632,0.0623546763975295,0.941759988069516,1.18618582808313
3727,intercept,1.19549056263039,0.0858606940817899,1.02720360223008,1.36377752303069
3727,AIPW,1.06231506749246,0.0581730992670994,0.94829579292895,1.17633434205598
3728,Tlearner,1.1345650032275,0.0589940701841619,1.01893875036511,1.25019125608988
3728,Rlearner,1.17869804224034,0.0575159639137333,1.06596882443331,1.29142726004736
3728,intercept,1.347216468962,0.0741260561670068,1.20192939887467,1.49250353904933
3728,AIPW,1.17842829799847,0.0702546291986701,1.04072922476908,1.31612737122786
3729,Tlearner,1.00409915596056,0.0645083035289277,0.877665204340085,1.13053310758104
3729,Rlearner,0.985567034714244,0.0578799832246322,0.872124352168183,1.09900971726031
3729,intercept,1.14290326121651,0.0856979588060925,0.974935261956568,1.31087126047645
3729,AIPW,0.984113046734047,0.0510539505955507,0.884047303566768,1.08417878990133
3730,Tlearner,1.0354292987286,0.0592935263764394,0.9192161225144,1.15164247494279
3730,Rlearner,1.0265651851921,0.0563653004477864,0.916091226336662,1.13703914404754
3730,intercept,1.21916796986376,0.08234501123357,1.05777174784597,1.38056419188156
3730,AIPW,1.02420983165241,0.0486370104861369,0.92888129109958,1.11953837220524
3731,Tlearner,0.681901510365948,0.153012024354365,0.382003453429826,0.98179956730207
3731,Rlearner,1.01576658709764,0.0582243633515783,0.901648931905773,1.12988424228951
3731,intercept,1.16651817183353,0.0750625704372687,1.01939553377649,1.31364080989058
3731,AIPW,1.00748042979373,0.0464710284734486,0.916397213985774,1.09856364560169
3732,Tlearner,0.943795941496629,0.0616478849183491,0.822968307333595,1.06462357565966
3732,Rlearner,0.916853884737387,0.0593513494760182,0.800527377330542,1.03318039214423
3732,intercept,1.06695018316639,0.0810211237259039,0.90814878066362,1.22575158566916
3732,AIPW,0.91975753515828,0.0596270332393927,0.80288855000907,1.03662652030749
3733,Tlearner,1.02882627710093,0.0634038604462464,0.904556994145488,1.15309556005638
3733,Rlearner,1.01660563537598,0.0583987320178628,0.902146223878162,1.1310650468738
3733,intercept,1.16500064626162,0.0822625845069477,1.003765980628,1.32623531189524
3733,AIPW,0.808244008094497,0.197446233876492,0.421249389696573,1.19523862649242
3734,Tlearner,0.895745837328622,0.0617017358365111,0.774812657305455,1.01667901735179
3734,Rlearner,0.9134852348599,0.0597799878487772,0.796318611680055,1.03065185803975
3734,intercept,1.08193044127326,0.0790151891222739,0.927060670593606,1.23680021195292
3734,AIPW,0.879413102145795,0.0625498352771453,0.756815425002591,1.002010779289
3735,Tlearner,0.954677727879471,0.0543947630696605,0.848065951315347,1.0612895044436
3735,Rlearner,0.949262513610291,0.0552164263689781,0.841040306572086,1.0574847206485
3735,intercept,1.06194987720577,0.0743329501486423,0.916257294914435,1.20764245949711
3735,AIPW,1.05221630176753,0.07985831192083,0.895694010402705,1.20873859313236
3736,Tlearner,1.00497245417501,0.0623115020591619,0.882844154316459,1.12710075403356
3736,Rlearner,0.942649038703889,0.0579798355230802,0.829010649249095,1.05628742815868
3736,intercept,1.12122340810255,0.0839735050263631,0.956635338250883,1.28581147795423
3736,AIPW,0.995904095769789,0.0581923769254414,0.881847036995924,1.10996115454365
3737,Tlearner,1.13489493144982,0.0640632581140077,1.00933325281407,1.26045661008556
3737,Rlearner,1.0943516168969,0.0617609016442368,0.973302474021475,1.21540075977232
3737,intercept,1.39242573483399,0.082157022593346,1.23139797055104,1.55345349911695
3737,AIPW,1.07495924617013,0.0602051017556687,0.956957246729017,1.19296124561124
3738,Tlearner,1.12728037490383,0.0575479727997145,1.0144884208331,1.24007232897457
3738,Rlearner,1.07543274261163,0.0564026118532463,0.964885654745273,1.18597983047798
3738,intercept,1.27577042693151,0.0814846172788555,1.11606057706495,1.43548027679806
3738,AIPW,1.13079790945501,0.0510568788768803,1.03072642685633,1.2308693920537
3739,Tlearner,0.975051794804577,0.0622605003474107,0.853023456464209,1.09708013314495
3739,Rlearner,1.10319480303245,0.0573980823047117,0.990696628933545,1.21569297713135
3739,intercept,1.33154953729569,0.0750678196505357,1.18441661078064,1.47868246381074
3739,AIPW,1.02344456527698,0.0525349775340664,0.920476009310214,1.12641312124375
3741,Tlearner,1.05340106743795,0.0635009139358412,0.928941563138326,1.17786057173758
3741,Rlearner,1.04727550527003,0.0675871370767035,0.914807150781517,1.17974385975854
3741,intercept,1.20738050557069,0.0913574837657739,1.02831983738978,1.38644117375161
3741,AIPW,1.08866452307897,0.0602905013795895,0.970495140374976,1.20683390578297
3742,Tlearner,1.01414390160818,0.0644580293578567,0.887808485552351,1.140479317664
3742,Rlearner,1.02120214140789,0.0610932077060819,0.901461654603949,1.14094262821184
3742,intercept,1.143608169624,0.0828937500880034,0.981136419451518,1.30607991979649
3742,AIPW,1.02248841658754,0.0517576346542743,0.921043452665159,1.12393338050991
3743,Tlearner,0.95259320615638,0.0600782411688559,0.834842017210911,1.07034439510185
3743,Rlearner,0.949774304068613,0.0584004663922364,0.835311493259488,1.06423711487774
3743,intercept,1.22737012293189,0.0790374757571767,1.07245667044783,1.38228357541596
3743,AIPW,0.93911420282551,0.0564421932528637,0.828487504049897,1.04974090160112
3744,Tlearner,1.02017308461854,0.0664456004459835,0.889942100813274,1.15040406842381
3744,Rlearner,1.04006653166389,0.0615714330257089,0.919388740456976,1.16074432287079
3744,intercept,1.1901619447455,0.0808907068247985,1.03161615936889,1.3487077301221
3744,AIPW,1.01382116128123,0.0461213621388837,0.923423291489021,1.10421903107344
3745,Tlearner,0.88719336846162,0.0680976542383554,0.753724418722782,1.02066231820046
3745,Rlearner,0.965999934328488,0.0593017419449951,0.849770655895809,1.08222921276117
3745,intercept,1.18859150390007,0.0793866165263967,1.03299373550833,1.34418927229181
3745,AIPW,0.977013317118773,0.047223286826248,0.884455674939327,1.06957095929822
3746,Tlearner,1.01753100674683,0.0600592842319125,0.899816972715026,1.13524504077863
3746,Rlearner,1.0472737561117,0.0603055413273745,0.929077067041856,1.16547044518155
3746,intercept,1.21742920567657,0.0826885727823456,1.05535960302317,1.37949880832996
3746,AIPW,1.07116801134253,0.047454283004773,0.978157616653176,1.16417840603189
3748,Tlearner,0.994911756457375,0.0649843130099091,0.867544843397875,1.12227866951687
3748,Rlearner,1.04989797588098,0.0626945112021353,0.927018991896454,1.17277695986551
3748,intercept,1.33344186072566,0.0881031424248079,1.16075970157303,1.50612401987828
3748,AIPW,1.03987264456953,0.0526461144687586,0.936686260210765,1.1430590289283
3749,Tlearner,0.86100392861297,0.0673724012947808,0.72895644852322,0.99305140870272
3749,Rlearner,0.910064627199887,0.0630341156872286,0.786520030655588,1.03360922374419
3749,intercept,1.12555438880554,0.0772432054689706,0.974157706086355,1.27695107152472
3749,AIPW,0.918958005445678,0.0652655262179492,0.791037574058497,1.04687843683286
3750,Tlearner,0.921751949995022,0.058960068997547,0.806192338233833,1.03731156175621
3750,Rlearner,0.95605214305465,0.0557455331453255,0.846792905790829,1.06531138031847
3750,intercept,1.15248718112355,0.0756376882790356,1.00423731209664,1.30073705015046
3750,AIPW,0.976474203058648,0.0435688916863295,0.891079175353442,1.06186923076385
3751,Tlearner,0.999000905868422,0.0660591807324074,0.869527290784681,1.12847452095216
3751,Rlearner,1.02822074259583,0.0596622332192649,0.911284914248844,1.14515657094282
3751,intercept,1.23644292952153,0.0816091287279429,1.07648903721476,1.3963968218283
3751,AIPW,1.04156149793571,0.0607267587460034,0.922537050793546,1.16058594507788
3752,Tlearner,0.864306466533463,0.0631304845795689,0.740572990430947,0.988039942635979
3752,Rlearner,0.843256618474339,0.0618919084847834,0.721950706909714,0.964562530038963
3752,intercept,0.986681482240645,0.0780128614593995,0.833776273780222,1.13958669070107
3752,AIPW,0.79079781911046,0.0542114950625917,0.684543288787781,0.89705234943314
3753,Tlearner,1.02463278793341,0.0615549556519895,0.903987291785553,1.14527828408127
3753,Rlearner,0.950556231684338,0.0647572993761388,0.823634257171028,1.07747820619765
3753,intercept,1.19703133018326,0.0848754957575053,1.03067535849855,1.36338730186797
3753,AIPW,0.981917754537467,0.0639808786155438,0.856515232451001,1.10732027662393
3754,Tlearner,1.03067865096886,0.0600436031824161,0.912995351229307,1.14836195070841
3754,Rlearner,1.02552097502299,0.0567017469755594,0.914387593090395,1.13665435695559
3754,intercept,1.19213148817314,0.0728437764348996,1.04935768636074,1.33490528998555
3754,AIPW,1.00964963249699,0.0502105300006116,0.911236993695787,1.10806227129818
3755,Tlearner,1.02255713673035,0.0643967495566401,0.89634182687789,1.14877244658281
3755,Rlearner,1.05102677465409,0.0599181928554926,0.933589274638604,1.16846427466959
3755,intercept,1.13174769332755,0.0765765207858799,0.981657712587222,1.28183767406787
3755,AIPW,0.958194450749336,0.130461453865842,0.702490001172286,1.21389890032639
3756,Tlearner,1.07722246778564,0.0596780352986286,0.960255667932222,1.19418926763907
3756,Rlearner,1.09930255850633,0.0557163291628428,0.990100559996376,1.20850455701628
3756,intercept,1.22325341494457,0.0695521768447206,1.08693114832892,1.35957568156022
3756,AIPW,1.05952459308234,0.0449200392246976,0.971481316201938,1.14756786996275
3757,Tlearner,0.996480415977344,0.0594553530333186,0.879950065343926,1.11301076661076
3757,Rlearner,1.06796514425473,0.0586904861616189,0.952933905142807,1.18299638336665
3757,intercept,1.19300627429441,0.0783252409208256,1.03948880208959,1.34652374649923
3757,AIPW,1.08374909902078,0.053922236405069,0.978061515666842,1.18943668237471
3758,Tlearner,1.11157583325324,0.0647779825191349,0.984613320524573,1.23853834598191
3758,Rlearner,1.09852067015002,0.0577315794554678,0.985368853646691,1.21167248665335
3758,intercept,1.32716805209598,0.0742423389607025,1.181653067733,1.47268303645895
3758,AIPW,1.08648937701201,0.0440092452700798,1.00023125628265,1.17274749774137
3759,Tlearner,0.897769310098323,0.0695172008643329,0.761518100098193,1.03402052009845
3759,Rlearner,0.94948356076516,0.0673655016436312,0.81744960374317,1.08151751778715
3759,intercept,1.01337785693227,0.0937241785138446,0.829678467045139,1.19707724681941
3759,AIPW,0.940716986272693,0.0528873605470108,0.837057759600551,1.04437621294483
3761,Tlearner,0.91715224712733,0.0616643430013411,0.796292355714377,1.03801213854028
3761,Rlearner,0.962982898351811,0.0594383546097291,0.846485864016422,1.0794799326872
3761,intercept,1.07817639382972,0.0844037535672859,0.912745036837836,1.2436077508216
3761,AIPW,1.01250771765026,0.0490758179288256,0.916319114509766,1.10869632079076
3763,Tlearner,1.01407078869315,0.0632221899629081,0.890157573342104,1.1379840040442
3763,Rlearner,1.00891179025635,0.0609722438292116,0.889408388294499,1.1284151922182
3763,intercept,1.22329853888,0.0778377116251773,1.07073662409465,1.37586045366535
3763,AIPW,1.02419339320409,0.0572935921472102,0.911897952595558,1.13648883381262
3764,Tlearner,1.01390090197221,0.0606066469284649,0.895114056768687,1.13268774717574
3764,Rlearner,1.03120638357389,0.0578418506669213,0.917838439467583,1.1445743276802
3764,intercept,1.15565052975299,0.0745200136895593,1.00959130292145,1.30170975658452
3764,AIPW,1.01401211859322,0.0430718959179855,0.929591202593966,1.09843303459247
3765,Tlearner,1.01283716221777,0.062617990360927,0.890108156326074,1.13556616810946
3765,Rlearner,0.957003623676401,0.0634359108594614,0.832671523065363,1.08133572428744
3765,intercept,1.22953430296517,0.0859864023521017,1.06100095435505,1.39806765157529
3765,AIPW,0.994491489670165,0.0692502524324319,0.858760994902598,1.13022198443773
3766,Tlearner,1.00080467935502,0.0592308531289735,0.884714340448653,1.11689501826139
3766,Rlearner,1.09165637588477,0.0602427197159791,0.973582814910714,1.20972993685883
3766,intercept,1.20554261974937,0.0833687428708726,1.04213988372246,1.36894535577628
3766,AIPW,1.05699601016245,0.0569247389933615,0.945423521735457,1.16856849858943
3767,Tlearner,1.0167726485894,0.0595317461380743,0.900092570221995,1.13345272695681
3767,Rlearner,1.04236650763746,0.0564413774885541,0.931743440522063,1.15298957475285
3767,intercept,1.25626249133407,0.0852883348009905,1.08909735512413,1.42342762754401
3767,AIPW,1.0417068418008,0.0514669203594381,0.940831677896302,1.1425820057053
3768,Tlearner,1.02610652689762,0.0605391397131763,0.907451993404752,1.14476106039048
3768,Rlearner,1.06021691526306,0.0598839016693725,0.942846624737354,1.17758720578877
3768,intercept,1.12804792317876,0.0802092686075615,0.970837756707936,1.28525808964958
3768,AIPW,1.0932245657234,0.0566940278251315,0.982104271186143,1.20434486026066
3769,Tlearner,1.08811282384843,0.0603843874050503,0.969761599306014,1.20646404839084
3769,Rlearner,1.10493681231321,0.0588794437726468,0.989535223089071,1.22033840153735
3769,intercept,1.27645420595406,0.0746611338556478,1.13011838359699,1.42279002831112
3769,AIPW,1.09319137582566,0.0502428338334449,0.994715421512109,1.19166733013921
3770,Tlearner,1.03145247561358,0.0634488237759789,0.907095066151228,1.15580988507592
3770,Rlearner,1.0735936359975,0.0666820083829924,0.942899301150035,1.20428797084496
3770,intercept,1.45355301657343,0.0927158150093161,1.27183001915517,1.63527601399169
3770,AIPW,1.12565830413766,0.0555530416255853,1.01677434255152,1.23454226572381
3771,Tlearner,1.03470479494359,0.0602388504683059,0.91663881755562,1.15277077233157
3771,Rlearner,1.06992937536846,0.0537261954964301,0.964627967169097,1.17523078356782
3771,intercept,1.22632783793847,0.0721327309865676,1.0849476852048,1.36770799067214
3771,AIPW,1.08431467322919,0.0502087145124235,0.985905592784837,1.18272375367354
3772,Tlearner,0.862194935648993,0.0621626088816865,0.740358461055838,0.984031410242148
3772,Rlearner,0.85380102306088,0.0603137507809907,0.735588243757614,0.972013802364147
3772,intercept,0.984801429634409,0.0818718166119087,0.824332669075068,1.14527019019375
3772,AIPW,0.84153931660876,0.0496393472988946,0.744246195902927,0.938832437314593
3773,Tlearner,0.872045127483571,0.0623031493111304,0.749933198710334,0.994157056256809
3773,Rlearner,0.926846098215215,0.0600710530477668,0.809108997728198,1.04458319870223
3773,intercept,1.12970371979419,0.0789307846456418,0.974999381888729,1.28440805769965
3773,AIPW,0.962346143751439,0.0615245240942209,0.841758076526766,1.08293421097611
3775,Tlearner,0.999635630043174,0.0670013107586372,0.868315474039269,1.13095578604708
3775,Rlearner,1.05026625871987,0.0624609578722538,0.927845030850379,1.17268748658936
3775,intercept,1.37528740312129,0.086872413156775,1.20501747333401,1.54555733290857
3775,AIPW,1.00485797860806,0.0724558947045725,0.862844424987096,1.14687153222902
3777,Tlearner,1.04132222751323,0.0644125445014278,0.915075960137847,1.16756849488861
3777,Rlearner,1.06449412205285,0.0594497274014731,0.947974797455237,1.18101344665046
3777,intercept,1.25485489072038,0.083954642391378,1.09030379163328,1.41940598980748
3777,AIPW,1.030994530637,0.0589339938494703,0.915483902692036,1.14650515858196
3778,Tlearner,0.943137832044621,0.0615803245141916,0.822442613840516,1.06383305024873
3778,Rlearner,0.961698987909516,0.0583016565930547,0.847429840748107,1.07596813507093
3778,intercept,1.08320363808176,0.0804669211960407,0.925488472537522,1.240918803626
3778,AIPW,0.986221134536594,0.0474574285058472,0.893204574665133,1.07923769440805
3779,Tlearner,1.09605342700763,0.0638758028205202,0.970859153995833,1.22124770001944
3779,Rlearner,1.04381784382397,0.0630161843250462,0.920308392103738,1.16732729554419
3779,intercept,1.21427497270163,0.0841870361234142,1.04926838189974,1.37928156350352
3779,AIPW,0.946923874689034,0.150234539515224,0.652464177239195,1.24138357213887
3780,Tlearner,0.956457954731239,0.0610876853840802,0.836728291479528,1.07618761798295
3780,Rlearner,0.963669665339612,0.0590576047686417,0.847918886979873,1.07942044369935
3780,intercept,1.21187497377789,0.0828586865524241,1.04947194813514,1.37427799942064
3780,AIPW,0.951879259046916,0.0476279992027661,0.858528380609494,1.04523013748434
3781,Tlearner,0.929884263230308,0.0575692767341982,0.81705055421526,1.04271797224536
3781,Rlearner,0.887162666519467,0.0589196469019571,0.771682280609814,1.00264305242912
3781,intercept,1.07396765444775,0.0794033284226978,0.918337130739265,1.22959817815624
3781,AIPW,0.921700703828618,0.0485703285140764,0.826502859941028,1.01689854771621
3782,Tlearner,0.952624133886047,0.0615900878278722,0.831909779938759,1.07333848783334
3782,Rlearner,1.02079807291953,0.0607242364963867,0.901780756397922,1.13981538944114
3782,intercept,1.1838624949061,0.0843163536089398,1.01860244183258,1.34912254797962
3782,AIPW,1.04165762980999,0.0464514785241511,0.950612731902652,1.13270252771732
3783,Tlearner,0.884338898745859,0.0596342122291927,0.767457990530223,1.00121980696149
3783,Rlearner,0.952551642524477,0.0576489269149535,0.839561822023787,1.06554146302517
3783,intercept,1.12964452803227,0.0717773917305099,0.988960840240466,1.27032821582406
3783,AIPW,0.855248901443982,0.141554017331738,0.577803027473775,1.13269477541419
3784,Tlearner,0.970213486043702,0.0608076600983316,0.851032662266819,1.08939430982059
3784,Rlearner,0.962474634460544,0.0598165455558681,0.845236359491443,1.07971290942964
3784,intercept,1.30149618016365,0.0828884502424283,1.13903481768849,1.46395754263881
3784,AIPW,0.96172716168145,0.0607809643309822,0.842596471592725,1.08085785177018
3785,Tlearner,0.996776161743433,0.0672837555678085,0.864902424085932,1.12864989940093
3785,Rlearner,1.02994198694923,0.0650229535086803,0.902499339903795,1.15738463399467
3785,intercept,1.26529791742206,0.085348614051121,1.09801463388186,1.43258120096226
3785,AIPW,1.03440788707808,0.0490128761527739,0.938342649818642,1.13047312433752
3786,Tlearner,1.06144449816065,0.0595296441198033,0.944768539673347,1.17812045664795
3786,Rlearner,1.08047922815812,0.055025220683421,0.972631777377248,1.18832667893899
3786,intercept,1.23245337178589,0.0737189588866886,1.08796421236799,1.3769425312038
3786,AIPW,1.14768894198619,0.0699640538596445,1.01055939642128,1.28481848755109
3787,Tlearner,1.06663873915524,0.0586554952560911,0.951676080957943,1.18160139735254
3787,Rlearner,1.07699140095147,0.0545748339663233,0.970026691915224,1.18395610998772
3787,intercept,1.23856382088439,0.0742425849039498,1.09304835447265,1.38407928729613
3787,AIPW,1.05863236761992,0.049886411243891,0.960855001581896,1.15640973365795
3789,Tlearner,1.01607005000653,0.0619411391342664,0.894667648141979,1.13747245187107
3789,Rlearner,1.00398726276511,0.0645402800873665,0.877490638241741,1.13048388728847
3789,intercept,1.11102431036294,0.0900205478365995,0.934584036603201,1.28746458412267
3789,AIPW,1.02687744262127,0.0622141332257601,0.904937741498775,1.14881714374376
3790,Tlearner,1.02884047571292,0.0645375005737039,0.902349298936225,1.15533165248961
3790,Rlearner,1.08705065494841,0.0591726726365817,0.971074347711731,1.20302696218509
3790,intercept,1.18577361088572,0.0745497473204788,1.03965610613759,1.33189111563386
3790,AIPW,1.03322168813567,0.0475086499063649,0.940104734319193,1.12633864195214
3791,Tlearner,0.983099693268709,0.0626635602782401,0.860281371980304,1.10591801455711
3791,Rlearner,0.9955522621677,0.0640499139482865,0.870016737616169,1.12108778671923
3791,intercept,1.09228607476365,0.0905947565471109,0.914720351931312,1.26985179759599
3791,AIPW,1.00817792028415,0.0448668478708212,0.920238898457339,1.09611694211096
3792,Tlearner,1.11220294795691,0.0595035068396539,0.995578217597353,1.22882767831646
3792,Rlearner,1.1107136721706,0.0575140170359836,0.997988270173845,1.22343907416735
3792,intercept,1.34092127928918,0.0791821614452902,1.18572424285641,1.49611831572195
3792,AIPW,1.11843899861389,0.0427937482738316,1.03456325199718,1.2023147452306
3793,Tlearner,0.968295983397729,0.0662428478120436,0.838462387452756,1.0981295793427
3793,Rlearner,0.983172223558735,0.0641483000624687,0.857443865766828,1.10890058135064
3793,intercept,1.13534866441249,0.0835098057498757,0.971669445142737,1.29902788368225
3793,AIPW,1.01349492593811,0.0492333099423274,0.916997638451152,1.10999221342508
3794,Tlearner,0.994033026880048,0.0657699978746499,0.865126199782458,1.12293985397764
3794,Rlearner,0.982674957118528,0.0633401634585646,0.858530517964862,1.1068193962722
3794,intercept,1.14180447395202,0.082671967849956,0.979767416966108,1.30384153093794
3794,AIPW,1.03963316828604,0.0573767637649788,0.927174711306679,1.1520916252654
3795,Tlearner,0.99483434773513,0.0696798089166201,0.858264431808922,1.13140426366134
3795,Rlearner,1.09166613005288,0.0626106270674878,0.968951555951132,1.21438070415462
3795,intercept,1.26745673147871,0.0757537592881972,1.11897936327384,1.41593409968357
3795,AIPW,1.0283503160425,0.0487877006479928,0.932726422772431,1.12397420931256
3796,Tlearner,0.988272431177069,0.0595321135508863,0.871591632693783,1.10495322966036
3796,Rlearner,0.974514361263332,0.0590572527345003,0.858764272877832,1.09026444964883
3796,intercept,1.11203455913477,0.0793811515431643,0.956447502110167,1.26762161615937
3796,AIPW,0.996603255317706,0.0423635644710506,0.913570668954447,1.07963584168097
3797,Tlearner,1.02832269225367,0.0673981222422498,0.896224800033232,1.16042058447411
3797,Rlearner,0.9981242138053,0.0626008543409123,0.875428793895674,1.12081963371493
3797,intercept,1.34752443398709,0.0832224280391289,1.1844084750304,1.51064039294378
3797,AIPW,0.989385327002779,0.0450112106113504,0.901163354204532,1.07760729980103
3798,Tlearner,1.11354454185001,0.0572637444645936,1.0013096650795,1.22577941862052
3798,Rlearner,1.11346621656549,0.0569663921313557,1.00181413965885,1.22511829347213
3798,intercept,1.3293797177014,0.0761613060223317,1.18010355789763,1.47865587750517
3798,AIPW,1.14147984102457,0.0444559219125831,1.05434623407591,1.22861344797323
3799,Tlearner,1.12669615566876,0.0592318234154597,1.01060391503582,1.2427883963017
3799,Rlearner,1.07974004400469,0.0573765119251954,0.967284147072772,1.1921959409366
3799,intercept,1.37758869572468,0.0787176198105805,1.22330216089594,1.53187523055342
3799,AIPW,1.15011716847505,0.0701709371804908,1.01258213160129,1.28765220534881
3800,Tlearner,0.964035283894949,0.0620349755746775,0.842448965986759,1.08562160180314
3800,Rlearner,0.953421622071653,0.0587549005810588,0.838264133017546,1.06857911112576
3800,intercept,1.00952982952436,0.0818173666488786,0.849167790892557,1.16989186815616
3800,AIPW,0.977343006259508,0.0544855671549605,0.870551294635785,1.08413471788323
3802,Tlearner,0.960276240269813,0.0598723307065738,0.842928628414457,1.07762385212517
3802,Rlearner,0.910016694014209,0.0614722278531966,0.789533341372504,1.03050004665591
3802,intercept,1.07595370089813,0.0833712653269825,0.912546020857244,1.23936138093902
3802,AIPW,0.958928793412082,0.0546873930751557,0.851741502984777,1.06611608383939
3803,Tlearner,1.06644556608699,0.0593442545840433,0.950132964412885,1.18275816776109
3803,Rlearner,1.01626552126487,0.0565694367551912,0.905391462598979,1.12713957993076
3803,intercept,1.16084498285339,0.0756037880222155,1.01266155832985,1.30902840737694
3803,AIPW,1.06027400454034,0.0631532390572146,0.936493655988202,1.18405435309248
3804,Tlearner,0.983305322096506,0.0652577312997927,0.85540251903612,1.11120812515689
3804,Rlearner,0.97986526120341,0.0658442345942093,0.850812932809153,1.10891758959767
3804,intercept,1.10375996491573,0.0855980094576404,0.935987866378758,1.27153206345271
3804,AIPW,0.957357445971144,0.0544753532765857,0.850585753549036,1.06412913839325
3805,Tlearner,0.88948823883727,0.0648263076289686,0.762431010633778,1.01654546704076
3805,Rlearner,0.976774810681485,0.0609303774868775,0.857353465242775,1.09619615612019
3805,intercept,1.1903947436775,0.0781690019574339,1.03718349984093,1.34360598751407
3805,AIPW,0.916200832596327,0.0748214826739757,0.769550726555334,1.06285093863732
3806,Tlearner,0.994780713620131,0.0621531947303528,0.872962690424535,1.11659873681573
3806,Rlearner,0.968047321599467,0.0562558657095653,0.857787850889598,1.07830679230934
3806,intercept,1.13134792041318,0.0737349036997362,0.986827509161701,1.27586833166467
3806,AIPW,0.956696959915102,0.0623596421038041,0.834472061391646,1.07892185843856
3807,Tlearner,1.13148689132462,0.0610169611688212,1.01189584498765,1.25107793766158
3807,Rlearner,1.14505618349495,0.0612743058662121,1.02496075081949,1.26515161617042
3807,intercept,1.19005478973843,0.0783858416565934,1.03641854009151,1.34369103938536
3807,AIPW,1.15809836616192,0.0567530564762942,1.04686237546839,1.26933435685546
3808,Tlearner,0.959661672486431,0.0610986514634336,0.839910516114135,1.07941282885873
3808,Rlearner,0.936966492929223,0.0602994090433531,0.818781822915202,1.05515116294324
3808,intercept,1.07637276516762,0.075335572512997,0.928715043042143,1.22403048729309
3808,AIPW,0.99804876450739,0.0538668058538894,0.892469825033767,1.10362770398101
3809,Tlearner,1.00889617354982,0.0646741417827717,0.882137184924547,1.13565516217509
3809,Rlearner,1.08310984775987,0.0580802584918929,0.969274632902982,1.19694506261675
3809,intercept,1.1471510941284,0.0757819961044687,0.998618381763639,1.29568380649316
3809,AIPW,1.06579776775932,0.0509822220646551,0.965872612512598,1.16572292300605
3810,Tlearner,1.09859094161899,0.0590609978942084,0.98283351285535,1.21434837038264
3810,Rlearner,1.11274926634092,0.0582580551508971,0.998565576435813,1.22693295624603
3810,intercept,1.24766984550264,0.0766164780182032,1.09750154858696,1.39783814241832
3810,AIPW,1.07836504129637,0.0698533786539968,0.941452419134537,1.2152776634582
3811,Tlearner,1.04830117988545,0.0598050570087059,0.931085422055025,1.16551693771588
3811,Rlearner,1.0661121650228,0.0609945130246053,0.94656511624001,1.18565921380558
3811,intercept,1.18088948590307,0.0847046826107524,1.01486830798599,1.34691066382014
3811,AIPW,1.24594931476704,0.147416500042969,0.957012974682824,1.53488565485126
3812,Tlearner,1.1046273205143,0.0602135607510813,0.986610910061266,1.22264373096733
3812,Rlearner,1.07607981887675,0.0593283525650188,0.959798384587217,1.19236125316628
3812,intercept,1.19892924407065,0.0732951077761402,1.05527083282941,1.34258765531188
3812,AIPW,1.17611239609146,0.0826710294384989,1.01407717839201,1.33814761379092
3813,Tlearner,1.05080735111516,0.06487179718988,0.923660965010611,1.17795373721971
3813,Rlearner,1.05499745026092,0.0568844866748554,0.943505905099152,1.16648899542268
3813,intercept,1.25142481194639,0.0799204469748248,1.09478073587573,1.40806888801704
3813,AIPW,1.07976573498241,0.0435714802010664,0.994365633788321,1.1651658361765
3814,Tlearner,0.983234620612359,0.0590846670855625,0.867430801086118,1.0990384401386
3814,Rlearner,0.997785990448471,0.0565181569562301,0.887012438341678,1.10855954255526
3814,intercept,1.17192021906896,0.0741992772224905,1.02648963571288,1.31735080242504
3814,AIPW,1.04033878000455,0.0465998492679819,0.949003075439309,1.1316744845698
3815,Tlearner,0.891974788893479,0.0596582809224673,0.775046706905871,1.00890287088109
3815,Rlearner,0.945324850782983,0.0605666435310221,0.826616410797704,1.06403329076826
3815,intercept,1.06166572507473,0.0804921533457624,0.903901104517032,1.21943034563242
3815,AIPW,0.95664020553419,0.0624641249138127,0.834210520703117,1.07906989036526
3816,Tlearner,0.85542086206662,0.0658282400835181,0.726399882337269,0.984441841795971
3816,Rlearner,0.907489571827424,0.0644252914349912,0.781218320921345,1.0337608227335
3816,intercept,1.13835490794241,0.093183186624096,0.955715862159186,1.32099395372564
3816,AIPW,0.875660644116468,0.0442397569360717,0.788950720521767,0.962370567711168
3817,Tlearner,0.966628759715404,0.0660828567956877,0.837108740400338,1.09614877903047
3817,Rlearner,1.03127930394426,0.0606756080660734,0.912357297394692,1.15020131049384
3817,intercept,1.29540708223813,0.0849979791602991,1.12881104308394,1.46200312139232
3817,AIPW,1.0041042655368,0.0731658771388285,0.860699146344699,1.14750938472891
3818,Tlearner,0.886020783534786,0.0640924368296236,0.760401915667315,1.01163965140226
3818,Rlearner,0.890996118715579,0.0585867971780272,0.776168106277093,1.00582413115407
3818,intercept,1.03856392645613,0.0799420304250128,0.881877546823101,1.19525030608915
3818,AIPW,0.86733028653276,0.0527421529714551,0.763955666708708,0.970704906356812
3819,Tlearner,1.1956923349675,0.0723833197832558,1.05382363511087,1.33756103482412
3819,Rlearner,1.15891382027824,0.0586022701094957,1.04405548145134,1.27377215910513
3819,intercept,1.33121647579617,0.0848892404220819,1.16483356456889,1.49759938702345
3819,AIPW,1.18525816609167,0.0464555704580082,1.09420524799398,1.27631108418937
3820,Tlearner,0.995172345225548,0.0609273723743365,0.875756889699188,1.11458780075191
3820,Rlearner,1.0517554569087,0.0579299561090803,0.938214829308917,1.16529608450848
3820,intercept,1.22575032795859,0.085412950193215,1.05834094557989,1.39315971033729
3820,AIPW,1.06967910567007,0.0559825879889883,0.959953233211657,1.17940497812849
3821,Tlearner,1.01844659847819,0.0634864782167912,0.894015387667991,1.14287780928839
3821,Rlearner,1.03537587915014,0.0612641491185185,0.915300353334355,1.15545140496593
3821,intercept,1.166595278437,0.082039225857172,1.00579839575694,1.32739216111705
3821,AIPW,1.01041811954541,0.0437247122680011,0.924717683500124,1.09611855559069
3822,Tlearner,0.967082984876261,0.0637838261805143,0.84206898276629,1.09209698698623
3822,Rlearner,0.992963532246093,0.0628741636041769,0.869732436023827,1.11619462846836
3822,intercept,1.14411149087814,0.0784294972010983,0.990389676363987,1.29783330539229
3822,AIPW,1.01192058225327,0.046325256639552,0.921123079239745,1.10271808526679
3823,Tlearner,1.0310499069748,0.0600325071129704,0.913388355131737,1.14871145881787
3823,Rlearner,1.07268787948313,0.0572257820115995,0.960527407753256,1.18484835121301
3823,intercept,1.20664362693138,0.0704336751653566,1.06859362360728,1.34469363025548
3823,AIPW,1.06193792872909,0.0447101297743002,0.974306074371463,1.14956978308672
3824,Tlearner,1.06886024796949,0.0576280623205281,0.955911321322427,1.18180917461656
3824,Rlearner,1.10727305527147,0.0514872612775622,1.00635987750485,1.2081862330381
3824,intercept,1.31251042561024,0.0765984887944415,1.16237738757313,1.46264346364734
3824,AIPW,1.08858798012384,0.0477016882985227,0.995092671058731,1.18208328918894
3825,Tlearner,1.03836808561295,0.0651609843441371,0.910654903101263,1.16608126812464
3825,Rlearner,0.972391086434216,0.0611295338021963,0.852579401790188,1.09220277107824
3825,intercept,1.13773556970104,0.0853662665734352,0.970417687217103,1.30505345218497
3825,AIPW,1.00264915152467,0.0562045136643226,0.892488304742599,1.11280999830674
3826,Tlearner,1.11091915703144,0.0558634673818525,1.00142877291148,1.2204095411514
3826,Rlearner,1.14623092443066,0.0515902593519276,1.0451158741478,1.24734597471352
3826,intercept,1.20002126276883,0.0694292338803011,1.06393996436344,1.33610256117422
3826,AIPW,1.13019916583429,0.0450563171677041,1.04188878418559,1.21850954748299
3827,Tlearner,0.959146017077051,0.0640612649917217,0.8335882448892,1.0847037892649
3827,Rlearner,0.986569062685771,0.0614668542260355,0.866096242159767,1.10704188321177
3827,intercept,1.11921465639661,0.0789925663124846,0.964389226424145,1.27404008636908
3827,AIPW,0.941704425443429,0.0659385983530993,0.812464772671354,1.0709440782155
3828,Tlearner,1.16551979443093,0.0594647221494923,1.04897108066724,1.28206850819462
3828,Rlearner,1.19267231128495,0.0555934747885539,1.08371110292395,1.30163351964595
3828,intercept,1.38941598067086,0.0795032002433395,1.23358970819392,1.54524225314781
3828,AIPW,1.18930675611083,0.0557561839617392,1.08002463554582,1.29858887667583
3829,Tlearner,0.998411219384677,0.062794960525345,0.875335358344386,1.12148708042497
3829,Rlearner,1.00033072496887,0.0644758295659976,0.87396042114617,1.12670102879157
3829,intercept,1.14226546835855,0.0893666286647682,0.967106876175608,1.3174240605415
3829,AIPW,1.01674345911526,0.0449866145428696,0.928569694611232,1.10491722361928
3830,Tlearner,1.12062562225845,0.0593679541657232,1.00426657025781,1.23698467425909
3830,Rlearner,1.12238354318349,0.0577614675570073,1.00917314707758,1.23559393928941
3830,intercept,1.19417160963626,0.0884701865857686,1.02077004392815,1.36757317534436
3830,AIPW,1.14969229132501,0.0496532511667257,1.05237191903822,1.24701266361179
3831,Tlearner,1.01555760612293,0.061203641829955,0.895600672413526,1.13551453983233
3831,Rlearner,1.08152744808143,0.0596241382527778,0.964666284496745,1.19838861166611
3831,intercept,1.21377037008425,0.0751927880470395,1.06639250551205,1.36114823465644
3831,AIPW,1.00344615784558,0.0692757220868952,0.867665742555263,1.13922657313589
3832,Tlearner,1.0460195370569,0.0589961272037279,0.930389252510246,1.16164982160355
3832,Rlearner,1.02744819364189,0.0588792652994599,0.912046954218768,1.14284943306501
3832,intercept,1.13151362401078,0.0756034569527134,0.983330848383464,1.2796963996381
3832,AIPW,1.05496950316206,0.0423683925712331,0.971927453722447,1.13801155260168
3833,Tlearner,0.972323624088913,0.0635941904457165,0.847681301189328,1.0969659469885
3833,Rlearner,0.977098515081551,0.058255829126708,0.862919188103684,1.09127784205942
3833,intercept,1.1283101306306,0.078046773218818,0.975338455121713,1.28128180613948
3833,AIPW,0.978616783052854,0.0777339139692238,0.826258311673175,1.13097525443253
3834,Tlearner,1.09888326581326,0.0634769505884983,0.974470728811371,1.22329580281514
3834,Rlearner,1.15244947970078,0.063148167708285,1.02868134530284,1.27621761409871
3834,intercept,1.298743264358,0.082719744751395,1.13661256464526,1.46087396407073
3834,AIPW,1.16100365683582,0.0462468246329767,1.07035988055519,1.25164743311646
3835,Tlearner,0.856078854503872,0.0616692657386548,0.735209314703079,0.976948394304665
3835,Rlearner,0.832383056595593,0.0626691568218265,0.709553766283321,0.955212346907866
3835,intercept,1.02318465935722,0.085181279556769,0.856229351425951,1.19013996728849
3835,AIPW,0.856811629496635,0.0460717039456382,0.766511089763185,0.947112169230086
3836,Tlearner,0.994213129916756,0.0611205570123278,0.874419039457566,1.11400722037595
3836,Rlearner,1.03979604273076,0.0563549296918293,0.929342410183489,1.15024967527803
3836,intercept,1.25021780688459,0.0758438106345026,1.10156393804097,1.39887167572822
3836,AIPW,1.0439149074145,0.0469930001305155,0.951808627158685,1.13602118767031
3837,Tlearner,0.957838356890251,0.058480824298877,0.843218047478237,1.07245866630226
3837,Rlearner,0.951362272823322,0.0564969837628093,0.840630219413071,1.06209432623357
3837,intercept,1.09263301098691,0.0761223067633779,0.943433289730688,1.24183273224313
3837,AIPW,0.97476138799839,0.0474216491009173,0.881814955760592,1.06770782023619
3838,Tlearner,0.953950278323991,0.064275186601495,0.82797322748547,1.07992732916251
3838,Rlearner,0.997204292247137,0.0624283744469863,0.874846926717663,1.11956165777661
3838,intercept,1.04158977584674,0.0795203736760365,0.885729843441706,1.19744970825177
3838,AIPW,0.980838075534664,0.0460276442933541,0.89062389271969,1.07105225834964
3839,Tlearner,1.05973362512796,0.0657848604194185,0.930797667977908,1.18866958227802
3839,Rlearner,1.05489547961962,0.065064143334218,0.927372101999603,1.18241885723964
3839,intercept,1.24089285364694,0.0892057580411385,1.06604956788631,1.41573613940757
3839,AIPW,1.0640828100485,0.0609090551591259,0.94470106193661,1.18346455816038
3840,Tlearner,0.960305368851542,0.0610992516454145,0.84055303614418,1.0800577015589
3840,Rlearner,0.974471772686807,0.0553288571924216,0.8660292052839,1.08291434008971
3840,intercept,1.14658089485304,0.0755305684774716,0.998540980637198,1.29462080906889
3840,AIPW,0.966006443839223,0.0449855708518469,0.877834724969604,1.05417816270884
3841,Tlearner,1.12757585165095,0.057698087360396,1.01448967844773,1.24066202485417
3841,Rlearner,1.15707677767959,0.0588205933724089,1.04179053312039,1.27236302223878
3841,intercept,1.29836059548724,0.0784358528499716,1.1446263239013,1.45209486707319
3841,AIPW,1.15841921847394,0.0585631603859161,1.04363542411754,1.27320301283033
3842,Tlearner,1.08702289334213,0.0576614163193217,0.974008594058693,1.20003719262557
3842,Rlearner,1.11239297681362,0.0581913439097429,0.998340038538536,1.2264459150887
3842,intercept,1.24092097974776,0.0765178594017666,1.09094597532029,1.39089598417522
3842,AIPW,1.09429877602773,0.0468080700410306,1.00255495874731,1.18604259330815
3843,Tlearner,1.01660501920502,0.0600423099896926,0.898924254076632,1.13428578433341
3843,Rlearner,1.01184696495649,0.0580843380346107,0.898003754342804,1.12569017557018
3843,intercept,1.06229700974365,0.078719911353316,0.908005983491147,1.21658803599615
3843,AIPW,1.00340484033121,0.0457944576188623,0.913647703398237,1.09316197726418
3844,Tlearner,1.04034889377942,0.0599908778301952,0.922768933831291,1.15792885372754
3844,Rlearner,0.99901531415008,0.0610708052886468,0.879318735277474,1.11871189302269
3844,intercept,1.21997239989974,0.08078133108033,1.0616409909823,1.37830380881719
3844,AIPW,0.955350560828005,0.0824861828684096,0.793677642405922,1.11702347925009
3845,Tlearner,0.984230323079883,0.0624577000360428,0.861815480452033,1.10664516570773
3845,Rlearner,0.920369300853392,0.0666625522346575,0.789713099355943,1.05102550235084
3845,intercept,1.15831121827898,0.0852365189098822,0.991247641215607,1.32537479534235
3845,AIPW,0.841740677857057,0.142596593929494,0.562251353755248,1.12123000195887
3847,Tlearner,0.938608784919079,0.0615126847874582,0.818046138143296,1.05917143169486
3847,Rlearner,0.928976136224046,0.0590497057494395,0.813240839657457,1.04471143279064
3847,intercept,1.16803290681008,0.0790094306923297,1.01317442265311,1.32289139096705
3847,AIPW,0.771274002277992,0.150883484728244,0.475542372210634,1.06700563234535
3848,Tlearner,1.08104541189797,0.0596802150941469,0.964074339723836,1.1980164840721
3848,Rlearner,1.06681966292621,0.0593125737329923,0.950569154579165,1.18307017127325
3848,intercept,1.13814104456763,0.0805116796089929,0.980338152534008,1.29594393660126
3848,AIPW,1.09638640790634,0.0513812037671007,0.995679248522824,1.19709356728986
3850,Tlearner,1.02056811413896,0.0605748160764499,0.901843656258979,1.13929257201894
3850,Rlearner,1.09328891572696,0.0567348998203888,0.982090555412511,1.20448727604141
3850,intercept,1.24926843854261,0.0783472023183616,1.09570792199862,1.4028289550866
3850,AIPW,1.01376216795871,0.0531990658405874,0.909491998911159,1.11803233700626
3851,Tlearner,0.992821422519545,0.0652034474752984,0.865025013800111,1.12061783123898
3851,Rlearner,1.00385463143388,0.0670709719376313,0.872397942028029,1.13531132083974
3851,intercept,1.26735725450134,0.0923776720149382,1.08629701735207,1.44841749165062
3851,AIPW,0.978708590704234,0.0616970176704057,0.857782436070238,1.09963474533823
3852,Tlearner,1.01981104085371,0.0625333357444923,0.897247954961356,1.14237412674607
3852,Rlearner,1.0272682174455,0.0587660540136027,0.912088868065308,1.1424475668257
3852,intercept,1.25931029248712,0.0725865752691797,1.11704060495953,1.40157998001471
3852,AIPW,1.05609806969358,0.0597691177834732,0.938950598837977,1.17324554054919
3853,Tlearner,0.968934757266563,0.0616182472030258,0.848165211958146,1.08970430257498
3853,Rlearner,1.03689022011754,0.0627924328697799,0.913819313191123,1.15996112704396
3853,intercept,1.1540914544346,0.0862605724786607,0.985020732376425,1.32316217649278
3853,AIPW,1.01733613730289,0.0777682205758761,0.864910424974174,1.16976184963161
3854,Tlearner,1.0613659937562,0.0635570363737058,0.936796491499635,1.18593549601277
3854,Rlearner,1.03483198721738,0.061883730278819,0.913542104641901,1.15612186979285
3854,intercept,1.22098618802677,0.0883953526505658,1.04773129683166,1.39424107922188
3854,AIPW,1.0593903284896,0.0511734275513393,0.959090410488978,1.15969024649023
3855,Tlearner,0.996503709797888,0.060356589482671,0.878206968182184,1.11480045141359
3855,Rlearner,0.955501160642164,0.0598214750732083,0.838253223996615,1.07274909728771
3855,intercept,1.11010496253744,0.0830174012693312,0.947390856049547,1.27281906902533
3855,AIPW,0.987258034732438,0.0560333148685675,0.877432737590045,1.09708333187483
3856,Tlearner,1.03028787677798,0.0611974548910726,0.91034306924596,1.15023268430999
3856,Rlearner,1.0706160593476,0.0555516074111554,0.961736909538429,1.17949520915677
3856,intercept,1.17641908032283,0.0693674057671873,1.04045896501914,1.31237919562652
3856,AIPW,1.03634444501328,0.0446340102224285,0.94886178497732,1.12382710504924
3857,Tlearner,1.06076657218486,0.0610908864127781,0.94103063503219,1.18050250933753
3857,Rlearner,1.0848166153858,0.0560840014977813,0.974893992341262,1.19473923843035
3857,intercept,1.26630899377683,0.0718029942653033,1.12557512501683,1.40704286253682
3857,AIPW,1.06788191058087,0.0498595005368401,0.970157289528668,1.16560653163308
3858,Tlearner,0.979673104088701,0.0612847236738236,0.859557252885518,1.09978895529188
3858,Rlearner,0.974137667128779,0.0603922286416571,0.855771074045023,1.09250426021254
3858,intercept,1.11754272620324,0.0786046792578076,0.963477554857933,1.27160789754854
3858,AIPW,0.961843319536754,0.0516387697604035,0.860631330806363,1.06305530826715
3859,Tlearner,0.95117415707099,0.0598094718025421,0.833949746403644,1.06839856773834
3859,Rlearner,1.00467522865109,0.0594676970231559,0.888120684242168,1.12122977306002
3859,intercept,1.13494406118326,0.0814774344032241,0.975248289752945,1.29463983261358
3859,AIPW,0.97689158444718,0.0488328255393104,0.881179246390131,1.07260392250423
3860,Tlearner,1.02270864810122,0.0568012126159031,0.911380317095853,1.1340369791066
3860,Rlearner,1.08479311242571,0.056343185720395,0.974362497639489,1.19522372721194
3860,intercept,1.22751789974531,0.0740026589663948,1.08247268817117,1.37256311131944
3860,AIPW,1.08737534368555,0.0484582672979827,0.992397139781503,1.1823535475896
3861,Tlearner,0.94650550486482,0.0626781816520464,0.82365852621035,1.06935248351929
3861,Rlearner,0.969770962682285,0.0625500035887444,0.847175208415495,1.09236671694907
3861,intercept,1.10825403303327,0.0835837032508112,0.94442997466168,1.27207809140486
3861,AIPW,0.97619554005585,0.0486214488753845,0.880897500260096,1.0714935798516
3862,Tlearner,0.996871543463961,0.0612551175079825,0.876813719279547,1.11692936764838
3862,Rlearner,0.969067307213068,0.0587496398227246,0.853920129055828,1.08421448537031
3862,intercept,1.17422996128627,0.0746801596068524,1.02785684845684,1.3206030741157
3862,AIPW,0.976217087517337,0.047465350132021,0.883185001258576,1.0692491737761
3863,Tlearner,1.05902069447038,0.0630298059327011,0.935484544889737,1.18255684405102
3863,Rlearner,0.994975565100626,0.0636747511000815,0.870175346219914,1.11977578398134
3863,intercept,1.19384263471565,0.081733101098319,1.03364575656295,1.35403951286836
3863,AIPW,1.06774264894865,0.0467419077202164,0.976128509817028,1.15935678808028
3864,Tlearner,0.967194448963252,0.0613993822826172,0.846853871016316,1.08753502691019
3864,Rlearner,0.992691283503033,0.0618113979833498,0.871543169621596,1.11383939738447
3864,intercept,1.28388181371072,0.0751882736535986,1.13651279734967,1.43125083007178
3864,AIPW,1.01644108364077,0.0455999390784758,0.927065203046962,1.10581696423459
3865,Tlearner,1.0968358268873,0.0635880373173297,0.972205563897747,1.22146608987686
3865,Rlearner,1.12754110040813,0.0608362955636963,1.00830415215045,1.24677804866581
3865,intercept,1.30109453965166,0.0780955222865785,1.14802731596997,1.45416176333335
3865,AIPW,1.15773149926486,0.0509595913139797,1.05785070028946,1.25761229824026
3866,Tlearner,1.19147962304758,0.061806934791026,1.07034025686235,1.3126189892328
3866,Rlearner,1.1661255855077,0.0617858717603691,1.04502750210397,1.28722366891144
3866,intercept,1.4478964418265,0.0839148115304376,1.28342341122685,1.61236947242616
3866,AIPW,1.15179272242526,0.0682202192846189,1.01808109262741,1.28550435222312
3867,Tlearner,1.00258454268755,0.0596381492919993,0.885695917970611,1.11947316740449
3867,Rlearner,1.04015570236231,0.0624474070526205,0.917761033611259,1.16255037111336
3867,intercept,1.21475826028683,0.0832234740619104,1.05164025112549,1.37787626944818
3867,AIPW,1.08223478365839,0.0611827920026021,0.962316511333289,1.20215305598349
3868,Tlearner,1.04520911570583,0.0577076675344329,0.932104165706532,1.15831406570513
3868,Rlearner,0.994948083174002,0.0575428359349494,0.882166197173204,1.1077299691748
3868,intercept,1.21372936361564,0.0819859238362802,1.05303695289653,1.37442177433475
3868,AIPW,1.0294290843251,0.0457999023194883,0.939661275778902,1.1191968928713
3869,Tlearner,1.04235672310376,0.0629683537381522,0.918941017611199,1.16577242859631
3869,Rlearner,1.02489834524794,0.0576330058556556,0.911939729450065,1.13785696104581
3869,intercept,1.24047772104764,0.0787686501063033,1.08609116683929,1.394864275256
3869,AIPW,1.06803407869364,0.0500832409847355,0.969870926363559,1.16619723102372
3870,Tlearner,0.947525153492251,0.0587422844848469,0.832392391532345,1.06265791545216
3870,Rlearner,0.994216924030979,0.0565268092160784,0.883426413806499,1.10500743425546
3870,intercept,1.10481232399928,0.0757406952686409,0.95636056127274,1.25326408672581
3870,AIPW,0.992209803667608,0.0507378434353873,0.892763630534249,1.09165597680097
3871,Tlearner,0.991803764692016,0.0625847919974505,0.869139826397082,1.11446770298695
3871,Rlearner,1.03404932565747,0.0602251956646714,0.916010111192837,1.1520885401221
3871,intercept,1.20939436130187,0.0781122615220138,1.05629432871872,1.36249439388501
3871,AIPW,0.786764672476907,0.263284422467143,0.270727204441307,1.30280214051251
3872,Tlearner,1.07205477296575,0.0633229851133003,0.947944002750119,1.19616554318139
3872,Rlearner,1.04720322225259,0.0599072189270532,0.92978723074161,1.16461921376357
3872,intercept,1.11002405744225,0.0841508284240134,0.945088433731181,1.27495968115331
3872,AIPW,0.99459940914134,0.0603117957445486,0.876388289482025,1.11281052880066
3873,Tlearner,1.06247535245715,0.0659787886684085,0.933159302923488,1.19179140199081
3873,Rlearner,1.04882404467273,0.0605951450675169,0.930059742702413,1.16758834664304
3873,intercept,1.18493174170859,0.0787862715090445,1.03051064955086,1.33935283386631
3873,AIPW,1.02544952399966,0.0557032709121385,0.916271113011864,1.13462793498745
3874,Tlearner,0.915408106578989,0.0599489211467205,0.797910380219385,1.03290583293859
3874,Rlearner,0.915425351373777,0.0575849145548296,0.802560992793494,1.02828970995406
3874,intercept,1.05216482591116,0.0769154888485931,0.901410467767914,1.2029191840544
3874,AIPW,0.956741696662411,0.044826363073259,0.868882025038824,1.044601368286
3876,Tlearner,1.08148724374368,0.0612229726630981,0.961492422297528,1.20148206518983
3876,Rlearner,1.11969696474027,0.0605439367190036,1.00103302928875,1.23836090019178
3876,intercept,1.23363804053805,0.0853390538480381,1.06637349499589,1.4009025860802
3876,AIPW,1.10069633784253,0.0582652046661388,0.986496536696899,1.21489613898816
3877,Tlearner,1.09961443849091,0.0629008177280319,0.976331101145849,1.22289777583597
3877,Rlearner,1.13626762531695,0.066963361374845,1.00502184873852,1.26751340189539
3877,intercept,1.31772520498987,0.0915325999582588,1.13832130907168,1.49712910090805
3877,AIPW,1.14688105271991,0.0529284926560056,1.04314120711414,1.25062089832568
3878,Tlearner,0.889246994576816,0.0586722429629917,0.774251511477169,1.00424247767646
3878,Rlearner,0.875845114695081,0.0580850130394805,0.76200058109616,0.989689648294002
3878,intercept,1.03812156296266,0.0802958341961157,0.880741727938276,1.19550139798705
3878,AIPW,0.878091941365096,0.0542007120441533,0.771858545758556,0.984325336971637
3879,Tlearner,0.981858002742323,0.0614984887628774,0.861323179663442,1.1023928258212
3879,Rlearner,0.971960800237991,0.0604408178167689,0.853498974120977,1.09042262635501
3879,intercept,1.05750142458989,0.0753865945916748,0.909743699190208,1.20525914998957
3879,AIPW,0.918206542979875,0.0604176980754693,0.799787854751956,1.0366252312078
3880,Tlearner,1.06244497457981,0.0746555550066462,0.916122775520937,1.20876717363869
3880,Rlearner,1.02060428906817,0.0599346560742922,0.903134521736759,1.13807405639957
3880,intercept,1.15890032820075,0.0762167154722032,1.00951556587524,1.30828509052627
3880,AIPW,0.99940846306927,0.0465526484817327,0.908165272045074,1.09065165409347
3881,Tlearner,0.91617167909982,0.0668873897640057,0.785074804142476,1.04726855405716
3881,Rlearner,1.0194593912606,0.0580430693232109,0.905697065834944,1.13322171668625
3881,intercept,1.2234269416595,0.0772328011741898,1.07205065135809,1.37480323196092
3881,AIPW,0.938937251417752,0.0786247996336224,0.784832644135852,1.09304185869965
3882,Tlearner,1.03532491318044,0.0700872642585101,0.897956399458822,1.17269342690206
3882,Rlearner,1.0398829051144,0.0557400724498133,0.930634370617113,1.14913143961169
3882,intercept,1.20248311453727,0.0719799898258907,1.06140233447853,1.34356389459602
3882,AIPW,1.00992021560936,0.0415228344195082,0.928535460147128,1.0913049710716
3883,Tlearner,1.05023266924886,0.0604309276916464,0.93179022742089,1.16867511107683
3883,Rlearner,1.06896235636125,0.0604785011631758,0.950426672242462,1.18749804048004
3883,intercept,1.17368900862473,0.0793937811301688,1.0180771976096,1.32930081963986
3883,AIPW,1.02248978618904,0.0592780403186893,0.906304827164408,1.13867474521367
3884,Tlearner,1.04980851336635,0.0601706067562141,0.931876291196247,1.16774073553645
3884,Rlearner,1.11490222001329,0.062458707804819,0.992485402194929,1.23731903783164
3884,intercept,1.31985871833946,0.0829524305139798,1.15727195453205,1.48244548214686
3884,AIPW,1.08167003529413,0.0502206916189444,0.983237479720995,1.18010259086726
3885,Tlearner,1.04754729579166,0.0648110443506087,0.920519983064036,1.17457460851928
3885,Rlearner,1.12369091562211,0.0580157418470596,1.0099821510655,1.23739968017872
3885,intercept,1.19589500347512,0.0697072859259708,1.05926872306021,1.33252128389002
3885,AIPW,1.09482043415283,0.0436027636268019,1.0093590174443,1.18028185086136
3886,Tlearner,1.021297979388,0.0596747700568674,0.904337579290829,1.13825837948517
3886,Rlearner,1.04228376263581,0.0587165314750266,0.927201475647642,1.15736604962397
3886,intercept,1.16869880849758,0.0790444055299654,1.01377177365885,1.32362584333631
3886,AIPW,1.08076318251182,0.052611300918658,0.977645032711246,1.18388133231239
3887,Tlearner,0.917940431645974,0.0610902695784983,0.798205703466275,1.03767515982567
3887,Rlearner,0.977414524966868,0.0569001937886691,0.865892194427727,1.08893685550601
3887,intercept,1.13869798490248,0.0748704318849406,0.991951938408,1.28544403139697
3887,AIPW,0.93807850805969,0.042373034710316,0.85502736002747,1.02112965609191
3888,Tlearner,1.03730522264246,0.0579662797344655,0.92369340204513,1.15091704323978
3888,Rlearner,1.02238696979737,0.0577147442203007,0.909268149748644,1.13550578984611
3888,intercept,1.14956265175134,0.0793652474009159,0.994006766845547,1.30511853665714
3888,AIPW,1.01232557263168,0.0460074811610009,0.922150909556116,1.10250023570724
3889,Tlearner,0.965216423687102,0.0591677947394378,0.849249676953145,1.08118317042106
3889,Rlearner,0.932100592318231,0.0584745463332884,0.817492587492667,1.04670859714379
3889,intercept,1.05711199444305,0.0766412775985909,0.906895090349813,1.20732889853629
3889,AIPW,0.924850749756504,0.047701942795621,0.831354941877087,1.01834655763592
3890,Tlearner,1.05339355680816,0.0622583252889044,0.93136948150413,1.17541763211219
3890,Rlearner,1.04280189488298,0.0586105887372178,0.927927251845349,1.15767653792062
3890,intercept,1.12427310176378,0.0880005338770189,0.951792055364823,1.29675414816274
3890,AIPW,1.04145277126011,0.0453423813128496,0.952581703886928,1.1303238386333
3891,Tlearner,0.96263995700146,0.0591700880772074,0.84666871540807,1.07861119859485
3891,Rlearner,1.00053053824854,0.0597425793991192,0.883437234282746,1.11762384221434
3891,intercept,1.12168238695404,0.0796125367243426,0.965641814974333,1.27772295893376
3891,AIPW,0.988796582096685,0.0505413221841954,0.889735590615663,1.08785757357771
3892,Tlearner,1.11783785030172,0.0598352465326422,1.00056292209167,1.23511277851177
3892,Rlearner,1.14833206038668,0.0608170711773664,1.02913279123383,1.26753132953953
3892,intercept,1.20565012336493,0.0766270865752504,1.05546103367744,1.35583921305242
3892,AIPW,1.15964530060837,0.0459054191586442,1.06967067905743,1.24961992215932
3894,Tlearner,1.01402577763657,0.0599690538294299,0.896488591943942,1.1315629633292
3894,Rlearner,1.04765939698104,0.0572162437833478,0.935517619835018,1.15980117412707
3894,intercept,1.13360727047657,0.0744865875924094,0.987613558795446,1.27960098215769
3894,AIPW,1.13315432641284,0.0616103440935514,1.01239805198948,1.2539106008362
3895,Tlearner,1.006369809171,0.0547327214983893,0.899095646258298,1.11364397208371
3895,Rlearner,1.00578850978846,0.0533016418919936,0.901319211363306,1.11025780821362
3895,intercept,1.10153295822262,0.0683400249444826,0.967586509331433,1.2354794071138
3895,AIPW,1.03793170040542,0.0421603918409611,0.955297332397139,1.12056606841371
3896,Tlearner,0.904919442054192,0.0595179442300863,0.788266414929359,1.02157246917902
3896,Rlearner,0.926687691085044,0.057609716494584,0.813774721596096,1.03960066057399
3896,intercept,1.14597934542142,0.0831639697983458,0.982977964616663,1.30898072622618
3896,AIPW,0.906487756052633,0.0565576228174118,0.795634815330506,1.01734069677476
3897,Tlearner,0.951298370438897,0.0656201669801147,0.822685206498367,1.07991153437943
3897,Rlearner,1.0469242878903,0.0591354294322566,0.931020975992766,1.16282759978783
3897,intercept,1.17450634620966,0.0736579072074295,1.0301368480831,1.31887584433622
3897,AIPW,1.0980802967021,0.0513058979519117,0.997520736716355,1.19863985668785
3898,Tlearner,0.929119076990698,0.0604508282298595,0.810637630824556,1.04760052315684
3898,Rlearner,0.901704894724391,0.0550813380053612,0.793747456013606,1.00966233343518
3898,intercept,1.14413325142252,0.0818336225065077,0.983739351309764,1.30452715153527
3898,AIPW,0.940034290626238,0.0584107322078415,0.825549255498868,1.05451932575361
3899,Tlearner,0.942217604752381,0.0601333511689904,0.82435840219146,1.0600768073133
3899,Rlearner,0.986865438928864,0.0590159143921688,0.871196372205514,1.10253450565221
3899,intercept,1.08950887085845,0.074013292237213,0.944442818073509,1.23457492364338
3899,AIPW,0.923690560479513,0.0524250805871521,0.820937402528695,1.02644371843033
3900,Tlearner,0.95183916101357,0.0683694482091189,0.817837504880821,1.08584081714632
3900,Rlearner,0.979242645746621,0.0628704159800814,0.85601889473261,1.10246639676063
3900,intercept,1.19961594745288,0.0847759399447214,1.03345510516123,1.36577678974454
3900,AIPW,0.914624045948773,0.0729067387588832,0.771726837981362,1.05752125391618
3901,Tlearner,0.906001939550375,0.0614762525564787,0.785510698635188,1.02649318046556
3901,Rlearner,0.958810027062639,0.0586701725738059,0.84381860185123,1.07380145227405
3901,intercept,1.11245521801322,0.0832300852447719,0.949324250933465,1.27558618509297
3901,AIPW,0.991433069782941,0.0517335279440668,0.89003535501257,1.09283078455331
3902,Tlearner,0.922649680549978,0.0593472802578333,0.806331148664219,1.03896821243574
3902,Rlearner,0.924602262746562,0.0560399147152689,0.814766048207938,1.03443847728518
3902,intercept,1.190613868201,0.0821342299028879,1.02963077759134,1.35159695881066
3902,AIPW,1.0179356134798,0.0731542636214894,0.874553256781684,1.16131797017792
3903,Tlearner,1.08691096605987,0.0627551154791234,0.963913199875132,1.2099087322446
3903,Rlearner,1.10236601229889,0.0579949115794485,0.988698074316583,1.21603395028119
3903,intercept,1.2132704531112,0.0830582415459887,1.05047629968106,1.37606460654134
3903,AIPW,1.09235342590971,0.0413546482039054,1.01129831543005,1.17340853638936
3904,Tlearner,1.06552951781081,0.0640368272792642,0.940019642659238,1.19103939296238
3904,Rlearner,1.09136514950086,0.0572719068844995,0.979114274681312,1.20361602432041
3904,intercept,1.30402150691889,0.0762066414317466,1.15465648971266,1.45338652412511
3904,AIPW,1.05746906058981,0.047696590655538,0.963983742904956,1.15095437827466
3905,Tlearner,1.05108460015249,0.0602983892988238,0.932901928801019,1.16926727150396
3905,Rlearner,1.09342663177521,0.0597828392217915,0.976254420006952,1.21059884354347
3905,intercept,1.18505924793286,0.0691283548538474,1.04956767241932,1.3205508234464
3905,AIPW,1.09137499712004,0.0592360941674267,0.975272252551883,1.2074777416882
3906,Tlearner,0.937882158088059,0.0639367852188353,0.812568361771869,1.06319595440425
3906,Rlearner,0.952644870079119,0.0543343952264804,0.846151412313452,1.05913832784479
3906,intercept,1.08294629444346,0.0778672315838248,0.930326520539166,1.23556606834776
3906,AIPW,0.936263182031505,0.0518118544358534,0.834711947337232,1.03781441672578
3907,Tlearner,1.03050737859851,0.0603596495475464,0.912204639365856,1.14881011783116
3907,Rlearner,1.03533119505805,0.0600003623146511,0.917732645861976,1.15292974425412
3907,intercept,1.16280454780795,0.0805265024184802,1.00497260306772,1.32063649254817
3907,AIPW,1.034317372423,0.0476149955156611,0.940991981212306,1.1276427636337
3908,Tlearner,1.00572629660464,0.0623297773611206,0.883562177812444,1.12789041539684
3908,Rlearner,0.944085785948421,0.0601517739425441,0.82619047541484,1.061981096482
3908,intercept,1.0644625360252,0.0745450182006842,0.918354300351856,1.21057077169854
3908,AIPW,0.97850233705231,0.0546036778504912,0.871479128465347,1.08552554563927
3909,Tlearner,0.873801530446757,0.0629904345851683,0.750342547289301,0.997260513604213
3909,Rlearner,0.964143578014326,0.0607822238689509,0.845012608330931,1.08327454769772
3909,intercept,1.23433178450194,0.0815502755711549,1.07449324438247,1.3941703246214
3909,AIPW,0.913987390023689,0.0445898143352166,0.826591353926665,1.00138342612071
3910,Tlearner,0.961999027961559,0.05813502654242,0.848056469698136,1.07594158622498
3910,Rlearner,1.00855461275561,0.0545740158547288,0.901591507188622,1.11551771832259
3910,intercept,1.16424379792605,0.0833737172975456,1.00083131202286,1.32765628382924
3910,AIPW,1.07038917363436,0.0539021668861623,0.964740926537479,1.17603742073124
3911,Tlearner,1.04772162421351,0.0571430524076748,0.935723299527781,1.15971994889924
3911,Rlearner,1.08696790140886,0.054741670535744,0.979676198705244,1.19425960411247
3911,intercept,1.21066100326767,0.0678531813352372,1.0776687678506,1.34365323868473
3911,AIPW,1.14345137249382,0.0917454927996359,0.963630206606529,1.3232725383811
3912,Tlearner,0.834384765445354,0.0628103282376105,0.711278784242499,0.95749074664821
3912,Rlearner,0.836103507195509,0.0544344573823239,0.729413931208174,0.942793083182844
3912,intercept,0.963419356452669,0.0726504227487429,0.821024527865132,1.1058141850402
3912,AIPW,0.916330614868741,0.0762802364797268,0.766821351368476,1.06583987836901
3913,Tlearner,1.08446542439617,0.0587370419954376,0.969342937526691,1.19958791126564
3913,Rlearner,1.13590095987047,0.0538342114728049,1.03038784424766,1.24141407549328
3913,intercept,1.30012541097803,0.0829122351390366,1.13761743010552,1.46263339185054
3913,AIPW,1.05873322148901,0.047477061291967,0.965678181356757,1.15178826162127
3914,Tlearner,1.0644189668606,0.0602018724744484,0.946425465008809,1.18241246871239
3914,Rlearner,1.07324079802014,0.057919842051088,0.95971999360976,1.18676160243052
3914,intercept,1.1669951736807,0.0793124244303237,1.01154282179727,1.32244752556413
3914,AIPW,1.09945396684648,0.0470309626053428,1.00727328014001,1.19163465355295
3915,Tlearner,1.01759877443852,0.0617439439767018,0.896582867980721,1.13861468089631
3915,Rlearner,1.12266667776134,0.0592757927791147,1.00648825875922,1.23884509676347
3915,intercept,1.21715325541896,0.0841571893842137,1.0522051642259,1.38210134661202
3915,AIPW,1.21674264475452,0.126676696162295,0.968456320276423,1.46502896923262
3916,Tlearner,0.908708742953042,0.0626726366106419,0.785872632380018,1.03154485352607
3916,Rlearner,0.890856663238305,0.0622685232734152,0.768812600251917,1.01290072622469
3916,intercept,1.0859258267313,0.0825977002164966,0.924034334306967,1.24781731915563
3916,AIPW,0.799392862509481,0.107321596838805,0.589042532705423,1.00974319231354
3917,Tlearner,1.01610025081914,0.0584685467523196,0.9015040049562,1.13069649668209
3917,Rlearner,1.07188140123713,0.0551473411617328,0.963794598716988,1.17996820375727
3917,intercept,1.14386498150567,0.0716118366164355,1.00350578173746,1.28422418127388
3917,AIPW,1.05888683583214,0.0544650702585256,0.952135298125432,1.16563837353885
3918,Tlearner,1.06257852358581,0.0619761728038484,0.941107456990641,1.18404959018099
3918,Rlearner,1.06776159223458,0.0601379897961928,0.949893298131405,1.18562988633776
3918,intercept,1.19910193554935,0.0857582571565347,1.03101575152254,1.36718811957616
3918,AIPW,1.10414893038835,0.058842807368286,0.988817027946505,1.21948083283019
3919,Tlearner,0.945879666799417,0.0695858144928518,0.809493976558542,1.08226535704029
3919,Rlearner,0.97415770076102,0.0591492572502074,0.858227286838319,1.09008811468372
3919,intercept,1.24200010915775,0.0826841060180129,1.07993926136245,1.40406095695306
3919,AIPW,0.968504803008995,0.0564767142128319,0.857810443151844,1.07919916286615
3920,Tlearner,0.919905267922093,0.0634400505119921,0.795565053741186,1.044245482103
3920,Rlearner,1.00978082594035,0.0609929977405821,0.890236747059681,1.12932490482103
3920,intercept,1.14997723912224,0.080094816321669,0.992991399131769,1.30696307911271
3920,AIPW,0.991948668485696,0.0531050866050137,0.887862698739869,1.09603463823152
3921,Tlearner,0.987916494704643,0.0640375330439375,0.862405236279732,1.11342775312955
3921,Rlearner,1.01602653880828,0.0621777045720663,0.894160477205663,1.13789260041091
3921,intercept,1.13684647934534,0.0857380054589727,0.968799988645751,1.30489297004492
3921,AIPW,1.10339829964535,0.0780430965110262,0.95043383048374,1.25636276880696
3922,Tlearner,0.970604598351538,0.0603912296417036,0.852239963271711,1.08896923343136
3922,Rlearner,1.00275800425854,0.0581311367594819,0.888823069829584,1.1166929386875
3922,intercept,1.15427991334045,0.0758260307303316,1.005660893109,1.3028989335719
3922,AIPW,1.00684764456484,0.0467518677035621,0.915213983865856,1.09848130526382
3923,Tlearner,0.961248964182695,0.0656925173904238,0.832493996043693,1.0900039323217
3923,Rlearner,1.08454930023535,0.06304334846905,0.9609866077712,1.20811199269949
3923,intercept,1.2829494475394,0.0848630578230847,1.11661785420615,1.44928104087264
3923,AIPW,1.06347644067195,0.0475801178085885,0.970219409767113,1.15673347157678
3924,Tlearner,0.933280495463202,0.0622775837796583,0.811218674210896,1.05534231671551
3924,Rlearner,0.899124996834391,0.0588036298899318,0.783872000089902,1.01437799357888
3924,intercept,1.06082556670342,0.0759844670663674,0.911896011253338,1.2097551221535
3924,AIPW,0.932921542552419,0.0486946630426062,0.837480002988911,1.02836308211593
3925,Tlearner,0.992515193963123,0.0617933475583895,0.871402458264514,1.11362792966173
3925,Rlearner,1.0361228840747,0.0582768038267529,0.921902447440159,1.15034332070924
3925,intercept,1.2125619439434,0.0753377926245422,1.06489987039929,1.3602240174875
3925,AIPW,1.01889675008601,0.0658230276254098,0.889883615940207,1.14790988423181
3926,Tlearner,1.03508230278164,0.0635372980062644,0.910551487014371,1.1596131185489
3926,Rlearner,1.01312374001589,0.0564751899613736,0.902434401671535,1.12381307836024
3926,intercept,1.12940423077969,0.0731847939612744,0.985962034615588,1.27284642694378
3926,AIPW,1.0089949900923,0.0468197629766243,0.917228254658117,1.10076172552648
3927,Tlearner,0.904250520849165,0.0582332199073849,0.79011550712689,1.01838553457144
3927,Rlearner,0.910764525707139,0.0556451850551558,0.801701967085967,1.01982708432831
3927,intercept,0.957086178823944,0.0741111713623478,0.811828282953742,1.10234407469415
3927,AIPW,0.892521860063109,0.0441736668644723,0.805941473008744,0.979102247117475
3928,Tlearner,1.00830139732549,0.0606920797149623,0.889347106937329,1.12725568771365
3928,Rlearner,0.9978164297984,0.0609799770061922,0.878297871088182,1.11733498850862
3928,intercept,1.07335115986577,0.0852478028775694,0.906265466225738,1.24043685350581
3928,AIPW,1.01519490490616,0.0488272003622487,0.919493592196155,1.11089621761617
3929,Tlearner,0.931845305399304,0.0599554352316932,0.814334811667761,1.04935579913085
3929,Rlearner,0.946676230224113,0.058510446804341,0.831997861768258,1.06135459867997
3929,intercept,1.11274936061186,0.0792388309175613,0.95744125201344,1.26805746921028
3929,AIPW,0.903945896896805,0.0613103377295022,0.783777634946981,1.02411415884663
3930,Tlearner,0.88976726177311,0.0715311186740481,0.749568845398115,1.02996567814811
3930,Rlearner,0.845871387944638,0.0663067597460529,0.715912526910824,0.975830248978452
3930,intercept,1.10212957480038,0.101163214952895,0.903849673492704,1.30040947610805
3930,AIPW,0.895341040236413,0.0694181491101624,0.759281467980495,1.03140061249233
3932,Tlearner,0.976233384179698,0.0622144511156296,0.854295300675136,1.09817146768426
3932,Rlearner,1.00910495295532,0.0616910835771515,0.888192650976857,1.13001725493379
3932,intercept,1.11031166545353,0.0855254970551004,0.942681691225528,1.27794163968152
3932,AIPW,0.961948745099855,0.0487724478173689,0.866354747377812,1.0575427428219
3933,Tlearner,1.00285844859896,0.0677805916349255,0.870010930143692,1.13570596705423
3933,Rlearner,1.00755824727565,0.062080265972921,0.885883161818055,1.12923333273324
3933,intercept,1.29306940816534,0.0857888429005614,1.12492327608024,1.46121554025044
3933,AIPW,1.02281103198492,0.0418884133767903,0.940709741766408,1.10491232220343
3934,Tlearner,0.969649648461824,0.0642473753813924,0.843727106613069,1.09557219031058
3934,Rlearner,0.997971968347343,0.0580159635873279,0.884262769187793,1.11168116750689
3934,intercept,1.24101745675856,0.0761391301048636,1.09178476175303,1.3902501517641
3934,AIPW,1.02668661460959,0.0455956511809155,0.937319138294994,1.11605409092418
3935,Tlearner,1.13107772358039,0.061639456274386,1.01026660925596,1.25188883790481
3935,Rlearner,1.17635799318701,0.059464372272245,1.05980996517013,1.2929060212039
3935,intercept,1.29805857841469,0.0807869807901411,1.13971609606601,1.45640106076336
3935,AIPW,1.12387590227903,0.0537825344334332,1.0184621347895,1.22928966976856
3936,Tlearner,1.05784044177241,0.0641159555828111,0.932175477995735,1.18350540554909
3936,Rlearner,1.07098199162758,0.057748509979961,0.957796991906005,1.18416699134916
3936,intercept,1.2885948687684,0.0771818031393189,1.13731853461534,1.43987120292147
3936,AIPW,1.05139593876259,0.0435670692295591,0.966004483072651,1.13678739445252
3937,Tlearner,1.03775117944294,0.0599406771783621,0.92026961096441,1.15523274792147
3937,Rlearner,1.06847857308126,0.0574374528559537,0.955903234119874,1.18105391204265
3937,intercept,1.3172594867834,0.0757984927892213,1.16869444091653,1.46582453265027
3937,AIPW,1.06804901496859,0.0479315005850922,0.97410327382181,1.16199475611537
3938,Tlearner,1.16012039822211,0.0594190459387525,1.04366120818643,1.2765795882578
3938,Rlearner,1.12735454045543,0.0586093954898392,1.01248223613969,1.24222684477118
3938,intercept,1.331259569789,0.0790966478132613,1.176230140075,1.48628899950299
3938,AIPW,1.12999728470143,0.0537926193102875,1.02456375085327,1.23543081854959
3939,Tlearner,0.96409090721131,0.0588484436624377,0.848750077086697,1.07943173733592
3939,Rlearner,1.02971032819912,0.0621323077451616,0.907933242742243,1.15148741365599
3939,intercept,1.13566248949677,0.0877687392715769,0.963635760524476,1.30768921846906
3939,AIPW,0.951909133951601,0.0850434096969791,0.785224050945522,1.11859421695768
3940,Tlearner,1.02126372151954,0.0570451558198037,0.909457270620253,1.13307017241883
3940,Rlearner,1.04619665187479,0.056142222413445,0.936159917932401,1.15623338581718
3940,intercept,1.17389263105433,0.0759246294043784,1.02508035742175,1.32270490468691
3940,AIPW,1.03464058979965,0.0596026672727149,0.917819361945129,1.15146181765417
3941,Tlearner,1.03563885018942,0.0620316697678023,0.914059011543641,1.15721868883519
3941,Rlearner,1.04530058948199,0.0611997855149087,0.925351214011193,1.16524996495279
3941,intercept,1.19058771515993,0.0860398962856985,1.02194951843996,1.3592259118799
3941,AIPW,1.10382256207565,0.0677131944683839,0.971104700917621,1.23654042323369
3942,Tlearner,0.934071676857621,0.0593471898515486,0.817753322164925,1.05039003155032
3942,Rlearner,0.939494201208776,0.0643515309232204,0.813367518249249,1.0656208841683
3942,intercept,1.09094296239196,0.0789250099062715,0.936249942975669,1.24563598180825
3942,AIPW,0.960102446999777,0.0697762518959999,0.823340993283617,1.09686390071594
3943,Tlearner,1.04464962895507,0.0595572152934116,0.927919631960487,1.16137962594966
3943,Rlearner,1.07457315528263,0.0580618888884034,0.960773944186996,1.18837236637827
3943,intercept,1.27639581838935,0.0866594047697312,1.10654338504068,1.44624825173803
3943,AIPW,1.10273410955608,0.052473580166785,0.999885892429186,1.20558232668298
3945,Tlearner,0.987263333129359,0.0611127621465333,0.867484520326391,1.10704214593233
3945,Rlearner,0.994314069456193,0.062019664210329,0.872757761270681,1.11587037764171
3945,intercept,1.19503999644165,0.0858583304972206,1.0267576686671,1.3633223242162
3945,AIPW,1.01862673649476,0.0597555847415161,0.901505790401385,1.13574768258813
3946,Tlearner,1.00809748953218,0.0611190273317711,0.888306397191792,1.12788858187257
3946,Rlearner,1.08528153982956,0.0550397922659796,0.977405529271671,1.19315755038744
3946,intercept,1.20356186579584,0.0748731848143691,1.05681042355968,1.35031330803201
3946,AIPW,1.05576785309133,0.0466337319066985,0.964365738554201,1.14716996762846
3947,Tlearner,1.06368892561206,0.0603006093953835,0.945501902951295,1.18187594827283
3947,Rlearner,1.11469804109179,0.0589274632283581,0.999202335463902,1.23019374671968
3947,intercept,1.20715829835043,0.0785817879418432,1.05313799398442,1.36117860271644
3947,AIPW,1.09688255591882,0.047974424773636,1.00285268336249,1.19091242847514
3948,Tlearner,1.06796678336844,0.0653995707406605,0.939785980112362,1.19614758662451
3948,Rlearner,1.12056364775689,0.0628042849166375,0.997469511245491,1.24365778426829
3948,intercept,1.29655424580691,0.0896528662645801,1.12083462792834,1.47227386368549
3948,AIPW,1.12462651044578,0.0488355691544293,1.0289087949031,1.22034422598846
3949,Tlearner,1.06103501064933,0.0616328245508437,0.940236894264199,1.18183312703446
3949,Rlearner,1.06823880125501,0.0622062838590033,0.946316725279286,1.19016087723073
3949,intercept,1.21496416820751,0.0787529172077146,1.06060845048039,1.36931988593463
3949,AIPW,1.10313822012862,0.0536451320623337,0.997993761286443,1.20828267897079
3950,Tlearner,0.957688997694054,0.0625036991061435,0.835183998545484,1.08019399684262
3950,Rlearner,1.009459107224,0.0632910574441233,0.88541091409006,1.13350730035793
3950,intercept,1.10205036009962,0.0792985759249534,0.946625151286715,1.25747556891253
3950,AIPW,1.0569926484824,0.0764588918071716,0.907133220540342,1.20685207642445
3951,Tlearner,0.879303107091188,0.0648754017792405,0.752149656121311,1.00645655806107
3951,Rlearner,0.908001694229896,0.0593531861260911,0.791671587055055,1.02433180140474
3951,intercept,1.20538165958986,0.0785564919307356,1.05141093540561,1.3593523837741
3951,AIPW,0.948053433682069,0.0431436267571,0.863491925238153,1.03261494212599
3952,Tlearner,0.881190497386803,0.0642093952067136,0.755342395312546,1.00703859946106
3952,Rlearner,0.944410380755406,0.0613470543377105,0.824172363695872,1.06464839781494
3952,intercept,1.16627850579489,0.0827290080963057,1.00412964992613,1.32842736166365
3952,AIPW,0.889891569370438,0.0564545951933984,0.779240562791377,1.0005425759495
3956,Tlearner,0.907527912516802,0.0590484237975109,0.791795128529823,1.02326069650378
3956,Rlearner,0.990891574539572,0.057519875383813,0.878154690392067,1.10362845868708
3956,intercept,1.08246842823805,0.0747640901073784,0.935930811627585,1.22900604484851
3956,AIPW,0.985649927326366,0.0503250503885758,0.887012828564757,1.08428702608797
3957,Tlearner,1.13692613384509,0.058145122587556,1.02296378769682,1.25088847999337
3957,Rlearner,1.1495043539113,0.0578198450454354,1.03617954003056,1.26282916779204
3957,intercept,1.14769469075923,0.0743314042142853,1.00200513849923,1.29338424301923
3957,AIPW,1.18713085314754,0.0528037098269006,1.08363558188682,1.29062612440827
3958,Tlearner,1.03917400310992,0.0606281809693312,0.920344951961859,1.15800305425799
3958,Rlearner,1.06145124743858,0.0586650838175023,0.946469796006253,1.17643269887091
3958,intercept,1.22864380503872,0.075591492680914,1.08048447938413,1.37680313069331
3958,AIPW,1.03709351572212,0.045383544011989,0.948141769458625,1.12604526198562
3959,Tlearner,0.972824678437075,0.0605037425666531,0.854239522076552,1.0914098347976
3959,Rlearner,1.08511855199373,0.0530589181649631,0.981124983331742,1.18911212065571
3959,intercept,1.28230664698114,0.0708866035469628,1.14336890402909,1.42124438993319
3959,AIPW,1.16558411413556,0.107849397421886,0.95419929518866,1.37696893308246
3960,Tlearner,1.04961693739708,0.0618740452622301,0.92834603710531,1.17088783768885
3960,Rlearner,1.03770959275233,0.0602612391021656,0.919599734448327,1.15581945105633
3960,intercept,1.24585530724388,0.0783688202666612,1.09225241952122,1.39945819496654
3960,AIPW,1.0928952444253,0.0486002507794119,0.997638752897653,1.18815173595295
3961,Tlearner,0.990435452280141,0.0605689294200206,0.871722532034752,1.10914837252553
3961,Rlearner,1.00087494379299,0.0539572573838905,0.895120662616002,1.10662922496997
3961,intercept,1.12548299523061,0.074731630088604,0.979009000256948,1.27195699020428
3961,AIPW,0.93756045586506,0.0455976402076565,0.848189081058053,1.02693183067207
3962,Tlearner,1.02993552311653,0.0594699090874972,0.913376643141165,1.1464944030919
3962,Rlearner,0.964683861239623,0.0583333609999494,0.850352574582549,1.0790151478967
3962,intercept,1.17094423562967,0.0746063369413742,1.02471581522458,1.31717265603477
3962,AIPW,0.951542679937122,0.054017670099268,0.845668046542556,1.05741731333169
3964,Tlearner,0.987900868440451,0.0632564129240978,0.863920577318025,1.11188115956288
3964,Rlearner,0.850741834393806,0.0619841876984267,0.729255058893919,0.972228609893693
3964,intercept,1.17330063182421,0.0810945700072728,1.01435527460995,1.33224598903846
3964,AIPW,1.02819487299893,0.0441729750543627,0.941615841892381,1.11477390410548
3965,Tlearner,1.06801784701102,0.0612211805150753,0.948026538110444,1.18800915591159
3965,Rlearner,1.07597430597685,0.0565826217914236,0.965074405114814,1.1868742068389
3965,intercept,1.14226107259019,0.0774342546726832,0.990489933431726,1.29403221174864
3965,AIPW,1.1004201887867,0.0483123682640453,1.00572794698917,1.19511243058423
3966,Tlearner,1.12574209850398,0.0615894640030588,1.00502896723086,1.2464552297771
3966,Rlearner,1.12178845189643,0.0646179818720143,0.995139534673624,1.24843736911924
3966,intercept,1.25994213373909,0.084026857008229,1.09524949400296,1.42463477347522
3966,AIPW,1.20010638145243,0.0817674399362111,1.03984219917745,1.3603705637274
3967,Tlearner,1.01727021573814,0.0621708092930997,0.895417668633954,1.13912276284232
3967,Rlearner,1.02844579275574,0.0591835699050727,0.912448127265293,1.1444434582462
3967,intercept,1.22674568224587,0.0758886309975858,1.0780039654906,1.37548739900114
3967,AIPW,0.930918924588139,0.116241709887353,0.703085173208928,1.15875267596735
3968,Tlearner,1.00265665925977,0.060983370574743,0.883131449277416,1.12218186924213
3968,Rlearner,0.985232323109069,0.0597497240498915,0.868125015885075,1.10233963033306
3968,intercept,1.25586342301965,0.077577073421173,1.10381235911415,1.40791448692515
3968,AIPW,1.03625410514374,0.0483997839339108,0.94139052863327,1.1311176816542
3969,Tlearner,0.914103989517001,0.0619569352563021,0.792670627822169,1.03553735121183
3969,Rlearner,0.898803853057744,0.0586608788011211,0.783830643306077,1.01377706280941
3969,intercept,1.13420698143841,0.0885825836048909,0.960585117572819,1.30782884530399
3969,AIPW,0.923322031198972,0.0461713492479542,0.832826186672982,1.01381787572496
3970,Tlearner,1.06061478083158,0.0622632756239197,0.938581003049206,1.18264855861395
3970,Rlearner,1.09301463449319,0.0578486872646447,0.979633290901569,1.20639597808482
3970,intercept,1.1716567482293,0.0717598151555619,1.0310075105244,1.3123059859342
3970,AIPW,1.08379912616781,0.0429127459687112,0.999690144069134,1.16790810826648
3971,Tlearner,0.841490254527853,0.0590151976357351,0.725822592621299,0.957157916434408
3971,Rlearner,0.848237651229442,0.0574288556442736,0.735679162493316,0.960796139965568
3971,intercept,1.17287872076095,0.082006673348166,1.01214564099855,1.33361180052336
3971,AIPW,0.856305129012383,0.0491144627594676,0.760040782003826,0.952569476020939
3972,Tlearner,1.14208087669987,0.0597688253547703,1.02493613160626,1.25922562179349
3972,Rlearner,1.14597876085317,0.0542838341793682,1.03958440091887,1.25237312078748
3972,intercept,1.32854085471118,0.0750963702629481,1.1813519689958,1.47572974042656
3972,AIPW,1.142782281034,0.0491849987645628,1.04637968345546,1.23918487861255
3973,Tlearner,1.02421100536759,0.0612171842325269,0.904227529036885,1.1441944816983
3973,Rlearner,1.0711554676282,0.0598594604060414,0.95383308109836,1.18847785415805
3973,intercept,1.15137918529774,0.0880434622886467,0.978813999211995,1.32394437138349
3973,AIPW,1.03929844373601,0.0853934847820745,0.871927213563147,1.20666967390888
3974,Tlearner,0.911219968395176,0.0597560688910724,0.79410022551098,1.02833971127937
3974,Rlearner,0.852552887032199,0.058067590470684,0.738742501040637,0.966363273023761
3974,intercept,0.922019417855465,0.0742501315767508,0.776489159965034,1.0675496757459
3974,AIPW,0.856775190064319,0.0420657018429993,0.774326414452041,0.939223965676598
3975,Tlearner,0.960083896483469,0.0609150032078586,0.840692684077925,1.07947510888901
3975,Rlearner,0.91601741646406,0.0594418514545013,0.799513528438858,1.03252130448926
3975,intercept,1.09136473994854,0.0787859488449749,0.93694428021239,1.24578519968469
3975,AIPW,0.988182516772386,0.0587017178191151,0.87312714984692,1.10323788369785
3976,Tlearner,0.982871073132916,0.0629227348960271,0.859544778927941,1.10619736733789
3976,Rlearner,0.973020965249238,0.0576863644512007,0.859957768525833,1.08608416197264
3976,intercept,1.13942294387452,0.0791578497428485,0.984273558378538,1.2945723293705
3976,AIPW,0.964398025828785,0.0447570217336445,0.876674263230842,1.05212178842673
3977,Tlearner,1.02906422758231,0.0611536460017861,0.909205283895494,1.14892317126912
3977,Rlearner,0.967010820631617,0.0593085226113117,0.850768252337167,1.08325338892607
3977,intercept,1.19951645208752,0.0753587321324764,1.05181333710787,1.34721956706718
3977,AIPW,1.04121185803715,0.053221636440106,0.936897450614545,1.14552626545976
3978,Tlearner,1.01007804120075,0.0624584432649153,0.887661741871082,1.13249434053043
3978,Rlearner,0.996842867856501,0.0591527932461612,0.880905523509081,1.11278021220392
3978,intercept,1.27864961605601,0.0858643321246587,1.11035552509168,1.44694370702035
3978,AIPW,1.03918842138073,0.0553164540586784,0.93076817142572,1.14760867133574
3979,Tlearner,0.874861581313898,0.0615282934704731,0.75426834208156,0.995454820546236
3979,Rlearner,0.918059034176088,0.059840503502001,0.800773802495423,1.03534426585675
3979,intercept,1.0684039203435,0.0787832424913352,0.913988765060487,1.22281907562652
3979,AIPW,0.92705422340785,0.0510671757302908,0.82696255897648,1.02714588783922
3980,Tlearner,0.979290767703508,0.0573928780734719,0.866802793710404,1.09177874169661
3980,Rlearner,1.01723164504366,0.053794356982719,0.911796642786038,1.12266664730128
3980,intercept,1.18796294412222,0.0765907850735813,1.037845005378,1.33808088286643
3980,AIPW,0.982017980319934,0.0500687970078049,0.883883138184636,1.08015282245523
3981,Tlearner,0.986390099986499,0.0620324373859657,0.864808756836771,1.10797144313623
3981,Rlearner,1.02242670634344,0.0602358961362328,0.904366519339927,1.14048689334695
3981,intercept,1.11998988808987,0.0781125474850516,0.966889295019167,1.27309048116057
3981,AIPW,1.03111646106243,0.0509306274163992,0.931292431326285,1.13094049079857
3983,Tlearner,1.01403292335292,0.0594865903910613,0.897441348623357,1.13062449808249
3983,Rlearner,1.06044968445941,0.0575246356426343,0.947703470376062,1.17319589854277
3983,intercept,1.08413068934857,0.0792247346736488,0.928850209388219,1.23941116930892
3983,AIPW,1.01406892539545,0.0449904828536568,0.925887579002282,1.10225027178862
3984,Tlearner,1.0390140353148,0.0594138445657802,0.922565039782812,1.15546303084679
3984,Rlearner,1.06916472255189,0.058613738436247,0.954283906217597,1.18404553888619
3984,intercept,1.25886934693852,0.0746942901570953,1.11246853823061,1.40527015564643
3984,AIPW,1.21578947529597,0.141630507941875,0.938193679729894,1.49338527086204
3985,Tlearner,1.03149745411084,0.064160341354675,0.905745495819876,1.15724941240179
3985,Rlearner,1.02056658239649,0.0586823368036758,0.905551315732636,1.13558184906034
3985,intercept,1.16750767318461,0.0776349940540849,1.0153430848386,1.31967226153062
3985,AIPW,1.13325869012015,0.120150210911084,0.89776427673443,1.36875310350588
3986,Tlearner,1.07893216385787,0.0599511617145619,0.961430046065991,1.19643428164975
3986,Rlearner,1.07105092757707,0.0580720661000663,0.957231769513106,1.18487008564102
3986,intercept,1.14864362748396,0.0765039716269144,0.99869584309521,1.29859141187271
3986,AIPW,1.09387092266329,0.0489115922575534,0.998004201838486,1.1897376434881
3987,Tlearner,1.09583356367643,0.0617968852291197,0.974713894270596,1.21695323308226
3987,Rlearner,1.06956008932348,0.060190548849529,0.951588781368703,1.18753139727825
3987,intercept,1.25417786418151,0.0816956536589653,1.09405438300994,1.41430134535309
3987,AIPW,1.03340284632446,0.057558454446985,0.92058827560837,1.14621741704055
3989,Tlearner,0.995532975966178,0.0617788999461512,0.874448557067218,1.11661739486514
3989,Rlearner,1.01692287239612,0.0576628189165565,0.903905824072618,1.12993992071963
3989,intercept,1.10369876705424,0.0785594580150491,0.949722229344741,1.25767530476373
3989,AIPW,0.979521830807534,0.0532653057951737,0.875121831448993,1.08392183016607
3990,Tlearner,1.04087208776769,0.062126546519924,0.919106294104786,1.16263788143059
3990,Rlearner,0.991994511608283,0.0570816214204222,0.880116589445106,1.10387243377146
3990,intercept,1.19475238200344,0.0737253105365031,1.05025077335189,1.33925399065498
3990,AIPW,1.00023117603094,0.0483743856253871,0.905417380205178,1.0950449718567
3991,Tlearner,0.977173838291331,0.0643071924125886,0.85113405721577,1.10321361936689
3991,Rlearner,0.972800341502068,0.0585132940948545,0.858116392459353,1.08748429054478
3991,intercept,1.19030419941915,0.0783125777984844,1.03681154693412,1.34379685190418
3991,AIPW,1.01144458381265,0.0499215142201324,0.913598415941195,1.10929075168411
3992,Tlearner,0.885249838779101,0.0590405112256799,0.769532563147936,1.00096711441027
3992,Rlearner,0.919128880594801,0.0548546241052131,0.8116157929631,1.0266419682265
3992,intercept,1.21080730003697,0.0682510481515213,1.07703524565998,1.34457935441395
3992,AIPW,0.874227444321105,0.113259862150407,0.652238114506307,1.0962167741359
3993,Tlearner,0.992211596969203,0.0587384557515034,0.877086339188757,1.10733685474965
3993,Rlearner,1.04080418123661,0.054846597399141,0.933306825659726,1.1483015368135
3993,intercept,1.18383812512964,0.0711170026897487,1.04444879985773,1.32322745040154
3993,AIPW,1.05159532409082,0.0480344146348096,0.957447871406592,1.14574277677505
3994,Tlearner,0.968719261041784,0.0589670468547725,0.853145972931744,1.08429254915182
3994,Rlearner,0.984132940864783,0.0573918741618464,0.871646934502309,1.09661894722726
3994,intercept,1.12375505542408,0.0798872497330388,0.967176045947324,1.28033406490084
3994,AIPW,1.03189390459493,0.0486682155331325,0.936504202149994,1.12728360703987
3995,Tlearner,1.01674075808789,0.0622386329023924,0.894755279152192,1.13872623702359
3995,Rlearner,1.04655263677684,0.0625755541087557,0.923906804411041,1.16919846914264
3995,intercept,1.2672924113249,0.0841986891366432,1.10226298061707,1.43232184203272
3995,AIPW,1.01251622274494,0.0570080418136873,0.900780460790114,1.12425198469977
3996,Tlearner,1.06416707534727,0.058576402770303,0.949359435573561,1.17897471512097
3996,Rlearner,1.02457293575023,0.0579781163624892,0.910937915788274,1.13820795571218
3996,intercept,1.13454299156711,0.086351522891018,0.965294006700712,1.3037919764335
3996,AIPW,0.996146085253964,0.0558383696499542,0.886702880740053,1.10558928976787
3997,Tlearner,0.985517226388468,0.0627891606363146,0.862452732921791,1.10858171985514
3997,Rlearner,0.954736793758284,0.0605644345602497,0.836032683276162,1.07344090424041
3997,intercept,1.17594055965376,0.0860062061454706,1.00736839560864,1.34451272369889
3997,AIPW,0.968563591399364,0.0456299363062839,0.879128916239047,1.05799826655968
3998,Tlearner,0.821205429950387,0.0610170455751811,0.701614218179993,0.940796641720781
3998,Rlearner,0.923255939687367,0.0553795957349126,0.814713926568551,1.03179795280618
3998,intercept,1.04871460490724,0.0799075079895137,0.892095889247795,1.20533332056669
3998,AIPW,0.858556996953768,0.0405515059564557,0.779076045279115,0.938037948628422
3999,Tlearner,1.01526102800963,0.0583965107934208,0.900805970031725,1.12971608598754
3999,Rlearner,1.04840078448057,0.0567417951445282,0.937188909579142,1.15961265938199
3999,intercept,1.1448309631891,0.0752274584526551,0.997385144621896,1.2922767817563
3999,AIPW,1.03038727044343,0.046139757978665,0.939953344805246,1.12082119608161
4000,Tlearner,1.08036350644059,0.0608697731899319,0.961060943241197,1.19966606963997
4000,Rlearner,1.08268840054239,0.0551542004324622,0.974588154098661,1.19078864698612
4000,intercept,1.18818180480756,0.0741868403440127,1.04277559773329,1.33358801188182
4000,AIPW,1.0573954584727,0.0469107264761651,0.96545043457942,1.14934048236599
4001,Tlearner,1.05140826220928,0.0613767655431107,0.931112012257227,1.17170451216134
4001,Rlearner,1.04635873387898,0.0586104187273547,0.931484424054553,1.16123304370341
4001,intercept,1.09562850041378,0.078661166133632,0.941452614791858,1.2498043860357
4001,AIPW,1.03356081779119,0.0565166241596163,0.922788234438337,1.14433340114403
4002,Tlearner,0.951715928598681,0.0604215910032796,0.833291786343644,1.07014007085372
4002,Rlearner,0.965815836231206,0.0589216727204944,0.850331479790181,1.08130019267223
4002,intercept,1.11270839242484,0.0798223502578258,0.956256585919498,1.26916019893018
4002,AIPW,0.982464714215998,0.047243404370725,0.889867641649377,1.07506178678262
4003,Tlearner,0.886805832974545,0.0650432847213451,0.759323337484524,1.01428832846457
4003,Rlearner,0.953797528964065,0.0604566206360144,0.835304729890476,1.07229032803765
4003,intercept,1.04742521157795,0.0799449701412028,0.890733070101195,1.20411735305471
4003,AIPW,1.04289849658864,0.116195085444368,0.815156129117677,1.2706408640596
4004,Tlearner,0.931092847523963,0.0566372175251134,0.82008594099018,1.04209975405775
4004,Rlearner,0.934725793376436,0.0540918538687762,0.828707707936631,1.04074387881624
4004,intercept,1.05607562751432,0.0807931994185193,0.897720956654025,1.21443029837462
4004,AIPW,0.916288208889128,0.0473204279462578,0.823540170114463,1.00903624766379
4006,Tlearner,1.08050112292557,0.0588366606547325,0.965183387071693,1.19581885877945
4006,Rlearner,1.04428879897394,0.0584344476999396,0.929759386025571,1.15881821192231
4006,intercept,1.29934463944381,0.0811585974724192,1.14027378839787,1.45841549048975
4006,AIPW,1.11793512532959,0.0431989359634607,1.03326521084121,1.20260503981798
4007,Tlearner,1.00439790938269,0.0609073478762807,0.885021701151329,1.12377411761405
4007,Rlearner,1.01858476680421,0.0605934943831267,0.899823700115853,1.13734583349257
4007,intercept,1.23663901303197,0.0806862752424256,1.07849391355681,1.39478411250712
4007,AIPW,1.04152084632456,0.0490272808651081,0.945427375828948,1.13761431682017
4009,Tlearner,0.98828376145485,0.0605172534826518,0.869672124185572,1.10689539872413
4009,Rlearner,1.02390129907985,0.0597022998070267,0.906886941663861,1.14091565649583
4009,intercept,1.21583398582308,0.0782805460989368,1.06240411546917,1.369263856177
4009,AIPW,1.04912840334548,0.0617891569193696,0.928021655783512,1.17023515090744
4010,Tlearner,0.937232870930186,0.0611166974323778,0.817446345108694,1.05701939675168
4010,Rlearner,0.977653990900244,0.0635167530363885,0.853163442533997,1.10214453926649
4010,intercept,1.21445732759473,0.0834314318645432,1.05093172114023,1.37798293404924
4010,AIPW,0.949861161734988,0.0576586493509029,0.836850209007218,1.06287211446276
4011,Tlearner,1.03281257752518,0.0593945687264935,0.916401361943962,1.14922379310639
4011,Rlearner,1.01157660571797,0.0622266091978973,0.889614692810038,1.13353851862589
4011,intercept,1.1494810346445,0.0857079171238374,0.98149351708178,1.31746855220722
4011,AIPW,1.09857419932736,0.0874864778038461,0.927100702831823,1.2700476958229
4012,Tlearner,0.955336206728328,0.0619221926437564,0.833970939302815,1.07670147415384
4012,Rlearner,1.01824617222949,0.0610320029879135,0.898625644468844,1.13786669999015
4012,intercept,1.17818847045732,0.0818550022957707,1.01775266595761,1.33862427495703
4012,AIPW,1.00934475738407,0.0569559686904769,0.89771105875074,1.12097845601741
4013,Tlearner,0.989787314868576,0.0606615447558974,0.870892871900453,1.1086817578367
4013,Rlearner,1.04624094025881,0.0597488706329149,0.929135305701357,1.16334657481627
4013,intercept,1.17014598815988,0.0774503805056785,1.01834324236875,1.32194873395101
4013,AIPW,1.05198378197517,0.049731821051132,0.954509412714954,1.14945815123539
4014,Tlearner,1.00196884993149,0.0593253008490943,0.885693396895261,1.11824430296772
4014,Rlearner,0.967522157356246,0.0598257323896082,0.850265876523883,1.08477843818861
4014,intercept,1.24826352058314,0.0751560142931628,1.10095773256854,1.39556930859774
4014,AIPW,0.98452841006714,0.0508508711959005,0.884860702523175,1.0841961176111
4015,Tlearner,0.986819573084298,0.0624811392594681,0.864358790422709,1.10928035574589
4015,Rlearner,1.00499292495762,0.0575560021044719,0.89218523373874,1.11780061617649
4015,intercept,1.19726538603013,0.0769647072938521,1.04641455973418,1.34811621232608
4015,AIPW,0.952160660901112,0.0453324043437926,0.863309148387279,1.04101217341495
4016,Tlearner,1.08631556576688,0.0648412516216556,0.959229047875937,1.21340208365783
4016,Rlearner,1.07786652761831,0.0634650788967963,0.953477258704599,1.20225579653203
4016,intercept,1.16500213489729,0.0828693830318559,1.00257814415485,1.32742612563973
4016,AIPW,1.07157415234848,0.0556159120700374,0.962566964691207,1.18058134000575
4017,Tlearner,0.910657179760065,0.0629696778778635,0.787238879001364,1.03407548051877
4017,Rlearner,0.894068051063944,0.0622464424372848,0.77206726572112,1.01606883640677
4017,intercept,1.12519033643539,0.0931127535540837,0.942689339469389,1.3076913334014
4017,AIPW,0.948553976990116,0.0681304360526331,0.815018322326956,1.08208963165328
4018,Tlearner,0.96239357208227,0.0642981251273891,0.836371562559138,1.0884155816054
4018,Rlearner,0.832042987986798,0.0622633459650172,0.710009072338407,0.954076903635189
4018,intercept,1.08974284500357,0.0778595384730448,0.937138149596404,1.24234754041074
4018,AIPW,0.953071079720428,0.0439534889829863,0.866922241313775,1.03921991812708
4020,Tlearner,1.00650483030313,0.0553998807077746,0.897923059368074,1.11508660123818
4020,Rlearner,1.03259786174419,0.0547316705096313,0.925325758731595,1.13986996475678
4020,intercept,1.19443618297283,0.0738667123999032,1.04965742666902,1.33921493927664
4020,AIPW,0.998710192422603,0.0600148880204193,0.881081011902581,1.11633937294262
4021,Tlearner,0.983929317446972,0.0585301185030314,0.869212393170169,1.09864624172378
4021,Rlearner,0.98111516409591,0.0630721028795527,0.857496114022782,1.10473421416904
4021,intercept,1.18996503870749,0.0816656414222741,1.02990038151983,1.35002969589514
4021,AIPW,1.01419383176427,0.0447915747503478,0.926402345253591,1.10198531827495
4023,Tlearner,1.08709886473781,0.0601735349582725,0.969160903397136,1.20503682607849
4023,Rlearner,1.10358528952009,0.0545179180229591,0.996732133682987,1.2104384453572
4023,intercept,1.1934144925982,0.07608065046389,1.04429641768897,1.34253256750742
4023,AIPW,1.13074326054341,0.0579542330724338,1.01715296372144,1.24433355736538
4024,Tlearner,0.979018701864043,0.0586598703746581,0.864047468591925,1.09398993513616
4024,Rlearner,1.04787357264793,0.0608095173102057,0.928689108802666,1.1670580364932
4024,intercept,1.17954929628089,0.0810095922338958,1.02077049550246,1.33832809705933
4024,AIPW,1.05120868304341,0.0499306126567561,0.953344682236167,1.14907268385065
4025,Tlearner,1.04983331912924,0.0611699164863963,0.929942485878576,1.1697241523799
4025,Rlearner,1.05883543044553,0.059141508197189,0.942920204387659,1.1747506565034
4025,intercept,1.16462506818165,0.0794465605126164,1.00890980957692,1.32034032678637
4025,AIPW,1.04143729895681,0.0522325896660102,0.939061423211427,1.14381317470219
4026,Tlearner,0.795888521348309,0.057742923718669,0.682714470497674,0.909062572198944
4026,Rlearner,0.86293223763045,0.0524378519151775,0.760155936450058,0.965708538810843
4026,intercept,1.00892772623894,0.0726571140493462,0.866519782702226,1.15133566977566
4026,AIPW,0.772600887742642,0.0626235388896303,0.649858751518967,0.895343023966318
4027,Tlearner,0.997355292131643,0.0577160684721585,0.884233876596965,1.11047670766632
4027,Rlearner,1.0026175010464,0.0582653258913045,0.888419560751957,1.11681544134085
4027,intercept,1.17839712875268,0.0725921122898397,1.03611658866459,1.32067766884076
4027,AIPW,0.991806965858926,0.0476113648229828,0.89848869080588,1.08512524091197
4028,Tlearner,1.03193964984429,0.0620984116430513,0.910228999526763,1.15365030016181
4028,Rlearner,1.00156270906165,0.0624534274903882,0.879156240469406,1.1239691776539
4028,intercept,1.24534443779727,0.0811582967615274,1.08627417614467,1.40441469944986
4028,AIPW,1.04084544416234,0.0419539102316361,0.958615780108331,1.12307510821634
4029,Tlearner,1.02432432057957,0.066494143083858,0.893998194952353,1.15465044620678
4029,Rlearner,1.06564188373224,0.0608758886129487,0.946327334523988,1.18495643294049
4029,intercept,1.2837747761167,0.0850419906584432,1.11709247442616,1.45045707780725
4029,AIPW,1.05627817182506,0.0684424753237219,0.922130920190567,1.19042542345956
4030,Tlearner,0.943081856080359,0.0619434710966801,0.821674883653468,1.06448882850725
4030,Rlearner,0.923400875925708,0.0591254558797799,0.807517111831827,1.03928464001959
4030,intercept,1.17640015486808,0.0833122389754167,1.01310816647627,1.3396921432599
4030,AIPW,0.908452201476434,0.0603153808082739,0.790234055092217,1.02667034786065
4031,Tlearner,0.970564647429906,0.0608991410169096,0.851204524347337,1.08992477051247
4031,Rlearner,0.994768462002594,0.0627134879858262,0.87185228420549,1.1176846397997
4031,intercept,1.04852015049045,0.0799033764720759,0.89190953260518,1.20513076837572
4031,AIPW,0.990097421887176,0.0529071511044828,0.886399405722389,1.09379543805196
4032,Tlearner,1.02323795294101,0.0596480889593216,0.906329846834095,1.14014605904792
4032,Rlearner,1.00274643440682,0.0586691159225065,0.887757080193903,1.11773578861974
4032,intercept,1.14442302162021,0.0790883985027244,0.989409760554871,1.29943628268555
4032,AIPW,0.964495286662162,0.0835464681554516,0.800744209077476,1.12824636424685
4033,Tlearner,0.939595228976776,0.0599882448241844,0.822020429625603,1.05717002832795
4033,Rlearner,0.972330582345915,0.0566736018246163,0.861252363895503,1.08340880079633
4033,intercept,1.13642902467148,0.0783716428280646,0.982820604728475,1.29003744461449
4033,AIPW,0.977536593179788,0.048486441982804,0.882503166893492,1.07257001946608
4034,Tlearner,0.903868128004379,0.108731011428289,0.69075926160232,1.11697699440644
4034,Rlearner,0.992261063608379,0.05967011438286,0.875309788464588,1.10921233875217
4034,intercept,1.14574729287045,0.0820484591658297,0.984932312905426,1.30656227283548
4034,AIPW,0.961860846646283,0.0520242082054992,0.859893398563504,1.06382829472906
4035,Tlearner,0.881845770151823,0.0632928040925112,0.757794153649951,1.00589738665369
4035,Rlearner,0.885177555746289,0.0558953410943053,0.775624700297869,0.99473041119471
4035,intercept,1.15385286284896,0.0802443577918062,0.99657392157702,1.3111318041209
4035,AIPW,0.882876266614248,0.0419144319084415,0.800723980073703,0.965028553154794
4036,Tlearner,1.03952716164627,0.0601384193702097,0.921658025593498,1.15739629769905
4036,Rlearner,1.02871640551462,0.0575169779585953,0.915985200216185,1.14144761081305
4036,intercept,1.17252962201929,0.0730542744413588,1.02934324411423,1.31571599992436
4036,AIPW,1.00508103770046,0.0776736933312738,0.85284059877116,1.15732147662975
4037,Tlearner,0.951201629922901,0.0641282876053147,0.825512495826258,1.07689076401954
4037,Rlearner,0.983970547729585,0.0612204103809624,0.863980748264137,1.10396034719503
4037,intercept,1.10722372177452,0.0809694756893559,0.948523549423386,1.26592389412566
4037,AIPW,1.02479050536669,0.0571171485016375,0.912840894303483,1.1367401164299
4038,Tlearner,0.896821234671166,0.0606966061107162,0.777858072710349,1.01578439663198
4038,Rlearner,0.92497889762258,0.0590007356803987,0.809339580627631,1.04061821461753
4038,intercept,1.12916494643487,0.0796706261407061,0.973010519199081,1.28531937367065
4038,AIPW,0.929100143302613,0.0567657321768975,0.817839308235894,1.04036097836933
4039,Tlearner,0.980188331112827,0.0628668903168767,0.856971490271718,1.10340517195393
4039,Rlearner,1.03654976034399,0.0590412717544999,0.920830994103732,1.15226852658425
4039,intercept,1.21151115527674,0.0857468453673003,1.04344733835683,1.37957497219665
4039,AIPW,0.986467222743095,0.0790309218947814,0.831566615829324,1.14136782965687
4040,Tlearner,0.838577048326841,0.0680626711761621,0.705176664129971,0.971977432523711
4040,Rlearner,0.822355860917536,0.0652761450133075,0.69441696764184,0.950294754193233
4040,intercept,1.0680716994686,0.0792619602820223,0.912718257315831,1.22342514162136
4040,AIPW,0.876771066251266,0.0504542397703446,0.77788075630139,0.975661376201141
4041,Tlearner,1.03024059748534,0.0638826698300211,0.905032865382233,1.15544832958844
4041,Rlearner,1.06705296965655,0.061577562908816,0.946363164099518,1.18774277521358
4041,intercept,1.20676321129832,0.0814661147082053,1.04708962647024,1.3664367961264
4041,AIPW,1.08017327846805,0.0501234043198808,0.98193140600108,1.17841515093501
4042,Tlearner,1.10533539947844,0.0606305861582464,0.986501634246723,1.22416916471015
4042,Rlearner,1.1134067292482,0.0545898427763531,1.00641260348485,1.22040085501156
4042,intercept,1.36022692185633,0.0763204128546835,1.21063891266115,1.50981493105151
4042,AIPW,1.0980934953103,0.0496080288646955,1.0008617587355,1.1953252318851
4043,Tlearner,0.989722582010069,0.0573452162117182,0.877328023549439,1.1021171404707
4043,Rlearner,1.01520824469837,0.0601087792573637,0.897397202199265,1.13301928719747
4043,intercept,1.08931156396176,0.0760716686112402,0.940211093483724,1.23841203443979
4043,AIPW,1.00964156320027,0.0441110953172891,0.923183816378387,1.09609931002216
4044,Tlearner,0.932390580288441,0.0598611191090746,0.815064942760392,1.04971621781649
4044,Rlearner,0.966308360105646,0.0607328147105801,0.847274230593165,1.08534248961813
4044,intercept,1.10964367117808,0.0773962565811911,0.957947008278945,1.26134033407721
4044,AIPW,0.97638668958031,0.050710404959873,0.876994295858959,1.07577908330166
4045,Tlearner,0.958268570528049,0.115073051106011,0.73272953476913,1.18380760628697
4045,Rlearner,1.05200972954037,0.0581003719984986,0.938135092934937,1.16588436614581
4045,intercept,1.20946657610699,0.0807123206437469,1.05127042764524,1.36766272456873
4045,AIPW,1.12434656738222,0.0642319621785481,0.99845192151227,1.25024121325218
4046,Tlearner,0.915719978335164,0.0613142355462826,0.795546284924845,1.03589367174548
4046,Rlearner,0.959581931073773,0.0586529703587664,0.844624221584295,1.07453964056325
4046,intercept,1.06766656953428,0.0764841055245567,0.917757722706149,1.21757541636241
4046,AIPW,0.967545305685392,0.0579739181242142,0.853916426161932,1.08117418520885
4047,Tlearner,1.01847273837966,0.0625926268538761,0.895793444048305,1.14115203271101
4047,Rlearner,1.08396186241633,0.0579437928241544,0.970394115353342,1.19752960947933
4047,intercept,1.12645738824207,0.0730605565271288,0.983258697448897,1.26965607903524
4047,AIPW,1.06168025340826,0.0448327701966959,0.973808023822739,1.14955248299379
4048,Tlearner,0.949700423998335,0.0631961999374109,0.825838148161217,1.07356269983545
4048,Rlearner,0.94993938120175,0.0636871250974603,0.825114909731831,1.07476385267167
4048,intercept,1.11508630355099,0.0878025223302441,0.94299335978371,1.28717924731827
4048,AIPW,0.971142447442273,0.0521703767889112,0.868888508936007,1.07339638594854
4049,Tlearner,1.11587212563561,0.0609432459329927,0.996425558505976,1.23531869276524
4049,Rlearner,1.18796093510567,0.0586345989855881,1.07303923284597,1.30288263736537
4049,intercept,1.33977797220965,0.0761118036639389,1.19059883702833,1.48895710739097
4049,AIPW,1.15394903705157,0.0576699003153288,1.04091603243353,1.26698204166962
4050,Tlearner,0.980030513818816,0.0603406671759682,0.8617649793508,1.09829604828683
4050,Rlearner,1.017394916392,0.055945975609982,0.907742819116475,1.12704701366752
4050,intercept,1.24506397988127,0.0765265966953909,1.09507185035831,1.39505610940424
4050,AIPW,1.06553673765276,0.0705915371279175,0.92717732488204,1.20389615042348
4051,Tlearner,0.940088979192501,0.0578199260745768,0.826764006497562,1.05341395188744
4051,Rlearner,1.00002431374231,0.0588668541880054,0.884647399650647,1.11540122783397
4051,intercept,1.19789379037687,0.0844938306808131,1.03228588224248,1.36350169851126
4051,AIPW,1.00956913876451,0.0459785473966655,0.919451185867045,1.09968709166197
4052,Tlearner,0.996790648386829,0.060020506130031,0.879152618038103,1.11442867873556
4052,Rlearner,1.06407137134058,0.0594032725183717,0.947643096640755,1.18049964604041
4052,intercept,1.1918112034092,0.0794410821972652,1.03610668230256,1.34751572451584
4052,AIPW,1.04222285172579,0.0510872226784351,0.942091895276058,1.14235380817552
4053,Tlearner,1.00317567285909,0.0627935327679457,0.880102610171883,1.1262487355463
4053,Rlearner,0.993433972092634,0.0592946620962354,0.877218569908541,1.10964937427673
4053,intercept,1.06556128587258,0.0792386137745719,0.910253602874417,1.22086896887074
4053,AIPW,0.975180611756066,0.0650992865382606,0.847586010141075,1.10277521337106
4054,Tlearner,0.908139527076744,0.0647186760470098,0.78129325289749,1.034985801256
4054,Rlearner,0.93633406428586,0.0614027958643744,0.815986795841622,1.0566813327301
4054,intercept,1.12141748335223,0.0765587542999068,0.971362324924409,1.27147264178004
4054,AIPW,0.884452486059502,0.0497499085682408,0.78694266526575,0.981962306853254
4055,Tlearner,0.990689006481776,0.0610190090325025,0.871093946405747,1.1102840665578
4055,Rlearner,1.00210989227464,0.0595786804254041,0.88533782439443,1.11888196015486
4055,intercept,1.07801600865567,0.0769982929892556,0.927099354396729,1.22893266291461
4055,AIPW,0.926789288918405,0.0544179214153655,0.820130162944289,1.03344841489252
4056,Tlearner,0.981019803707171,0.0607681440066784,0.861916430046738,1.1001231773676
4056,Rlearner,1.02219737669467,0.058650700785419,0.907244115487211,1.13715063790212
4056,intercept,1.11865400073547,0.0777550266182317,0.966254148563738,1.27105385290721
4056,AIPW,0.978743306102378,0.0548861063290326,0.871166537697474,1.08632007450728
4058,Tlearner,0.996513838142036,0.0614177961808117,0.876137169617823,1.11689050666625
4058,Rlearner,1.0115870510626,0.0546558937857445,0.904463467699698,1.11871063442551
4058,intercept,1.16924293224432,0.0697035549911769,1.03262396446161,1.30586190002702
4058,AIPW,1.02487422382677,0.0589292638545318,0.909372866671883,1.14037558098165
4059,Tlearner,1.06929445929469,0.0636102117682599,0.944620735179936,1.19396818340945
4059,Rlearner,1.04361411969093,0.0703341058585513,0.905761805323344,1.18146643405852
4059,intercept,1.16418098336071,0.092197708723665,0.983473474262326,1.34488849245909
4059,AIPW,1.14106467640853,0.0555559509960401,1.0321750124563,1.24995434036077
4060,Tlearner,0.984484290124365,0.0600321482201909,0.866823441698221,1.10214513855051
4060,Rlearner,1.02213456267891,0.0562043340752362,0.911976092116394,1.13229303324143
4060,intercept,1.22438288045661,0.0781778161863851,1.0711543607313,1.37761140018193
4060,AIPW,0.957769884894751,0.0741473665389299,0.812441046478448,1.10309872331105
4061,Tlearner,0.979465515250876,0.060471111530832,0.860944314545341,1.09798671595641
4061,Rlearner,0.982117243945794,0.0598871935868298,0.86474050138043,1.09949398651116
4061,intercept,1.24604332793882,0.0812622205298453,1.08676937570032,1.40531728017732
4061,AIPW,0.987032042307866,0.053183013153116,0.882793336527759,1.09127074808797
4062,Tlearner,1.05352770756125,0.0668484273360603,0.922507197559425,1.18454821756307
4062,Rlearner,1.06839088620368,0.0650847579422323,0.940827104694393,1.19595466771296
4062,intercept,1.19282156355541,0.0858285718273797,1.02459756277375,1.36104556433708
4062,AIPW,1.01971196621722,0.0544719083534339,0.912947025844494,1.12647690658996
4063,Tlearner,0.986658214134789,0.0681680980224142,0.853051197116261,1.12026523115332
4063,Rlearner,0.94222598173232,0.0604292287063571,0.823786869854327,1.06066509361031
4063,intercept,1.05701682192696,0.0888346622969249,0.882900883824985,1.23113276002893
4063,AIPW,0.942680274158111,0.0530389657207501,0.838723901345441,1.04663664697078
4064,Tlearner,0.915836420013209,0.0602840592822042,0.797681834978211,1.03399100504821
4064,Rlearner,0.972017887980777,0.0606155954740038,0.85321350395028,1.09082227201127
4064,intercept,1.16375256105089,0.0783711934705023,1.01014502184871,1.31736010025308
4064,AIPW,0.962857433876924,0.0485023155069885,0.867792895483227,1.05792197227062
4065,Tlearner,0.998669415830625,0.0624641977251946,0.876241837966054,1.12109699369519
4065,Rlearner,0.996970174016294,0.0620811231064737,0.875293408607808,1.11864693942478
4065,intercept,1.14580385118033,0.0915012521373622,0.966461396991103,1.32514630536956
4065,AIPW,1.0037417174461,0.0489187022255257,0.907861061084069,1.09962237380813
4066,Tlearner,0.953016645720563,0.0630473002942729,0.829446207821307,1.07658708361982
4066,Rlearner,0.96738585579126,0.0618871252588641,0.846089319177168,1.08868239240535
4066,intercept,1.19199016523153,0.0864812457999747,1.02248692346358,1.36149340699948
4066,AIPW,1.01257760794875,0.0488271331038143,0.916876427065275,1.10827878883223
4067,Tlearner,0.960066201381005,0.0677361054600821,0.827305874226237,1.09282652853577
4067,Rlearner,0.970648801550914,0.0610886603189299,0.850917227462011,1.09038037563982
4067,intercept,1.19409575751723,0.0825321097985671,1.03233282231204,1.35585869272242
4067,AIPW,1.00705404570409,0.0489989761843676,0.911016052382734,1.10309203902546
4068,Tlearner,1.06075088363981,0.0639690583575327,0.935373833134107,1.18612793414552
4068,Rlearner,1.12162404504778,0.0615210006726234,1.00104509943658,1.24220299065899
4068,intercept,1.37373473628861,0.0829076666136988,1.21123570972576,1.53623376285146
4068,AIPW,1.09990016637793,0.0634803872516774,0.975478607364641,1.22432172539122
4069,Tlearner,1.05515905179848,0.0600167436237407,0.937528395826573,1.17278970777038
4069,Rlearner,1.09807826704276,0.0618951080373977,0.976766084470244,1.21939044961527
4069,intercept,1.1819389977354,0.0832332715634268,1.01880178547108,1.34507620999972
4069,AIPW,1.09580221301423,0.055923394110177,0.986192360558286,1.20541206547018
4070,Tlearner,0.952628588829586,0.0657404345872625,0.823779704710541,1.08147747294863
4070,Rlearner,0.925769806770743,0.0647289288642565,0.798903437438945,1.05263617610254
4070,intercept,0.987859677425669,0.0789408163114576,0.833135677455212,1.14258367739613
4070,AIPW,0.986513127734773,0.0531706277497117,0.882298697345338,1.09072755812421
4071,Tlearner,1.02245466076422,0.0595026791298853,0.905831552686005,1.13907776884244
4071,Rlearner,1.05176013079667,0.0577940443435711,0.938485885362363,1.16503437623098
4071,intercept,1.2763437877868,0.0739413119671292,1.13141881633123,1.42126875924238
4071,AIPW,0.965150487301702,0.0678254388688085,0.832212627118837,1.09808834748457
4073,Tlearner,1.03688369977424,0.0632392141606204,0.912937117608809,1.16083028193967
4073,Rlearner,1.03116704063844,0.0619419799590366,0.909762990787622,1.15257109048925
4073,intercept,1.13087208506947,0.0796739963189878,0.974711052284255,1.28703311785469
4073,AIPW,1.04081806203596,0.0511213739538202,0.940620169086475,1.14101595498545
4074,Tlearner,1.0617127048734,0.0598795886369689,0.944350867735863,1.17907454201093
4074,Rlearner,1.08208595181954,0.0557538758562194,0.972810363142832,1.19136154049625
4074,intercept,1.17187089185961,0.0787334423195659,1.01755334491326,1.32618843880596
4074,AIPW,1.16434265681291,0.0981819142763154,0.971906104831328,1.35677920879448
4075,Tlearner,1.09915374475657,0.0600171490864151,0.981522294092426,1.21678519542072
4075,Rlearner,1.10992802964797,0.064319684732,0.98386376407628,1.23599229521966
4075,intercept,1.18420401703576,0.0826507725703246,1.02220850279792,1.3461995312736
4075,AIPW,1.09523064629028,0.0459220397793108,1.00522344832284,1.18523784425773
4077,Tlearner,1.02669172318638,0.0610552658263648,0.907025601100187,1.14635784527258
4077,Rlearner,1.03893595004261,0.0566562796146216,0.92789168249992,1.1499802175853
4077,intercept,1.21576147789532,0.089451081276707,1.04043735859297,1.39108559719766
4077,AIPW,1.00806310317238,0.0482646089585242,0.913464469613677,1.10266173673109
4078,Tlearner,1.02991181761286,0.0601563792350702,0.912007480871787,1.14781615435393
4078,Rlearner,1.04567180473038,0.0559928710633223,0.935927794055271,1.15541581540548
4078,intercept,1.1209036478012,0.077361357923979,0.969275386270206,1.2725319093322
4078,AIPW,1.08155258947962,0.0502378966728733,0.983086312000784,1.18001886695845
4079,Tlearner,1.07138985724246,0.0585773947908747,0.956580273144164,1.18619944134076
4079,Rlearner,1.0882287048412,0.0532294347110994,0.983900929890023,1.19255647979238
4079,intercept,1.15138783246732,0.0753212811317232,1.00375812144914,1.2990175434855
4079,AIPW,1.17952956923543,0.0820437812980856,1.01872375789118,1.34033538057968
4080,Tlearner,1.01635358065206,0.0612517462412264,0.896302364029072,1.13640479727505
4080,Rlearner,1.09413762313422,0.0583086229397661,0.979854822184156,1.20842042408429
4080,intercept,1.14123232257256,0.0803175404769233,0.983809943237794,1.29865470190733
4080,AIPW,1.09206241761343,0.0535682484191776,0.987068650711842,1.19705618451502
4081,Tlearner,1.03192838872913,0.0598998918433073,0.914526758038399,1.14933001941985
4081,Rlearner,1.04131301636589,0.053071978453497,0.937293850008749,1.14533218272303
4081,intercept,1.35123828045104,0.0752760947504695,1.20369713474012,1.49877942616196
4081,AIPW,0.986503361434013,0.095750977762729,0.798831445019064,1.17417527784896
4082,Tlearner,1.04816072952854,0.060890622381449,0.928817302664673,1.16750415639241
4082,Rlearner,1.04479037950661,0.0587824450194493,0.929578904345281,1.16000185466793
4082,intercept,1.14249214291126,0.077311272178739,0.99096204944093,1.29402223638159
4082,AIPW,1.14437899294281,0.102550104214854,0.943380788681692,1.34537719720392
4083,Tlearner,1.10489944788583,0.0635639918302038,0.980316313185029,1.22948258258662
4083,Rlearner,1.06829152550092,0.0629899378347291,0.944833515956437,1.19174953504541
4083,intercept,1.23275144416577,0.0766700117972456,1.08247822104316,1.38302466728837
4083,AIPW,0.972687320262309,0.0630457163729516,0.849117716171324,1.09625692435329
4084,Tlearner,0.928921233497953,0.0620708589145257,0.807264585536016,1.05057788145989
4084,Rlearner,0.990653557811624,0.0584035875815819,0.876184629583793,1.10512248603946
4084,intercept,1.0925035398014,0.079078730349281,0.937509228316814,1.247497851286
4084,AIPW,0.992329849677423,0.0659767977800532,0.863015326028519,1.12164437332633
4085,Tlearner,1.11104243246693,0.0628663839607003,0.987826584065686,1.23425828086816
4085,Rlearner,1.11126179402166,0.0616404286930572,0.990448773791654,1.23207481425166
4085,intercept,1.27932672676267,0.0857158388598735,1.11132368259732,1.44732977092802
4085,AIPW,1.08241654648038,0.0487188194503075,0.986927660357779,1.17790543260298
4086,Tlearner,0.995916237085592,0.0599123452963889,0.878490198075342,1.11334227609584
4086,Rlearner,1.04235378492747,0.0624916184472241,0.919872463435291,1.16483510641965
4086,intercept,1.22986951917215,0.0819540718381556,1.06923953836937,1.39049949997494
4086,AIPW,1.10630281981951,0.0610003712600645,0.98674209214978,1.22586354748923
4087,Tlearner,0.896038074322625,0.0628915350034293,0.772772930783463,1.01930321786179
4087,Rlearner,0.952747726488179,0.0581734878864064,0.838729785375745,1.06676566760061
4087,intercept,1.07704379807244,0.0779448544719149,0.924271883307485,1.22981571283739
4087,AIPW,0.966411868750619,0.0504351501489496,0.867558974458677,1.06526476304256
4088,Tlearner,1.12040354144321,0.0634129604358497,0.996116422835885,1.24469066005054
4088,Rlearner,1.16426218974941,0.0600341212051147,1.04659747434388,1.28192690515495
4088,intercept,1.24464376644069,0.0876522497322803,1.07284535696543,1.41644217591596
4088,AIPW,1.17192764701421,0.0496219117712865,1.07466869994248,1.26918659408593
4089,Tlearner,1.04827866131396,0.0595278591534647,0.931606201296399,1.16495112133153
4089,Rlearner,0.989708069000796,0.0581744449768661,0.875688252025531,1.10372788597606
4089,intercept,1.048167718984,0.0766536804887589,0.897926505226032,1.19840893274197
4089,AIPW,1.00686876971017,0.0436756202282753,0.921264554062745,1.09247298535758
4090,Tlearner,0.98483041632957,0.0626066193976005,0.862123697116467,1.10753713554267
4090,Rlearner,0.993387903115737,0.061854621067097,0.872155073546855,1.11462073268462
4090,intercept,1.13938141663977,0.0897388118997735,0.963493345316211,1.31526948796332
4090,AIPW,1.01379383731257,0.0628880141066589,0.890533329663514,1.13705434496162
4091,Tlearner,0.892825013696339,0.0606907826904388,0.773873265429532,1.01177676196315
4091,Rlearner,0.900253031009194,0.0584164885800697,0.785758817288962,1.01474724472943
4091,intercept,1.08586466492968,0.0830364754913455,0.923113172966644,1.24861615689272
4091,AIPW,0.905397693842517,0.0523884199623444,0.802716390716322,1.00807899696871
4092,Tlearner,1.1374783449976,0.0602392122960456,1.01941165844029,1.25554503155491
4092,Rlearner,1.12314061920348,0.0568570292943917,1.01170288951854,1.23457834888843
4092,intercept,1.28629263377737,0.0748360714886943,1.13961393365953,1.43297133389521
4092,AIPW,1.12201448047031,0.0654339304214824,0.993763976844201,1.25026498409641
4093,Tlearner,1.0025070908382,0.0617680835441264,0.88144387169765,1.12357030997875
4093,Rlearner,0.995569018634537,0.061189108102502,0.875640570507505,1.11549746676157
4093,intercept,1.14659222812327,0.0820225361070071,0.985828057353538,1.30735639889301
4093,AIPW,1.01334278576131,0.0599788364400382,0.89578426633884,1.13090130518379
4094,Tlearner,1.02723100626388,0.0641183619699807,0.90156132605501,1.15290068647274
4094,Rlearner,1.02318522301018,0.0605298165925783,0.904548962497914,1.14182148352245
4094,intercept,1.27766759800774,0.083571197231276,1.11386805143444,1.44146714458104
4094,AIPW,1.07611088101438,0.0526301719657618,0.972955743961484,1.17926601806727
4095,Tlearner,1.08478661771721,0.0611126575165755,0.965008009985194,1.20456522544923
4095,Rlearner,1.11107541765489,0.0571739564758289,0.999016522108601,1.22313431320117
4095,intercept,1.20130419500366,0.0729881263657828,1.05824746732672,1.34436092268059
4095,AIPW,1.12260492058107,0.0552801389372037,1.01425584826415,1.23095399289799
4096,Tlearner,0.961418538456712,0.0592170146756149,0.845355322420527,1.0774817544929
4096,Rlearner,0.966693283039026,0.0607957391157735,0.847535823958617,1.08585074211943
4096,intercept,1.10985729944351,0.0832360411347912,0.946714658819317,1.2729999400677
4096,AIPW,0.99851986127453,0.0515501340174437,0.89748159860034,1.09955812394872
4097,Tlearner,0.987323178009615,0.0583673294687105,0.872925314377159,1.10172104164207
4097,Rlearner,0.961612300736926,0.0572206495248876,0.849461888496158,1.0737627129777
4097,intercept,1.15579365928966,0.0793255870860887,1.00031550860093,1.31127180997839
4097,AIPW,1.00632167873588,0.0678046060850809,0.873424650809123,1.13921870666264
4098,Tlearner,1.01708372897726,0.0609430064012035,0.897637631321307,1.13652982663321
4098,Rlearner,1.04975170146648,0.0573213604789772,0.937403899382846,1.16209950355011
4098,intercept,1.15015377956703,0.0768562808800949,0.99951546904204,1.30079209009201
4098,AIPW,1.01844562740201,0.051792260196076,0.916932797417699,1.11995845738632
4099,Tlearner,1.03132870325563,0.0582777695725615,0.917106373794083,1.14555103271717
4099,Rlearner,1.0207184874392,0.0565803034191711,0.909823130503281,1.13161384437513
4099,intercept,1.19678147598106,0.0791650923935171,1.04161789488977,1.35194505707235
4099,AIPW,1.0963990794665,0.0561644042789185,0.986316847079817,1.20648131185318
4100,Tlearner,0.992244226570795,0.0626424407985134,0.869467298702026,1.11502115443956
4100,Rlearner,1.00149010280641,0.0576498397746782,0.888498493133535,1.11448171247928
4100,intercept,1.19183009285016,0.0868291221018038,1.02164501353062,1.36201517216969
4100,AIPW,1.00566262080611,0.0466637515162125,0.914201667834335,1.09712357377789
4101,Tlearner,0.94856633717382,0.0622024561619968,0.826651763346374,1.07048091100127
4101,Rlearner,1.01194946645026,0.0574621515875433,0.899325718864494,1.12457321403603
4101,intercept,1.11254677166595,0.0792394634461011,0.957237423311588,1.2678561200203
4101,AIPW,0.940564089077828,0.0433096176972909,0.855677238391138,1.02545093976452
4102,Tlearner,1.0467100658498,0.0640944633100201,0.921087226153739,1.17233290554587
4102,Rlearner,0.961349137927729,0.0608455091012767,0.842094131468222,1.08060414438723
4102,intercept,1.1821633407205,0.0796130643806435,1.02612173453444,1.33820494690656
4102,AIPW,1.10856943843515,0.0579453827428859,0.994996488259097,1.22214238861121
4103,Tlearner,0.957405858786238,0.0638308862289007,0.832299620676318,1.08251209689616
4103,Rlearner,1.01201525229946,0.0602381808259244,0.893950587386442,1.13007991721249
4103,intercept,1.10143599892504,0.0838076083191775,0.937173086619452,1.26569891123063
4103,AIPW,1.00168014010863,0.0508779713201938,0.901959316321054,1.10140096389621
4104,Tlearner,0.940334612437081,0.0599529656830546,0.822828958931929,1.05784026594223
4104,Rlearner,0.899589313305285,0.0503009171761796,0.801001327250641,0.998177299359929
4104,intercept,1.06533827286664,0.075691125604454,0.916983666681913,1.21369287905137
4104,AIPW,0.928423065195957,0.0527437399854378,0.825045334824499,1.03180079556742
4105,Tlearner,1.11559208234275,0.0641976426774624,0.989767014802547,1.24141714988294
4105,Rlearner,1.09178008788036,0.0635496220638656,0.967225117404054,1.21633505835667
4105,intercept,1.26356066727026,0.0843529514780498,1.09822888237328,1.42889245216724
4105,AIPW,1.10017985820336,0.0525654397789713,0.997151596236577,1.20320812017014
4106,Tlearner,1.02526360147788,0.0572024818689296,0.913148797188472,1.13737840576729
4106,Rlearner,1.03993245700655,0.0579378370330032,0.926376383079718,1.15348853093339
4106,intercept,1.14219119277457,0.0734650099964205,0.99819977318159,1.28618261236756
4106,AIPW,1.09461530508467,0.0484057032461582,0.999740126722197,1.18949048344714
4107,Tlearner,1.03070482285051,0.0604209451622483,0.912281946420637,1.14912769928039
4107,Rlearner,1.04713403326321,0.057356896936947,0.934716581001813,1.1595514855246
4107,intercept,1.15733378690607,0.0740817986411878,1.01213346156934,1.3025341122428
4107,AIPW,1.03431073230729,0.0534689822701445,0.929511527057802,1.13910993755677
4108,Tlearner,0.95782752769996,0.0626742268727603,0.834988300270458,1.08066675512946
4108,Rlearner,0.924612931142151,0.0596236760777501,0.807752673403879,1.04147318888042
4108,intercept,1.06731458451302,0.0828394322515703,0.904949297299941,1.2296798717261
4108,AIPW,0.974843638787789,0.0507207486102524,0.875430971511694,1.07425630606388
4110,Tlearner,1.05313641806484,0.0649864552516795,0.925765306288623,1.18050752984105
4110,Rlearner,1.06044212634967,0.0624208120287882,0.9380995828875,1.18278466981184
4110,intercept,1.21181405102692,0.0841510238487201,1.04687804428343,1.37675005777041
4110,AIPW,1.07254427331025,0.0516625136008052,0.971285746652673,1.17380279996783
4112,Tlearner,1.04640432267428,0.0628264036409836,0.923266834259773,1.16954181108878
4112,Rlearner,1.05987214602716,0.0594980615888942,0.94325808816298,1.17648620389134
4112,intercept,1.14319135912436,0.0740719187119224,0.998010398448996,1.28837231979973
4112,AIPW,1.04158787557297,0.0595833527138062,0.924804504253908,1.15837124689203
4113,Tlearner,1.0453261063249,0.0614383573202465,0.92490913870791,1.16574307394188
4113,Rlearner,1.08565487892508,0.0623865236106041,0.963379539527641,1.20793021832252
4113,intercept,1.20938174120671,0.0862302517552622,1.0403704477664,1.37839303464703
4113,AIPW,1.05822251708393,0.0504913848217195,0.959259402833361,1.1571856313345
4114,Tlearner,1.04640977260377,0.0599720183587465,0.928866776540451,1.16395276866709
4114,Rlearner,1.1031002178917,0.0609547293738842,0.983631143631503,1.2225692921519
4114,intercept,1.26673994194682,0.0845451689970738,1.10103141071255,1.43244847318108
4114,AIPW,0.991508696825531,0.0931854867565466,0.8088651427827,1.17415225086836
4115,Tlearner,0.934675627308847,0.0637126146927689,0.809801197150143,1.05955005746755
4115,Rlearner,1.02829225427039,0.0535854051528693,0.923266790073778,1.133317718467
4115,intercept,1.10393465144477,0.0768034285760623,0.953399931435684,1.25446937145385
4115,AIPW,1.01491592017953,0.0495878197655402,0.917723793439072,1.11210804691999
4116,Tlearner,1.01717757827376,0.0628970160310884,0.893901692117793,1.14045346442974
4116,Rlearner,1.03619846668979,0.060962210942808,0.916714728823949,1.15568220455562
4116,intercept,1.22600368293841,0.0867600531286787,1.0559539788062,1.39605338707062
4116,AIPW,1.08861486072534,0.0533231444128363,0.984101497676178,1.1931282237745
4117,Tlearner,0.9667692602274,0.0642151299848139,0.840909918194607,1.09262860226019
4117,Rlearner,0.972159124257365,0.0641899901627289,0.846349055370436,1.09796919314429
4117,intercept,1.03837023572854,0.0884203805581664,0.865066289834535,1.21167418162255
4117,AIPW,0.993678268081496,0.054037504645686,0.887764758975952,1.09959177718704
4118,Tlearner,0.912135067906973,0.0616786702200813,0.79124709566129,1.03302304015266
4118,Rlearner,0.956415289127091,0.0602927891453596,0.838243593874718,1.07458698437946
4118,intercept,1.23661252800832,0.0805075389179546,1.07881775172912,1.39440730428751
4118,AIPW,1.05495350707561,0.0590023227609967,0.939308954464052,1.17059805968716
4120,Tlearner,0.942482063388586,0.0635374397061721,0.817950969894604,1.06701315688257
4120,Rlearner,0.95501631960939,0.0632735023826679,0.831002533763651,1.07903010545513
4120,intercept,1.14335333110283,0.0834287806879958,0.979832920954362,1.30687374125131
4120,AIPW,0.935168806403894,0.0490026604249969,0.8391235919709,1.03121402083689
4121,Tlearner,0.933697699364669,0.0605060007931144,0.815108116961613,1.05228728176773
4121,Rlearner,0.959097268784096,0.0605965866908219,0.840330141284026,1.07786439628417
4121,intercept,1.21109538543387,0.0766650509107397,1.06083188564882,1.36135888521892
4121,AIPW,1.00154891440124,0.0487855399606145,0.905929256078434,1.09716857272404
4122,Tlearner,0.97879065838406,0.0643959210586473,0.852576972357827,1.10500434441029
4122,Rlearner,0.959218907210669,0.0592869604877589,0.843018599901812,1.07541921451953
4122,intercept,1.15256262016522,0.0802865568884865,0.995200968663785,1.30992427166665
4122,AIPW,0.880756155610776,0.0812129416708429,0.721578789935924,1.03993352128563
4123,Tlearner,0.894513961023668,0.0654766706721371,0.766182044678689,1.02284587736865
4123,Rlearner,0.857700486754632,0.0585817414747581,0.742882383312469,0.972518590196794
4123,intercept,1.10587185071813,0.0868376531179563,0.935670050606932,1.27607365082932
4123,AIPW,0.91176277458034,0.065031835353285,0.784300377287902,1.03922517187278
4125,Tlearner,0.941458400060703,0.0630236175237777,0.817934379538672,1.06498242058273
4125,Rlearner,0.957693945034642,0.0605918732877603,0.838936055634817,1.07645183443447
4125,intercept,0.971080100991786,0.0796972099339716,0.814873569521202,1.12728663246237
4125,AIPW,0.961518242880334,0.0407975621728043,0.881555021021638,1.04148146473903
4126,Tlearner,1.02725629989822,0.0586128478272323,0.912377229125517,1.14213537067092
4126,Rlearner,1.07251312057106,0.05548911447839,0.963756454659397,1.18126978648273
4126,intercept,1.22796972209431,0.0704874692106496,1.08981428244144,1.36612516174718
4126,AIPW,1.0764060973517,0.0437670701206485,0.990622639915229,1.16218955478817
4128,Tlearner,0.300907793933325,0.355983823493446,-0.396807679192693,0.998623267059343
4128,Rlearner,1.0242188959181,0.061711839172924,0.903265913719443,1.14517187811676
4128,intercept,1.3003656382873,0.0751332131583476,1.15310454049694,1.44762673607766
4128,AIPW,1.0788799734804,0.0459878743342641,0.988743739785238,1.16901620717555
4129,Tlearner,1.05359262450961,0.0607466379174957,0.93453140200942,1.17265384700979
4129,Rlearner,1.04609796676159,0.0595566149987518,0.929369146322914,1.16282678720026
4129,intercept,1.19290200181154,0.0854302505365914,1.02545871075982,1.36034529286326
4129,AIPW,1.07717599605752,0.05083381040755,0.977541727658724,1.17681026445632
4130,Tlearner,1.09798796837074,0.0633611979970418,0.973802302279224,1.22217363446225
4130,Rlearner,1.14732656683804,0.057993990522652,1.03366043409388,1.26099269958219
4130,intercept,1.29039856842208,0.0727021163218778,1.1479024204312,1.43289471641296
4130,AIPW,1.08537818920943,0.0563953395661764,0.974843323659728,1.19591305475914
4131,Tlearner,1.0529771131753,0.0595418505611487,0.93627723050258,1.16967699584802
4131,Rlearner,1.09435933298435,0.0565338908971677,0.98355494291998,1.20516372304871
4131,intercept,1.30146366146828,0.0780706100198881,1.1484452658293,1.45448205710726
4131,AIPW,1.04103968290759,0.0634875454513521,0.91660409382294,1.16547527199224
4133,Tlearner,1.02172022945864,0.0623778215352018,0.899461945815574,1.1439785131017
4133,Rlearner,1.06716433539427,0.0608157515700865,0.947967652624165,1.18636101816437
4133,intercept,1.14856237047754,0.0756762002142124,1.00023701805769,1.2968877228974
4133,AIPW,1.09557008097782,0.0511112303152487,0.995392069559929,1.1957480923957
4135,Tlearner,1.06739669185063,0.065317930056865,0.939375901394473,1.1954174823068
4135,Rlearner,1.09909925871266,0.0607574769487213,0.980016792101641,1.21818172532367
4135,intercept,1.1811530459415,0.0797602654844455,1.02482292559199,1.33748316629102
4135,AIPW,1.0949420402224,0.0665172284864863,0.964568272388886,1.22531580805591
4136,Tlearner,1.06979847471796,0.0639827471537122,0.944394594664753,1.19520235477117
4136,Rlearner,1.09849774243606,0.0606005676572904,0.979722812385091,1.21727267248704
4136,intercept,1.37226851827821,0.0766177998647159,1.22209763054337,1.52243940601306
4136,AIPW,1.13112032581534,0.0498611168479438,1.03339253679337,1.22884811483731
4137,Tlearner,1.12163553982765,0.0602422900708867,1.0035628209425,1.23970825871281
4137,Rlearner,1.13938154283649,0.0600770482952375,1.02163269188035,1.25713039379262
4137,intercept,1.24918710271369,0.0818549104131876,1.08875147830384,1.40962272712354
4137,AIPW,1.03076056538975,0.0647471865493677,0.903856079752992,1.15766505102651
4138,Tlearner,0.960126730204989,0.0648011150000014,0.833118878646948,1.08713458176303
4138,Rlearner,1.04373262054613,0.062010660195231,0.922193959905923,1.16527128118633
4138,intercept,1.17510667501565,0.0761775133827654,1.02579874878543,1.32441460124587
4138,AIPW,1.03769311016463,0.0458964643708619,0.947736039997737,1.12765018033152
4140,Tlearner,0.97366086325868,0.0630794481732983,0.850027416674355,1.09729430984301
4140,Rlearner,0.974393377443963,0.0643001769382713,0.848367346445398,1.10041940844253
4140,intercept,1.15377072605643,0.0917632997419796,0.973914658562149,1.33362679355071
4140,AIPW,1.01153455104841,0.059158074962002,0.895584724122887,1.12748437797393
4141,Tlearner,0.889572644661512,0.0569012548473483,0.778048234485574,1.00109705483745
4141,Rlearner,0.874366317149616,0.0553825279882059,0.765818556919951,0.982914077379281
4141,intercept,1.01812250804945,0.0770956103757633,0.867015111712955,1.16922990438595
4141,AIPW,0.889488773343095,0.0479094169945719,0.795586316033734,0.983391230652456
4142,Tlearner,0.920410402464684,0.0576673764294904,0.807384421579969,1.0334363833494
4142,Rlearner,0.935224111317033,0.0584124600914565,0.820737793289395,1.04971042934467
4142,intercept,1.03150003082707,0.0839603949884942,0.86693765664962,1.19606240500452
4142,AIPW,0.943132544616084,0.0512865724947628,0.842610862526349,1.04365422670582
4143,Tlearner,1.07405873736752,0.0635742321260998,0.949455532055572,1.19866194267946
4143,Rlearner,1.07551960629209,0.0591774997081529,0.959533838168983,1.1915053744152
4143,intercept,1.31643488210286,0.0807245504138622,1.15821476329169,1.47465500091403
4143,AIPW,1.1218235295354,0.0573718404067165,1.00937472233823,1.23427233673256
4144,Tlearner,0.977094381545531,0.0622033261785786,0.85517810251692,1.09901066057414
4144,Rlearner,0.987434811070265,0.0559870924149793,0.87770212633779,1.09716749580274
4144,intercept,1.09722308103592,0.075282656396595,0.949669074498589,1.24477708757324
4144,AIPW,0.979871833943262,0.0455955869612395,0.890504483499232,1.06923918438729
4145,Tlearner,1.00698725430494,0.0613342792973051,0.886774275864501,1.12720023274538
4145,Rlearner,1.03615698714082,0.0615442158493129,0.915532540619405,1.15678143366223
4145,intercept,1.12424204658722,0.0884800787781596,0.950821092182031,1.29766300099242
4145,AIPW,1.04242450532519,0.0500864023923135,0.94425515663626,1.14059385401413
4146,Tlearner,0.981431478260623,0.0598868979662854,0.864055315100879,1.09880764142037
4146,Rlearner,1.0239633312749,0.0543122511186577,0.917513275163035,1.13041338738676
4146,intercept,1.21453855611616,0.0757217620165137,1.0661239025638,1.36295320966853
4146,AIPW,1.02980925015427,0.0522138382323828,0.927470127218799,1.13214837308974
4147,Tlearner,0.93343081769634,0.060512538553984,0.81482842151744,1.05203321387524
4147,Rlearner,0.99992120017134,0.0595324974572478,0.883239649245412,1.11660275109727
4147,intercept,1.22348569266868,0.0762807486497954,1.07397542531508,1.37299596002228
4147,AIPW,0.967390437634858,0.0431236243560936,0.882868133896914,1.0519127413728
4148,Tlearner,0.92600870869717,0.0582769048039063,0.811788074151044,1.0402293432433
4148,Rlearner,0.927006581851124,0.0595530476450139,0.810284753297298,1.04372841040495
4148,intercept,1.04280699083374,0.0759298104111003,0.893984562427987,1.1916294192395
4148,AIPW,0.950112034902976,0.04757035395622,0.856874141148785,1.04334992865717
4150,Tlearner,1.01263706980676,0.0624008680489422,0.890333615826797,1.13494052378672
4150,Rlearner,1.03653801365879,0.0593539056104803,0.920206496320462,1.15286953099712
4150,intercept,1.0375519220319,0.0779530646317852,0.884763915353601,1.1903399287102
4150,AIPW,1.01559504360208,0.0491209270817067,0.919318026521938,1.11187206068223
4151,Tlearner,0.951879260267712,0.0610192310520821,0.832283765041303,1.07147475549412
4151,Rlearner,0.90623411874416,0.0601388902643687,0.788364059755791,1.02410417773253
4151,intercept,1.0245269327279,0.0789983972054911,0.869690074205136,1.17936379125066
4151,AIPW,0.926576505971278,0.0445302449562446,0.839297225857038,1.01385578608552
4152,Tlearner,1.08910128001946,0.0602921167159934,0.970930902704427,1.20727165733449
4152,Rlearner,1.0557877725858,0.0578194541114771,0.942463724921541,1.16911182025006
4152,intercept,1.23707646284445,0.0741507276551241,1.09174103664041,1.38241188904849
4152,AIPW,0.999736812675616,0.0554179217022497,0.891117686139206,1.10835593921203
4153,Tlearner,1.00559461285589,0.0635138270906673,0.881109799237876,1.1300794264739
4153,Rlearner,0.986928183769807,0.0599952918829106,0.869339572437334,1.10451679510228
4153,intercept,1.21556723215492,0.0909678429296627,1.03727026001279,1.39386420429706
4153,AIPW,0.965804097254662,0.0485166996459196,0.87071136594866,1.06089682856066
4156,Tlearner,1.08086599526416,0.0601806703411008,0.962914048830126,1.1988179416982
4156,Rlearner,1.10340040535577,0.057742964484298,0.99022627460597,1.21657453610557
4156,intercept,1.19824500775653,0.0722094625955353,1.05671446106928,1.33977555444378
4156,AIPW,1.14379036781043,0.0663829141674587,1.01367985604221,1.27390087957865
4157,Tlearner,1.00538108048284,0.0588831618773394,0.889972203907418,1.12078995705827
4157,Rlearner,1.05612236361773,0.0590346357155642,0.940416603774783,1.17182812346068
4157,intercept,1.15676548258949,0.0755800959022304,1.00862849462112,1.30490247055786
4157,AIPW,1.02213772164704,0.0593297364361414,0.905851438232207,1.13842400506188
4158,Tlearner,0.951342482993966,0.0635342695462543,0.826817602899247,1.07586736308868
4158,Rlearner,0.989910793280342,0.0599390025296002,0.87243250705307,1.10738907950761
4158,intercept,1.16990692556145,0.0780579659524463,1.01691331229465,1.32290053882824
4158,AIPW,0.988808707109509,0.0465211320038718,0.89762728838192,1.0799901258371
4159,Tlearner,0.933354852720404,0.0608521735962359,0.814086784090803,1.05262292135001
4159,Rlearner,0.960142306337312,0.0578549302839319,0.84674872665273,1.07353588602189
4159,intercept,1.05993756338953,0.0719229003924952,0.918968678620242,1.20090644815882
4159,AIPW,0.96851774917812,0.0544973773025048,0.861702889665211,1.07533260869103
4160,Tlearner,1.07614891370071,0.058469259005261,0.961551271847655,1.19074655555377
4160,Rlearner,1.0521230876451,0.0620666776850219,0.9304746347424,1.1737715405478
4160,intercept,1.19582002148509,0.0806869778474663,1.03767354490406,1.35396649806613
4160,AIPW,1.06440921724274,0.0514928216646448,0.963483286780036,1.16533514770544
4162,Tlearner,0.981019786743405,0.0655106611886273,0.85262125021029,1.10941832327652
4162,Rlearner,0.993999429573176,0.0617893648706697,0.872894499799059,1.11510435934729
4162,intercept,1.150472570858,0.0887262030501152,0.976569212879779,1.32437592883623
4162,AIPW,1.02999136413101,0.0744212141705719,0.884125784356694,1.17585694390534
4163,Tlearner,0.970270675974524,0.0595771869020052,0.853501535346382,1.08703981660267
4163,Rlearner,0.975353664000709,0.0540138587437385,0.869488446196947,1.08121888180447
4163,intercept,1.27364492353859,0.0697760678072624,1.13688383063636,1.41040601644083
4163,AIPW,0.957734331978511,0.0500476162082711,0.859641004210299,1.05582765974672
4164,Tlearner,0.956353262144478,0.0658936714112623,0.827204039369287,1.08550248491967
4164,Rlearner,1.00082568262842,0.0626378975229274,0.87805765941617,1.12359370584067
4164,intercept,1.16120530631832,0.0882317308514607,0.98827111384946,1.33413949878719
4164,AIPW,1.03488637333737,0.0588419928081541,0.919556067433384,1.15021667924135
4165,Tlearner,1.09397242716317,0.0607721338049293,0.974861233641863,1.21308362068448
4165,Rlearner,1.15092178741565,0.0565845829741013,1.04001804270619,1.26182553212511
4165,intercept,1.23849278991565,0.0785740933751391,1.08448756690037,1.39249801293092
4165,AIPW,1.12982343366046,0.0550687628498621,1.02188865847473,1.23775820884619
4167,Tlearner,0.991419366855566,0.0598564069067142,0.874102965074431,1.1087357686367
4167,Rlearner,0.982130791958584,0.0590608850381989,0.866373584388654,1.09788799952851
4167,intercept,1.11960300758987,0.0852167317418094,0.952578213375922,1.28662780180381
4167,AIPW,0.998039496348139,0.0621145179476677,0.876295041170711,1.11978395152557
4168,Tlearner,1.08377318772192,0.0568733780499583,0.972303415064876,1.19524296037897
4168,Rlearner,1.08301515041409,0.0565774835031075,0.972125320412087,1.19390498041609
4168,intercept,1.2397442179234,0.0755818853714206,1.09160372259542,1.38788471325139
4168,AIPW,1.09835530367214,0.0430351082688956,1.01400649146511,1.18270411587918
4169,Tlearner,0.968491333930398,0.0593107036864511,0.852244490807227,1.08473817705357
4169,Rlearner,0.988114724692696,0.0571476754280123,0.876107339053607,1.10012211033178
4169,intercept,1.10709408621731,0.0769224505317756,0.956326083175035,1.2578620892596
4169,AIPW,0.975400963740158,0.0486629390265988,0.880021603248024,1.07078032423229
4170,Tlearner,1.08185160668126,0.0598071551142625,0.964631736639508,1.19907147672302
4170,Rlearner,1.09810321951931,0.0586721460077643,0.983107926448413,1.2130985125902
4170,intercept,1.22441051529859,0.0796592174864014,1.06827844902525,1.38054258157194
4170,AIPW,1.04832429370517,0.0559803259315024,0.93860285487942,1.15804573253091
4171,Tlearner,0.956495909194324,0.065026136227204,0.829047024135209,1.08394479425344
4171,Rlearner,0.953918509565137,0.0628259817414696,0.830781848058486,1.07705517107179
4171,intercept,1.11690450622944,0.0797130162093405,0.960666994459137,1.27314201799975
4171,AIPW,0.960294687824829,0.0453906168479288,0.871329078802888,1.04926029684677
4172,Tlearner,0.94033424724257,0.0598656654361854,0.822999699077123,1.05766879540802
4172,Rlearner,0.918659303294304,0.0577721697263964,0.805427931321832,1.03189067526678
4172,intercept,1.0700703876452,0.0857807035784286,0.901940208631484,1.23820056665892
4172,AIPW,0.972752596492469,0.0522765959396371,0.870290468450781,1.07521472453416
4173,Tlearner,1.04190774072468,0.0588598581199778,0.926544538674391,1.15727094277498
4173,Rlearner,1.13855084691197,0.0606663303930666,1.01964702426735,1.25745466955659
4173,intercept,1.21791200960749,0.0788496477948434,1.0633666999296,1.37245731928538
4173,AIPW,1.06631387291,0.0708976042282298,0.92735456862267,1.20527317719733
4174,Tlearner,0.88373481480172,0.061098818825487,0.763983330405828,1.00348629919761
4174,Rlearner,0.941678427945198,0.056469160591672,0.831000906948313,1.05235594894208
4174,intercept,1.13854760605395,0.0743252929391626,0.992870031893193,1.28422518021471
4174,AIPW,1.00042853676501,0.0993104421528889,0.805780070145344,1.19507700338467
4175,Tlearner,0.907890264721039,0.0617606763772362,0.786841563360823,1.02893896608126
4175,Rlearner,0.915631122653192,0.058168161674758,0.801623620723763,1.02963862458262
4175,intercept,1.10298427332573,0.0782759397146079,0.9495634314851,1.25640511516636
4175,AIPW,0.826174325669176,0.0884979899943001,0.652718265280348,0.999630386058004
4176,Tlearner,1.04555222268193,0.0630520123052925,0.92197254941078,1.16913189595308
4176,Rlearner,1.0242492550375,0.061805375872777,0.903112944275899,1.14538556579911
4176,intercept,1.26613552951085,0.0822108268708574,1.10500230884397,1.42726875017773
4176,AIPW,1.012735362952,0.0564893586032973,0.902016220089536,1.12345450581446
4177,Tlearner,1.09488938294983,0.0640302682752256,0.969392363209955,1.22038640268971
4177,Rlearner,1.0474097198559,0.0601408043618909,0.929535909305324,1.16528353040648
4177,intercept,1.29701161427441,0.0820398801664665,1.13621344914814,1.45780977940069
4177,AIPW,1.10362249017913,0.0601540628550941,0.985720526983149,1.22152445337512
4179,Tlearner,0.919071406510212,0.0585870124446518,0.804242972156894,1.03389984086353
4179,Rlearner,0.91074057822655,0.0597981177308799,0.79353842113074,1.02794273532236
4179,intercept,1.04452277891571,0.0801993874404246,0.88733197953248,1.20171357829894
4179,AIPW,0.908989012305624,0.0648223587785865,0.781937189099594,1.03604083551165
4180,Tlearner,1.17921441937303,0.0618994226134943,1.05789378038676,1.30053505835931
4180,Rlearner,1.18027261659624,0.0613159319512548,1.06009559829328,1.30044963489921
4180,intercept,1.37994414970117,0.0856525286644929,1.21206519351876,1.54782310588357
4180,AIPW,1.14355100103669,0.0532311954732522,1.03921785790911,1.24788414416426
4181,Tlearner,1.075023760402,0.0570298833923064,0.963247242910558,1.18680027789344
4181,Rlearner,1.10243129538983,0.0550307215037913,0.994573063199144,1.21028952758051
4181,intercept,1.23452568106432,0.0763877581961127,1.08480567499993,1.3842456871287
4181,AIPW,1.13242461737373,0.0540838449662137,1.02642028123995,1.23842895350751
4182,Tlearner,1.15314631713629,0.0602728901837193,1.03501362313206,1.27127901114052
4182,Rlearner,1.16161142155688,0.0604029902718032,1.04322373606562,1.27999910704813
4182,intercept,1.27538667819542,0.0784254728684638,1.12167275137323,1.4291006050176
4182,AIPW,1.14912007137783,0.0449847716594858,1.06094991892524,1.23729022383043
4183,Tlearner,1.03772354594895,0.0585266600612262,0.923013400093529,1.15243369180437
4183,Rlearner,1.01788758767885,0.0595509188011089,0.90116993158241,1.1346052437753
4183,intercept,1.12181020965708,0.0770593421715905,0.970773899000761,1.2728465203134
4183,AIPW,1.04912667607262,0.052357448102156,0.946506077792393,1.15174727435284
4184,Tlearner,0.947014389790818,0.057928523519432,0.83347657001515,1.06055220956649
4184,Rlearner,0.939179346584869,0.0556970052852068,0.830015222179127,1.04834347099061
4184,intercept,1.07879771194512,0.0698409668278922,0.941909416962456,1.21568600692779
4184,AIPW,0.934149752790777,0.0606236359526168,0.815327426323648,1.05297207925791
4185,Tlearner,1.05150419909596,0.0641785720468807,0.925716509304864,1.17729188888705
4185,Rlearner,1.0649435856338,0.0621492059144328,0.943133380373748,1.18675379089385
4185,intercept,1.17105320147089,0.0743000517827481,1.0254250999767,1.31668130296507
4185,AIPW,1.06339202322987,0.0588502944253498,0.948045446156184,1.17873860030356
4186,Tlearner,1.03950332540238,0.0577489169929192,0.926317527950066,1.1526891228547
4186,Rlearner,1.010897584441,0.0558145989323595,0.901502980722029,1.12029218815997
4186,intercept,1.15590365367494,0.0774457699428651,1.00410994458693,1.30769736276296
4186,AIPW,1.00021158109191,0.0815439290602789,0.840385480133762,1.16003768205006
4187,Tlearner,0.981730608021068,0.0616821257760346,0.860835863010171,1.10262535303197
4187,Rlearner,0.991277265904653,0.0591183639681185,0.87540740170221,1.1071471301071
4187,intercept,1.15817372091137,0.0838788589444575,0.993771157380234,1.32257628444251
4187,AIPW,0.978172506916886,0.0531088880257019,0.874079086386511,1.08226592744726
4188,Tlearner,1.05782806647483,0.0632311163995802,0.933897355629394,1.18175877732027
4188,Rlearner,1.07506873043979,0.0617616628348328,0.95401809565821,1.19611936522137
4188,intercept,1.17568642024703,0.0864665969462101,1.00621189023246,1.3451609502616
4188,AIPW,1.08296735291335,0.0509875322297324,0.983031789743074,1.18290291608362
4189,Tlearner,1.06559431038005,0.0637775631172213,0.940592583648571,1.19059603711154
4189,Rlearner,1.029349390377,0.0639642000351617,0.903981862008166,1.15471691874583
4189,intercept,1.25931143868138,0.0793794023783598,1.1037278100198,1.41489506734297
4189,AIPW,1.03303674246586,0.0627193450044654,0.910106826257106,1.15596665867461
4190,Tlearner,1.0029995725445,0.0631044739538679,0.87931707633157,1.12668206875742
4190,Rlearner,0.994315710116494,0.0594361085579575,0.877823077961684,1.1108083422713
4190,intercept,1.17374512447046,0.0824929618109647,1.01205891932097,1.33543132961995
4190,AIPW,1.00935549113389,0.0639805473313859,0.883953618364376,1.13475736390341
4191,Tlearner,1.01352220126383,0.0610362902824636,0.89389327056027,1.13315113196739
4191,Rlearner,0.923197764725659,0.0608229572969235,0.803986958990471,1.04240857046085
4191,intercept,1.10142182784063,0.078387092107372,0.94778312731018,1.25506052837108
4191,AIPW,0.968174997412906,0.054506104167986,0.861343033243653,1.07500696158216
4192,Tlearner,0.993858217170019,0.0667617012866411,0.863007687101581,1.12470874723846
4192,Rlearner,1.07450996325544,0.0634372390317714,0.950175259474512,1.19884466703637
4192,intercept,1.13972629341007,0.077357236482369,0.988106109904632,1.29134647691552
4192,AIPW,1.03486602844326,0.092793519382091,0.852990730454365,1.21674132643216
4193,Tlearner,1.02191984368671,0.0613597411911368,0.901656960851387,1.14218272652204
4193,Rlearner,1.01069425127912,0.0604625051330366,0.892189918803297,1.12919858375494
4193,intercept,1.15107492363307,0.0758627380862733,1.00238395698398,1.29976589028217
4193,AIPW,1.00704506029267,0.0702446979481025,0.869365452314388,1.14472466827095
4194,Tlearner,1.0581256103424,0.0568698305255588,0.946662790705412,1.1695884299794
4194,Rlearner,1.09670441997581,0.0518003605742964,0.995177578864005,1.19823126108762
4194,intercept,1.22882365873223,0.0721389098771187,1.08743139537307,1.37021592209138
4194,AIPW,1.07846585069603,0.0444733660117195,0.991298053313058,1.165633648079
4195,Tlearner,1.11188381816201,0.0632318889539846,0.987951593137769,1.23581604318626
4195,Rlearner,1.20877380790908,0.0599376441439644,1.09129818406873,1.32624943174943
4195,intercept,1.3637261477042,0.081167279924119,1.20463827905292,1.52281401635547
4195,AIPW,1.1534353252287,0.0487651607451429,1.05785561016822,1.24901504028918
4196,Tlearner,1.0179156386852,0.0582480972657816,0.903751465876281,1.13207981149412
4196,Rlearner,1.05158246653862,0.0565186231619039,0.940808000685501,1.16235693239175
4196,intercept,1.21400702721098,0.0840270685075294,1.04931397293622,1.37870008148573
4196,AIPW,0.953316933503771,0.089342604521578,0.778205428641478,1.12842843836606
4197,Tlearner,1.00659028261058,0.0649345963579312,0.879320812398389,1.13385975282277
4197,Rlearner,1.02273566387619,0.0599046579640894,0.905324691760385,1.140146635992
4197,intercept,1.22329935477288,0.0794938462045641,1.06749141621193,1.37910729333382
4197,AIPW,0.992958457172864,0.0480492725748703,0.898781882926118,1.08713503141961
4199,Tlearner,0.971708358022257,0.0632748497434469,0.847691931397918,1.0957247846466
4199,Rlearner,0.914102935606348,0.0603225071021316,0.795872994229008,1.03233287698369
4199,intercept,1.10890467005389,0.0778938112102635,0.956232800081775,1.26157654002601
4199,AIPW,0.959158176839416,0.0594401229795184,0.84265553579956,1.07566081787927
4200,Tlearner,1.07070396664799,0.0621519673649109,0.948888349044453,1.19251958425152
4200,Rlearner,1.12476028504362,0.0586043358553542,1.00989789742924,1.23962267265801
4200,intercept,1.23641459675582,0.0725995602334284,1.0941194586983,1.37870973481334
4200,AIPW,1.12296475588608,0.0422275459726489,1.04019876577969,1.20573074599247
4201,Tlearner,1.01292763514456,0.0609970674001275,0.893375579877749,1.13247969041137
4201,Rlearner,1.00316629984456,0.0565315628874005,0.892366472595495,1.11396612709363
4201,intercept,1.2093421317469,0.0715816408666449,1.06904211564828,1.34964214784553
4201,AIPW,0.947300328213276,0.0532477297442231,0.842934777914599,1.05166587851195
4202,Tlearner,1.0173049707241,0.0621394520839413,0.895513882620519,1.13909605882767
4202,Rlearner,1.03967198370755,0.0544810449521132,0.932891097761304,1.1464528696538
4202,intercept,1.13938803626884,0.0733904498769201,0.995542754510075,1.2832333180276
4202,AIPW,0.965955440360288,0.0888096412074477,0.791888543593691,1.14002233712689
4203,Tlearner,1.09077346538312,0.0630361237116093,0.967224933183354,1.21432199758288
4203,Rlearner,1.09736929177677,0.0579972029152482,0.98369686285882,1.21104172069472
4203,intercept,1.25722955016725,0.0743403493701267,1.1115224654018,1.4029366349327
4203,AIPW,1.11085746421294,0.0469387494422742,1.01885751530608,1.2028574131198
4204,Tlearner,0.957881126989874,0.0623135967635376,0.835748721586189,1.08001353239356
4204,Rlearner,0.999354432317592,0.0600232052534374,0.881711111784199,1.11699775285098
4204,intercept,1.25462770407818,0.0799574797478869,1.09791104377232,1.41134436438404
4204,AIPW,0.998588101656918,0.0509422180568999,0.898741354265394,1.09843484904844
4205,Tlearner,1.08427400448263,0.0638849929481103,0.959061719151735,1.20948628981352
4205,Rlearner,1.08648490267383,0.0588244238266899,0.971191150562194,1.20177865478546
4205,intercept,1.24196514236802,0.0712964717741698,1.10222405769065,1.38170622704539
4205,AIPW,1.05968930046031,0.0490581060829587,0.96353541253771,1.15584318838291
4206,Tlearner,0.941659962803506,0.0615799111286973,0.820965554820082,1.06235437078693
4206,Rlearner,0.927699522560011,0.0612665799225022,0.807619232455962,1.04777981266406
4206,intercept,1.16800004918226,0.0814573464527255,1.00834365013491,1.3276564482296
4206,AIPW,0.915598687768662,0.0496350398600291,0.818314009643005,1.01288336589432
4207,Tlearner,0.915105776818761,0.0572877083189694,0.802823931756745,1.02738762188078
4207,Rlearner,0.851911324287125,0.0566361248987752,0.740906559261614,0.962916089312637
4207,intercept,1.08712940636619,0.0800285173404934,0.930273512378825,1.24398530035356
4207,AIPW,0.942416703614128,0.0443454283678692,0.855499664013104,1.02933374321515
4208,Tlearner,0.945357261598643,0.0623098036624615,0.823232290536457,1.06748223266083
4208,Rlearner,0.942200585013049,0.0592550781332838,0.826062765970706,1.05833840405539
4208,intercept,1.16170651413689,0.0792924589713201,1.00629329455311,1.31711973372068
4208,AIPW,0.952473772819963,0.0440995972361569,0.866038562237096,1.03890898340283
4209,Tlearner,1.0464346841969,0.0616884526822673,0.925527538677652,1.16734182971615
4209,Rlearner,1.04182909934576,0.0643841093887404,0.915638563767144,1.16801963492438
4209,intercept,1.27826968987751,0.0940378046912569,1.09395559268265,1.46258378707238
4209,AIPW,1.06725541892657,0.0512056474336456,0.966892349956629,1.16761848789652
4210,Tlearner,0.990134080775699,0.0612432650989322,0.870099486886153,1.11016867466525
4210,Rlearner,1.06308175272683,0.0587047451757468,0.948022566460765,1.1781409389929
4210,intercept,1.23727607827739,0.0740343585409433,1.09216873553714,1.38238342101764
4210,AIPW,1.03076066506025,0.0533520248239019,0.926190696405404,1.1353306337151
4213,Tlearner,0.909025463677685,0.0595688281580441,0.792272705886663,1.02577822146871
4213,Rlearner,0.931691012783011,0.0558505149024567,0.822226015056178,1.04115601050984
4213,intercept,1.08363761977344,0.0758998916964149,0.934873832048467,1.23240140749841
4213,AIPW,0.933962519450914,0.044461510675702,0.846817958526538,1.02110708037529
4214,Tlearner,1.0408355021023,0.062446855434802,0.918441914502309,1.16322908970229
4214,Rlearner,0.987149878649806,0.0604362288957134,0.868697046652789,1.10560271064682
4214,intercept,1.21212421944196,0.0781135072078644,1.05902174531454,1.36522669356937
4214,AIPW,1.01310884323324,0.0439170421492648,0.927031440620684,1.0991862458458
4215,Tlearner,1.01934577165383,0.0633540869776042,0.895174042904303,1.14351750040335
4215,Rlearner,1.01274660158372,0.0633317370243861,0.888618677937561,1.13687452522988
4215,intercept,1.20369107107235,0.077939466782612,1.05092971617843,1.35645242596627
4215,AIPW,0.984175365716295,0.0516301482949144,0.882980275058263,1.08537045637433
4216,Tlearner,1.00650687852842,0.0620570189527686,0.884877356393074,1.12813640066377
4216,Rlearner,1.00501879356179,0.0618070978634172,0.883879107760551,1.12615847936303
4216,intercept,1.10771738722561,0.0776396745965615,0.955543625016354,1.25989114943488
4216,AIPW,1.01004868669037,0.0450352124093748,0.921779670367992,1.09831770301274
4217,Tlearner,0.983889297060582,0.0695044794638393,0.847663020547253,1.12011557357391
4217,Rlearner,0.949528322567638,0.0617803588049931,0.82844104435789,1.07061560077739
4217,intercept,1.17008526107356,0.0798291136273826,1.01362019836389,1.32655032378323
4217,AIPW,0.921797954533048,0.0716096256258879,0.781443088306307,1.06215282075979
4218,Tlearner,0.984616544329313,0.0626836738577872,0.861758801149395,1.10747428750923
4218,Rlearner,1.0211264054554,0.0579319979399104,0.907581775940722,1.13467103497007
4218,intercept,1.19839257263396,0.078635617043901,1.04426676322791,1.35251838204
4218,AIPW,1.00192394645605,0.0537323432540894,0.89660855367803,1.10723933923406
4219,Tlearner,1.00274930106758,0.0654545237276434,0.874460791936181,1.13103781019899
4219,Rlearner,1.00322517796673,0.0557727927428598,0.893912512873508,1.11253784305995
4219,intercept,1.1399684761386,0.0741156740037307,0.994701755091287,1.28523519718591
4219,AIPW,0.967490880976806,0.0442767291153546,0.880708491910711,1.0542732700429
4220,Tlearner,0.95286291711393,0.0601639706936284,0.834943701387495,1.07078213284036
4220,Rlearner,0.998365831186294,0.059414027816453,0.881916476489586,1.114815185883
4220,intercept,1.12125324947446,0.0753921041060148,0.973484725426667,1.26902177352224
4220,AIPW,0.9594866466197,0.054613139164912,0.852444893856473,1.06652839938293
4221,Tlearner,0.916794929033325,0.059867273128938,0.799457229847984,1.03413262821867
4221,Rlearner,0.975376262749599,0.0604118586067564,0.85697119564123,1.09378132985797
4221,intercept,1.21694275249243,0.0758336505992947,1.06830879731782,1.36557670766705
4221,AIPW,0.934042487274048,0.0547391795645542,0.826753695327522,1.04133127922057
4222,Tlearner,1.26049131908383,0.133397048620275,0.999037908144152,1.52194473002351
4222,Rlearner,1.08647935326338,0.0529714152219731,0.982657287218191,1.19030141930856
4222,intercept,1.2152620539551,0.074905586322258,1.06844710476347,1.36207700314673
4222,AIPW,1.0571085464133,0.0420395432045154,0.974711041732447,1.13950605109415
4223,Tlearner,0.988054485579652,0.0602114060272296,0.870042298307764,1.10606667285154
4223,Rlearner,0.985516855110807,0.0580537613343591,0.871733573728379,1.09930013649323
4223,intercept,1.06930758266663,0.0786593240284821,0.915135307570803,1.22347985776245
4223,AIPW,1.05034141300867,0.0564223485177706,0.939753609913842,1.1609292161035
4224,Tlearner,1.1038682159825,0.0574591886970627,0.991250275555364,1.21648615640963
4224,Rlearner,1.12028089643644,0.0578589703321907,1.00687939840278,1.23368239447011
4224,intercept,1.2103868943222,0.0752425724173058,1.06291145238428,1.35786233626012
4224,AIPW,1.1636352669099,0.0500905679901807,1.06545775364914,1.26181278017065
4225,Tlearner,0.845907352610088,0.0609748026353118,0.726398935480439,0.965415769739738
4225,Rlearner,0.927234263951307,0.0589413249237224,0.811711389899738,1.04275713800288
4225,intercept,1.08269779855644,0.0781388585177667,0.929545635861614,1.23584996125126
4225,AIPW,0.879341550903281,0.0554684166738896,0.770623454222458,0.988059647584105
4226,Tlearner,0.934527091856436,0.0579581415524592,0.820931221802741,1.04812296191013
4226,Rlearner,0.954818050496027,0.0572511520590306,0.842607854386901,1.06702824660515
4226,intercept,1.1903851006804,0.070257859141802,1.05267969676247,1.32809050459833
4226,AIPW,0.987680053081305,0.0474824235339558,0.894614502954752,1.08074560320786
4227,Tlearner,0.952273926498152,0.0604515511211624,0.833791063491092,1.07075678950521
4227,Rlearner,1.018802255556,0.0547090358693,0.911574515623262,1.12602999548874
4227,intercept,1.14090726402872,0.0757094009383117,0.992516838189633,1.28929768986782
4227,AIPW,0.989632309874903,0.056894571438146,0.878118949856137,1.10114566989367
4228,Tlearner,1.0698538071455,0.0614638401693535,0.949386894062037,1.19032072022896
4228,Rlearner,1.06123928547293,0.0599800717488125,0.943680505055127,1.17879806589073
4228,intercept,1.24451588675641,0.0815986070524762,1.08458261693356,1.40444915657926
4228,AIPW,1.01768468174828,0.0901263654086797,0.841037005547267,1.19433235794929
4229,Tlearner,0.952161764344615,0.0632268930491668,0.828239331113882,1.07608419757535
4229,Rlearner,0.964733104780895,0.0624818526812272,0.842270923838353,1.08719528572344
4229,intercept,1.23176945663647,0.0859308253861603,1.0633450388796,1.40019387439334
4229,AIPW,0.984969065594959,0.0607817552625698,0.865836825280322,1.1041013059096
4230,Tlearner,0.956884093981973,0.0595096987832704,0.840247227635936,1.07352096032801
4230,Rlearner,0.956855981079471,0.060039324804654,0.839181066806247,1.0745308953527
4230,intercept,1.0983757364702,0.0884842136476116,0.924946677720879,1.27180479521952
4230,AIPW,0.940461006354412,0.0481042968955172,0.846176584439198,1.03474542826963
4231,Tlearner,1.06157493800934,0.0615138580824665,0.941009991617597,1.18213988440108
4231,Rlearner,1.01634238982681,0.0576220063886205,0.903405332588172,1.12927944706544
4231,intercept,1.15141088704721,0.0855379820360305,0.983756442256587,1.31906533183783
4231,AIPW,1.03496142571198,0.0532912519449255,0.930510571899926,1.13941227952403
4232,Tlearner,1.0096511912257,0.0610398859260477,0.890015213190218,1.12928716926119
4232,Rlearner,1.03715608603255,0.0527675507678139,0.933733586975251,1.14057858508986
4232,intercept,1.24943834066142,0.0696011516335704,1.11302008345963,1.38585659786322
4232,AIPW,1.01872199601475,0.0497941848388106,0.921125393730686,1.11631859829882
4233,Tlearner,0.957352294788253,0.063381846746708,0.833126157891068,1.08157843168544
4233,Rlearner,0.984471137120304,0.0571392774416752,0.872480211231979,1.09646206300863
4233,intercept,1.16283600555063,0.0749334683908672,1.01596640750453,1.30970560359673
4233,AIPW,0.943836631279217,0.0575673035402895,0.83100471634025,1.05666854621818
4234,Tlearner,1.06083278094833,0.0615229291555962,0.940250055579955,1.18141550631671
4234,Rlearner,1.07340080459421,0.057049493906927,0.961585851200397,1.18521575798803
4234,intercept,1.12632415471432,0.0739144310705721,0.981451869815998,1.27119643961264
4234,AIPW,1.02101328488611,0.0564887245702346,0.910295384728453,1.13173118504377
4235,Tlearner,0.974286641411368,0.0577898524760557,0.861020611886416,1.08755267093632
4235,Rlearner,0.986261390116726,0.0568553349877582,0.87482698121176,1.09769579902169
4235,intercept,1.07737438972687,0.0786016315482335,0.923315191892335,1.23143358756141
4235,AIPW,1.01639561999259,0.0432379991120277,0.93164914173302,1.10114209825217
4236,Tlearner,1.11390347635207,0.0633685110792475,0.989703476882819,1.23810347582132
4236,Rlearner,1.21171877123483,0.0596547604757182,1.09479758919606,1.3286399532736
4236,intercept,1.320873354555,0.0694067262844303,1.18483617103751,1.45691053807248
4236,AIPW,1.20677677732955,0.0552596214173029,1.09846791935163,1.31508563530746
4237,Tlearner,0.986282551104258,0.0640603138971582,0.860726643027497,1.11183845918102
4237,Rlearner,1.02315347696046,0.0605137424232049,0.904548721241242,1.14175823267967
4237,intercept,1.25431273098846,0.0760847278431581,1.10518666441587,1.40343879756105
4237,AIPW,1.02791103740087,0.0525312036153293,0.92494987831482,1.13087219648691
4238,Tlearner,1.04202378011424,0.0632326782400406,0.918090008117747,1.16595755211072
4238,Rlearner,1.07923367899234,0.0548124440386806,0.971803262771912,1.18666409521277
4238,intercept,1.16711938679867,0.0653277614153056,1.03907697442467,1.29516179917267
4238,AIPW,1.05281928682694,0.0445832131340836,0.965436189084131,1.14020238456974
4239,Tlearner,1.04579422697558,0.0584560097977206,0.931222553092125,1.16036590085903
4239,Rlearner,1.08166575844176,0.0560397750046906,0.971829817730841,1.19150169915268
4239,intercept,1.07278535230905,0.0744811923908483,0.926802215222983,1.21876848939511
4239,AIPW,1.18572469777502,0.106955670259498,0.976091584066406,1.39535781148364
4240,Tlearner,0.965794062158478,0.0613983635171085,0.845455480955247,1.08613264336171
4240,Rlearner,0.958843829608228,0.0613583108395667,0.838583750210464,1.07910390900599
4240,intercept,1.15914191888983,0.0874028054098001,0.987832420286623,1.33045141749304
4240,AIPW,1.01791167583387,0.0688390954955929,0.882987048662513,1.15283630300524
4241,Tlearner,1.03145907959898,0.0598369456207318,0.914180821237467,1.1487373379605
4241,Rlearner,1.09599723934242,0.0556649108799683,0.98689601881505,1.20509845986979
4241,intercept,1.23617961672106,0.079014257604465,1.08131167181631,1.39104756162582
4241,AIPW,1.09790675432526,0.0464755912531128,1.00681459546916,1.18899891318137
4242,Tlearner,1.09016580112468,0.0676602845149895,0.957554080291568,1.22277752195779
4242,Rlearner,1.08190645011927,0.0668381598713093,0.950906063978572,1.21290683625997
4242,intercept,1.23623194561121,0.0897614448051546,1.06029951379311,1.41216437742931
4242,AIPW,0.948382687825224,0.117770300261974,0.717552899311756,1.17921247633869
4243,Tlearner,0.995043233503435,0.0576750408079184,0.882002230713037,1.10808423629383
4243,Rlearner,1.00767040456017,0.0563371600142903,0.897251599940888,1.11808920917945
4243,intercept,1.14201644107974,0.0782628006942475,0.988621351719017,1.29541153044047
4243,AIPW,1.00735278475302,0.0494690985751344,0.910393351545758,1.10431221796028
4244,Tlearner,0.997489179228448,0.0622936305061048,0.875395906970237,1.11958245148666
4244,Rlearner,1.03247258978614,0.0615638349372793,0.911809690558908,1.15313548901338
4244,intercept,1.17240568643177,0.0796266259463212,1.01633749957698,1.32847387328656
4244,AIPW,0.92737891928713,0.244663441724603,0.447838573506907,1.40691926506735
4245,Tlearner,0.962267864602216,0.0607391060682881,0.843221404255213,1.08131432494922
4245,Rlearner,0.9568890427106,0.0595373494479689,0.840197982057606,1.0735801033636
4245,intercept,1.04935526379891,0.0772305621362405,0.897983362011883,1.20072716558595
4245,AIPW,0.906763464229083,0.0534577675808691,0.80198623977058,1.01154068868759
4246,Tlearner,0.850567814361519,0.0961530123250854,0.662111373199315,1.03902425552372
4246,Rlearner,1.03908699234908,0.0611283182283852,0.919277690185944,1.15889629451222
4246,intercept,1.24491063380284,0.0865129484643614,1.07534525481269,1.41447601279299
4246,AIPW,1.04523179438726,0.0541407705706923,0.939115884068703,1.15134770470582
4247,Tlearner,0.95697078530741,0.0629087287047832,0.833671942732834,1.08026962788199
4247,Rlearner,0.951852590242394,0.0580003526960364,0.838173987867542,1.06553119261725
4247,intercept,1.07326343011999,0.0758812972177757,0.92453608757315,1.22199077266683
4247,AIPW,0.984152267554355,0.053995352587088,0.878321376483662,1.08998315862505
4248,Tlearner,1.17281856590129,0.0580232509780185,1.05909508371845,1.28654204808414
4248,Rlearner,1.16953158787387,0.0589889237965521,1.05391542174585,1.28514775400189
4248,intercept,1.23390975486838,0.076838787998498,1.08330573039133,1.38451377934544
4248,AIPW,1.17286330747796,0.047006674606623,1.08073022524898,1.26499638970694
4249,Tlearner,0.993135578901702,0.0633177204039791,0.869035127326726,1.11723603047668
4249,Rlearner,1.06091475043726,0.0614072090263806,0.940558832354426,1.18127066852008
4249,intercept,1.26021511686438,0.0823440706501663,1.09882073839006,1.42160949533871
4249,AIPW,1.00253113777679,0.0773594251921463,0.85090666440018,1.15415561115339
4250,Tlearner,1.05365345389449,0.0632531548633087,0.929679548453874,1.17762735933511
4250,Rlearner,1.04412837470153,0.0625583220222666,0.921516316604631,1.16674043279843
4250,intercept,1.28488291777549,0.0867690738703981,1.11481553298951,1.45495030256147
4250,AIPW,1.11630273671361,0.100824686961772,0.918686350268535,1.31391912315868
4251,Tlearner,1.08667214554718,0.0635409397762319,0.962134192041942,1.21121009905243
4251,Rlearner,1.10394079860786,0.0611451963924105,0.98409841585111,1.22378318136462
4251,intercept,1.17801922475412,0.0754050324080291,1.03022536123439,1.32581308827386
4251,AIPW,1.16431960593573,0.0519127076402664,1.06257069896081,1.26606851291065
4252,Tlearner,1.06536381997989,0.0667658791884424,0.934505101374395,1.19622253858539
4252,Rlearner,1.0576231380789,0.0606865292076617,0.938679726485143,1.17656654967265
4252,intercept,1.2330577270648,0.0796268508334132,1.07698909943131,1.38912635469829
4252,AIPW,1.04459477612482,0.0487892854279256,0.948967776686087,1.14022177556356
4253,Tlearner,1.0451261871751,0.0587013784595406,0.930073599551548,1.16017877479866
4253,Rlearner,1.05766792247226,0.0617432027681614,0.936653468756512,1.17868237618801
4253,intercept,1.14846907629966,0.077313005330939,0.996935585851017,1.3000025667483
4253,AIPW,1.04766687200896,0.0452923037806283,0.958893956598933,1.136439787419
4255,Tlearner,1.08301637355019,0.0618124187021368,0.961866259096691,1.20416648800369
4255,Rlearner,0.995109805342878,0.0611904489431421,0.875178729216482,1.11504088146927
4255,intercept,1.09900058105115,0.0853570321731355,0.931700797991804,1.2663003641105
4255,AIPW,1.01468609296711,0.0442717924647284,0.927913379736246,1.10145880619798
4256,Tlearner,1.04659520365613,0.0632541927617736,0.922619263971897,1.17057114334036
4256,Rlearner,0.951419198801172,0.0607958760227722,0.832261471387976,1.07057692621437
4256,intercept,1.15461656296288,0.0787943284653762,1.00017967917074,1.30905344675502
4256,AIPW,1.02195477892452,0.043978278404226,0.935757353252237,1.1081522045968
4257,Tlearner,0.942058108622238,0.0618564807429888,0.820821634155585,1.06329458308889
4257,Rlearner,0.963517592202686,0.0586358916238296,0.848593356418586,1.07844182798679
4257,intercept,1.1860539934392,0.0733646775292796,1.04225922548182,1.32984876139659
4257,AIPW,0.978255809809828,0.0434433526711758,0.893106838574324,1.06340478104533
4258,Tlearner,1.02519209115026,0.0628453610731228,0.902017446851526,1.148366735449
4258,Rlearner,1.05970515601656,0.0636373306111691,0.934978279946405,1.18443203208672
4258,intercept,1.2819014902719,0.0896751486642321,1.10613819889,1.45766478165379
4258,AIPW,1.05654845819463,0.0645731356501697,0.929985112320302,1.18311180406897
4259,Tlearner,1.01617944089054,0.0627518942548373,0.893187988189391,1.13917089359169
4259,Rlearner,1.00696530663174,0.0596136097085933,0.890124778614468,1.12380583464901
4259,intercept,1.12070073171598,0.0778926029508755,0.968031229932264,1.2733702334997
4259,AIPW,1.04821467826487,0.0604058037393014,0.929819302935838,1.1666100535939
4261,Tlearner,0.867620083118252,0.0580935875343845,0.753758743818134,0.981481422418371
4261,Rlearner,0.852238285312437,0.0544887640545601,0.745442270203399,0.959034300421476
4261,intercept,0.975467042033314,0.0721883997121492,0.833977778597502,1.11695630546913
4261,AIPW,0.880014339362324,0.048838957262452,0.784289983127918,0.97573869559673
4262,Tlearner,1.03778643807601,0.0591857725714063,0.921784455438874,1.15378842071314
4262,Rlearner,1.05042833990308,0.0567477815916664,0.939204731780866,1.16165194802529
4262,intercept,1.18261300973459,0.0728006061806483,1.03992382162052,1.32530219784866
4262,AIPW,1.13868798499379,0.0735706304976406,0.994489549218411,1.28288642076916
4263,Tlearner,0.920864746522502,0.0613180534130036,0.800683570230912,1.04104592281409
4263,Rlearner,0.921539848436225,0.0587018305491098,0.806486374733397,1.03659332213905
4263,intercept,1.1037788180486,0.0802068318237069,0.946573427674135,1.26098420842307
4263,AIPW,0.920777917182794,0.0419192519728642,0.83861618331598,1.00293965104961
4264,Tlearner,0.879855601255563,0.0635012106878937,0.755395515332601,1.00431568717852
4264,Rlearner,0.900335735403803,0.0596835125377032,0.78335820035906,1.01731327044855
4264,intercept,1.07967075327105,0.0762216273333683,0.930276363697646,1.22906514284445
4264,AIPW,0.895183565396916,0.0516974333344514,0.793856596061391,0.996510534732441
4267,Tlearner,1.0257611571309,0.0587652780102721,0.91058332868928,1.14093898557251
4267,Rlearner,0.971071197445836,0.0590055019739743,0.855422538687139,1.08671985620453
4267,intercept,1.07625579165863,0.0803471656614991,0.918775346962096,1.23373623635517
4267,AIPW,0.988326056400245,0.0494643848961816,0.891375862003729,1.08527625079676
4268,Tlearner,1.04529509643932,0.0638545998746364,0.920142380437815,1.17044781244082
4268,Rlearner,1.03093007781322,0.0595237011557809,0.914265767321364,1.14759438830508
4268,intercept,1.12162513120707,0.0740165714895835,0.976552651087485,1.26669761132665
4268,AIPW,1.00832313861374,0.0466607183923017,0.916868130564826,1.09977814666265
4269,Tlearner,1.03577824192323,0.0607347504973732,0.916740318338351,1.15481616550811
4269,Rlearner,1.03709431006249,0.0629061363746974,0.913800548361514,1.16038807176346
4269,intercept,1.17556698206285,0.0830427699339285,1.01280315299235,1.33833081113335
4269,AIPW,1.07561189386587,0.098499765359487,0.882552353761274,1.26867143397046
4270,Tlearner,1.05124865310868,0.0594473702814996,0.934733948381329,1.16776335783604
4270,Rlearner,1.05947043138753,0.055517240939581,0.950658638624915,1.16828222415014
4270,intercept,1.12799271014287,0.080060384597828,0.971074356331132,1.28491106395462
4270,AIPW,1.06180365968193,0.0416363813253725,0.980196352284203,1.14341096707966
4271,Tlearner,1.08339282548436,0.0605999735955238,0.964619059773057,1.20216659119567
4271,Rlearner,1.07478503807888,0.0614456104984848,0.954353854493769,1.19521622166398
4271,intercept,1.26996767101075,0.0769843621923262,1.11907832111379,1.4208570209077
4271,AIPW,1.05357066351637,0.0623555426596644,0.931353799903429,1.17578752712931
4272,Tlearner,0.953260812640871,0.0638109057140904,0.828193735620373,1.07832788966137
4272,Rlearner,1.04333991099216,0.0593140717061017,0.927086466671779,1.15959335531255
4272,intercept,1.17258293717574,0.0750267296778544,1.02553054700714,1.31963532734433
4272,AIPW,1.01227020902113,0.0678202423920705,0.879342533932673,1.14519788410959
4273,Tlearner,0.946215248126548,0.0620211657520281,0.824655996973384,1.06777449927971
4273,Rlearner,0.991253057060542,0.0577791812434567,0.878007942767154,1.10449817135393
4273,intercept,1.11530933074008,0.0754274136838881,0.967471599919661,1.2631470615605
4273,AIPW,1.00008018355199,0.051529757446841,0.899081858956185,1.1010785081478
4274,Tlearner,0.903797906809958,0.0602395442255341,0.785730569682804,1.02186524393711
4274,Rlearner,0.877608050155501,0.0612393646010558,0.757581101101315,0.997634999209687
4274,intercept,1.05729594258866,0.085966751018272,0.888801110592848,1.22579077458447
4274,AIPW,0.880895994409117,0.0469560622940816,0.788862112312717,0.972929876505517
4275,Tlearner,0.911298065100562,0.0611642771029526,0.791418284838347,1.03117784536278
4275,Rlearner,0.911130424055585,0.0576770978720285,0.798085389493617,1.02417545861755
4275,intercept,1.24189905614602,0.0736403236683467,1.09756402175606,1.38623409053598
4275,AIPW,0.925377425202334,0.0446905644900097,0.837783918801915,1.01297093160275
4276,Tlearner,0.973970790697608,0.0594066249585588,0.857535945335755,1.09040563605946
4276,Rlearner,1.02922666277716,0.0588942172632952,0.913796118043426,1.1446572075109
4276,intercept,1.26570984497124,0.0850025779499191,1.0991047921894,1.43231489775308
4276,AIPW,0.93383340150161,0.0824020429059557,0.772325397405937,1.09534140559728
4277,Tlearner,0.857152142914216,0.0619854733317971,0.735662847619226,0.978641438209207
4277,Rlearner,0.904559271749524,0.0573354676407859,0.792183820136822,1.01693472336223
4277,intercept,1.13033201858754,0.0767423358046303,0.979917040410466,1.28074699676462
4277,AIPW,0.880769723653672,0.056796164623903,0.769449240990822,0.992090206316522
4278,Tlearner,0.981711302636578,0.0610250440990433,0.862104414047484,1.10131819122567
4278,Rlearner,1.00580357487795,0.0558516114437694,0.896336427969636,1.11527072178626
4278,intercept,1.08942708999348,0.0873334998983839,0.918253430192645,1.26060074979431
4278,AIPW,0.831599334816922,0.149618980586864,0.538346132866669,1.12485253676718
4279,Tlearner,1.04733481367104,0.0632591956109757,0.923349068582552,1.17132055875952
4279,Rlearner,1.00956116653781,0.0637000843610398,0.884711295378013,1.13441103769762
4279,intercept,1.13930962762013,0.08665640311621,0.969463077512363,1.30915617772791
4279,AIPW,1.0056085765926,0.0500416895257905,0.90752686512205,1.10369028806315
4280,Tlearner,1.08118699253163,0.0607961079537307,0.962028810542111,1.20034517452115
4280,Rlearner,1.10272479657117,0.0605648128109925,0.984019944731215,1.22142964841113
4280,intercept,1.22245302760742,0.0808159370662649,1.06405379095754,1.3808522642573
4280,AIPW,1.06920630415573,0.0576061721002672,0.956298206839209,1.18211440147226
4281,Tlearner,0.97610398636122,0.0621101603150683,0.854370309069677,1.09783766365276
4281,Rlearner,0.945909477051578,0.0571574166279778,0.833882999011391,1.05793595509177
4281,intercept,1.03109319007291,0.0760441350749562,0.882046685325992,1.18013969481982
4281,AIPW,0.936168233110939,0.0522765762872876,0.833706143587856,1.03863032263402
4282,Tlearner,1.036828916127,0.0609138021143003,0.917440057821573,1.15621777443243
4282,Rlearner,1.04658234822506,0.0593079438216635,0.930340914337475,1.16282378211265
4282,intercept,1.23540694240227,0.073195307251155,1.09194414019001,1.37886974461454
4282,AIPW,0.983168007936457,0.10586383012462,0.775674900892203,1.19066111498071
4283,Tlearner,1.07747651903904,0.0621568464261596,0.955651338651178,1.1993016994269
4283,Rlearner,1.09639169650741,0.056735828442206,0.985191516127643,1.20759187688718
4283,intercept,1.21349772114916,0.0740454076296343,1.06836872219507,1.35862672010324
4283,AIPW,1.08777901768664,0.0571051033442232,0.975853015131966,1.19970502024132
4284,Tlearner,0.952151483243633,0.0607289841918119,0.833124861409979,1.07117810507729
4284,Rlearner,0.944341347588153,0.0578756652115151,0.830907128192286,1.05777556698402
4284,intercept,1.12497576690967,0.075380499119138,0.977229988636155,1.27272154518318
4284,AIPW,1.02645730249161,0.0848769698220623,0.860098441640372,1.19281616334286
4285,Tlearner,1.05510939741284,0.0580139468787406,0.941404150929489,1.16881464389619
4285,Rlearner,1.00380479168691,0.0586741593133159,0.888805552609649,1.11880403076418
4285,intercept,1.090613595358,0.0791502405793959,0.935479123822386,1.24574806689362
4285,AIPW,1.00646301154993,0.0441601974543677,0.919909024539366,1.09301699856049
4286,Tlearner,1.06140451716516,0.0608219658170764,0.942195654694764,1.18061337963556
4286,Rlearner,1.08662737608161,0.0574291485692014,0.97406831322317,1.19918643894004
4286,intercept,1.20845215744984,0.0765400726980283,1.05843361496171,1.35847069993798
4286,AIPW,1.11416729975477,0.0498238143541491,1.01651262362064,1.21182197588891
4287,Tlearner,0.977235870801911,0.0640572690210936,0.851685930572575,1.10278581103125
4287,Rlearner,1.0535172002627,0.0592722709181108,0.937345683981298,1.16968871654409
4287,intercept,1.23813964081448,0.0803574013495604,1.08063913416934,1.39564014745962
4287,AIPW,1.0178358337188,0.0885944176994716,0.844190775027834,1.19148089240976
4288,Tlearner,0.99855091043527,0.0674636877383314,0.866324512203884,1.13077730866666
4288,Rlearner,0.982925934162013,0.0581057412986338,0.869040773921689,1.09681109440234
4288,intercept,1.20286548150004,0.0752662127782804,1.05534370445461,1.35038725854547
4288,AIPW,0.953555777545759,0.0437760114897916,0.867754795025767,1.03935676006575
4289,Tlearner,1.07729756315276,0.0592707132756703,0.961129099794446,1.19346602651107
4289,Rlearner,1.05883367219743,0.057078680927543,0.94696151329439,1.17070583110047
4289,intercept,1.23268427332964,0.075631168053631,1.08444718394452,1.38092136271475
4289,AIPW,0.966666584919768,0.0771887784913211,0.815376579076779,1.11795659076276
4290,Tlearner,0.979211024519853,0.0571252181100835,0.867247654415094,1.09117439462461
4290,Rlearner,1.03550652644313,0.0561992325259571,0.925358054733464,1.1456549981528
4290,intercept,1.20719123334974,0.0715128968026446,1.06702595561655,1.34735651108292
4290,AIPW,1.07013381368629,0.0526708111993358,0.966899023735588,1.17336860363698
4291,Tlearner,1.06096122630581,0.0586592588383379,0.945991191622857,1.17593126098877
4291,Rlearner,1.03902292954648,0.0559494418046066,0.929364038654334,1.14868182043863
4291,intercept,1.18172570812837,0.0687252797120444,1.04702415989276,1.31642725636397
4291,AIPW,1.06610019402053,0.0432211132119638,0.981386812125082,1.15081357591598
4292,Tlearner,0.928268798515891,0.0804432259383873,0.770602972876433,1.08593462415535
4292,Rlearner,1.05687635433177,0.0572499838208384,0.944668447927424,1.16908426073611
4292,intercept,1.2050277753573,0.0753451216643176,1.05735133689524,1.35270421381936
4292,AIPW,1.04194305248937,0.0457468898873024,0.952279148310253,1.13160695666848
4293,Tlearner,0.991017422286937,0.0575940992606194,0.878135062014098,1.10389978255978
4293,Rlearner,1.01036237368306,0.0520616255750674,0.908323462579314,1.1124012847868
4293,intercept,1.24923784881007,0.0669315739895428,1.11805196379057,1.38042373382958
4293,AIPW,0.926277257264047,0.0712737206384867,0.786580764812613,1.06597374971548
4294,Tlearner,1.0267274277807,0.0628664622551147,0.903511425925226,1.14994342963617
4294,Rlearner,1.0580854820553,0.0614297505449978,0.937685383407821,1.17848558070277
4294,intercept,1.19110155962117,0.0848906835024027,1.02471581995646,1.35748729928588
4294,AIPW,1.09987687192056,0.0598071561202996,0.982654845924777,1.21709889791635
4295,Tlearner,0.994316876969044,0.0594336851885569,0.877828994530981,1.11080475940711
4295,Rlearner,0.954799138689686,0.0569576757012894,0.843164145672047,1.06643413170733
4295,intercept,1.11202183796803,0.0728918933698789,0.969153726963071,1.254889948973
4295,AIPW,1.00757908965104,0.0477311136998903,0.914026106799251,1.10113207250282
4296,Tlearner,1.08100248161034,0.0601208460303264,0.963167788670821,1.19883717454986
4296,Rlearner,1.17414762990236,0.052693982975774,1.07086932106788,1.27742593873684
4296,intercept,1.42973613377922,0.0710366886245249,1.29050422407515,1.56896804348329
4296,AIPW,1.11454829259047,0.0473438006411599,1.02175444333379,1.20734214184714
4297,Tlearner,1.05812867202343,0.0633244488859272,0.934015032866169,1.1822423111807
4297,Rlearner,1.03797792201361,0.0605256995942981,0.919349730669699,1.15660611335753
4297,intercept,1.16988355704817,0.081854820036003,1.0094481097776,1.33031900431873
4297,AIPW,1.05381121731761,0.0495418777041047,0.956709137017567,1.15091329761766
4298,Tlearner,0.934503595487782,0.0589969259304843,0.818871745465455,1.05013544551011
4298,Rlearner,0.960152505869128,0.0573414055643842,0.84776541614003,1.07253959559823
4298,intercept,1.06663317400935,0.0766070077808403,0.916483438758904,1.2167829092598
4298,AIPW,0.91184834378339,0.0558787794889109,0.802325935985124,1.02137075158166
4299,Tlearner,1.0265286089762,0.0601577538634071,0.908621578013099,1.14443563993931
4299,Rlearner,1.03514210426024,0.0580075477009259,0.921449399934931,1.14883480858554
4299,intercept,1.10556602424324,0.0700353064283212,0.968296823643725,1.24283522484274
4299,AIPW,1.04426651888348,0.0530316046678649,0.940324573734469,1.1482084640325
4300,Tlearner,0.976361631545997,0.0608919461375023,0.85701561016794,1.09570765292405
4300,Rlearner,1.0139622618597,0.0591546270938704,0.898021323236821,1.12990320048259
4300,intercept,1.1048203989094,0.0754425520362854,0.956952996918278,1.25268780090052
4300,AIPW,0.992577297278177,0.0540744743069323,0.88659132763659,1.09856326691976
4301,Tlearner,1.21502595428989,0.108419939109409,1.00252677842942,1.42752513015036
4301,Rlearner,1.04630102674516,0.068152309713224,0.912724954244024,1.1798770992463
4301,intercept,1.27303460498247,0.0960533659819287,1.08477000765789,1.46129920230705
4301,AIPW,1.06016439182881,0.0569052160189887,0.948630168431591,1.17169861522603
4302,Tlearner,0.909962478621523,0.0605677030436963,0.791251962029561,1.02867299521348
4302,Rlearner,0.902882477023953,0.0584631012680318,0.788296904114093,1.01746804993381
4302,intercept,1.07217990982803,0.0769395404924368,0.921378410462854,1.22298140919321
4302,AIPW,0.91427800911618,0.0649270768071681,0.787020938574131,1.04153507965823
4303,Tlearner,0.811013454724297,0.0650263261878407,0.683564197349176,0.938462712099419
4303,Rlearner,0.823537376521049,0.0600521558333898,0.705837313893618,0.941237439148479
4303,intercept,1.01926876375704,0.0749816950401114,0.872304641478425,1.16623288603566
4303,AIPW,0.893033362532368,0.0704180499757097,0.755013984579976,1.03105274048476
4304,Tlearner,1.06236804063523,0.0593198271416722,0.946103315868415,1.17863276540205
4304,Rlearner,1.06536084921436,0.0639958843034148,0.939931220820879,1.19079047760785
4304,intercept,1.22916681224646,0.0865963571294329,1.05943795227277,1.39889567222015
4304,AIPW,1.10251372032535,0.0495012732037157,1.00549122484607,1.19953621580463
4305,Tlearner,1.07685514837104,0.0600614419423722,0.959136885304444,1.19457341143763
4305,Rlearner,1.09844318359842,0.0597070759949802,0.981419465026067,1.21546690217078
4305,intercept,1.28402066625363,0.0808357076780531,1.12558267920464,1.44245865330261
4305,AIPW,1.0948143664737,0.0474992072009329,1.00171592035987,1.18791281258752
4306,Tlearner,1.05374513022447,0.0610748089987219,0.934040704224314,1.17344955622463
4306,Rlearner,1.08157441817578,0.0571087796667878,0.969643266827839,1.19350556952371
4306,intercept,1.1330590773143,0.0785342253185996,0.97913199568984,1.28698615893875
4306,AIPW,1.04747353062468,0.0510130152128349,0.94748802080752,1.14745904044183
4307,Tlearner,1.00392426656466,0.0589830009972381,0.888319708909988,1.11952882421934
4307,Rlearner,0.972794325354814,0.0584975799386769,0.858141175492255,1.08744747521737
4307,intercept,1.18007733279042,0.073688001907245,1.03564884905222,1.32450581652862
4307,AIPW,1.03340297798735,0.0583879712217043,0.918962554392805,1.14784340158189
4309,Tlearner,1.02887374811965,0.0610458072511387,0.909226164500242,1.14852133173905
4309,Rlearner,1.00511193240352,0.0595782613869439,0.888340685823597,1.12188317898344
4309,intercept,1.03565243072522,0.0729907538851673,0.892590553110293,1.17871430834015
4309,AIPW,1.007024756874,0.0488215737454975,0.911334472332827,1.10271504141518
4310,Tlearner,1.10551811776973,0.063231363470084,0.981586922675007,1.22944931286446
4310,Rlearner,1.04541489737095,0.0563819326147696,0.93490834006724,1.15592145467467
4310,intercept,1.24927175820308,0.0775216697600832,1.09732928547332,1.40121423093284
4310,AIPW,1.01450671566056,0.0694035183607749,0.87847581967344,1.15053761164768
4311,Tlearner,0.94637381274185,0.0642076300017378,0.82052917040577,1.07221845507793
4311,Rlearner,0.953624231218616,0.0583579345281745,0.839244781331248,1.06800368110598
4311,intercept,1.20097210735089,0.0882797350209818,1.02794382670977,1.37400038799202
4311,AIPW,0.873978548415666,0.0744209081482036,0.728113568445187,1.01984352838615
4312,Tlearner,1.07420901120876,0.059324429505515,0.95793526597456,1.19048275644295
4312,Rlearner,1.14801320150609,0.0595831332133755,1.03123240632182,1.26479399669036
4312,intercept,1.2840944420316,0.0746917486651942,1.13769861464782,1.43049026941538
4312,AIPW,1.08548357111773,0.0841496451962658,0.920550266533049,1.25041687570241
4313,Tlearner,0.966084714104968,0.0606361085814568,0.847240125122653,1.08492930308728
4313,Rlearner,1.02869539860246,0.0580375122146555,0.914943964909435,1.14244683229549
4313,intercept,1.19779239418042,0.0767919438581079,1.04728018421852,1.34830460414231
4313,AIPW,1.02625377317249,0.0461145167047493,0.935869320431185,1.1166382259138
4314,Tlearner,1.02013076629636,0.061192252869598,0.900196154539085,1.14006537805364
4314,Rlearner,0.976935567573536,0.061270652343938,0.856847295670143,1.09702383947693
4314,intercept,1.17776345525239,0.0779786372739253,1.02492532619549,1.33060158430928
4314,AIPW,1.0166992283374,0.0501252160109433,0.91845380495595,1.11494465171885
4315,Tlearner,1.08147214183278,0.0620515831573981,0.959853273660589,1.20309101000497
4315,Rlearner,1.0940599457519,0.0566624054409974,0.983003671810141,1.20511621969366
4315,intercept,1.27200879692039,0.0747954545981286,1.12540970590806,1.41860788793273
4315,AIPW,1.11074771524287,0.0460700111716011,1.02045049334653,1.20104493713921
4316,Tlearner,1.03420446821193,0.0611093980397952,0.91443224893701,1.15397668748685
4316,Rlearner,1.04988843691732,0.0563956487546138,0.93935499647351,1.16042187736114
4316,intercept,1.27361164558008,0.0720808455042342,1.13233318839178,1.41489010276838
4316,AIPW,1.0597978083271,0.0652292310123967,0.931948515542798,1.18764710111139
4317,Tlearner,1.08637348720851,0.0623449345252345,0.964179660920548,1.20856731349648
4317,Rlearner,0.992836452822164,0.0669373068320215,0.861641742209295,1.12403116343503
4317,intercept,1.15816683469474,0.0917974824440908,0.97824376910432,1.33808990028516
4317,AIPW,1.04198772941967,0.0593823461510123,0.925598330963681,1.15837712787565
4318,Tlearner,1.02938430032885,0.0638020893033755,0.90433450315583,1.15443409750188
4318,Rlearner,1.05844928566494,0.0632808836647513,0.934421032772156,1.18247753855772
4318,intercept,1.16877216990825,0.0796530575528108,1.01265217710474,1.32489216271176
4318,AIPW,1.06687702503041,0.0462074119485322,0.97631049761129,1.15744355244954
4319,Tlearner,1.10802483670563,0.0647575345100905,0.981102401338242,1.23494727207302
4319,Rlearner,1.0615695479504,0.060471775105127,0.943047046663142,1.18009204923765
4319,intercept,1.16492866786565,0.0766004886848379,1.01479171004337,1.31506562568793
4319,AIPW,1.08855393501543,0.054082946691467,0.982551359500157,1.19455651053071
4320,Tlearner,0.938342594232868,0.066360808643346,0.808277799306955,1.06840738915878
4320,Rlearner,0.928008338958048,0.0595093987822122,0.811372060603281,1.04464461731282
4320,intercept,1.24589335522617,0.0820492522152456,1.08507682088429,1.40670988956805
4320,AIPW,0.97741557987892,0.0424967301861679,0.894121988714031,1.06070917104381
4321,Tlearner,1.00850324012334,0.0607045356985336,0.889524536455993,1.1274819437907
4321,Rlearner,0.984435459779958,0.0607000334345437,0.865465580387875,1.10340533917204
4321,intercept,1.14008110665014,0.0869384875255494,0.969681671100067,1.31048054220022
4321,AIPW,1.00798252550311,0.0464966327798405,0.916849125254623,1.0991159257516
4322,Tlearner,0.866248684954189,0.0596498266336873,0.749337173068104,0.983160196840275
4322,Rlearner,0.888947367220336,0.0597140918492255,0.771909897826337,1.00598483661433
4322,intercept,1.06393700542234,0.0797346063570488,0.907657176962529,1.22021683388216
4322,AIPW,0.956935042763893,0.0594026641239069,0.840505821081036,1.07336426444675
4323,Tlearner,1.11962076450387,0.0637827812822555,0.994608810356859,1.24463271865089
4323,Rlearner,1.06128531302369,0.0630515066218937,0.937706630873788,1.18486399517359
4323,intercept,1.14669818316234,0.0849306539829897,0.980234101355679,1.313162264969
4323,AIPW,1.0579266405465,0.0464756418097489,0.966834382599392,1.14901889849361
4324,Tlearner,1.00668927693873,0.0652162766112634,0.878867723574849,1.13451083030261
4324,Rlearner,1.05824613802306,0.0632953320514093,0.934189566812796,1.18230270923333
4324,intercept,1.25901716096786,0.087106927112918,1.08828758382655,1.42974673810918
4324,AIPW,1.0599361073798,0.0466257761810223,0.968549586065001,1.15132262869461
4325,Tlearner,0.91151096416779,0.0604475831673554,0.793035878207283,1.0299860501283
4325,Rlearner,0.962598790507815,0.0589666632092551,0.847026254329172,1.07817132668646
4325,intercept,1.14342119263931,0.0874629055357697,0.971993897789202,1.31484848748942
4325,AIPW,0.931762299075366,0.0469861042328296,0.83966953477902,1.02385506337171
4326,Tlearner,0.853206793797495,0.0860128231856507,0.684624758145008,1.02178882944998
4326,Rlearner,1.02131983365139,0.061172543843594,0.901423850875244,1.14121581642753
4326,intercept,1.15250416810745,0.0816645718400828,0.99244160730089,1.31256672891401
4326,AIPW,1.04755252679531,0.0447341586823841,0.959873575777833,1.13523147781278
4327,Tlearner,0.935563944172838,0.0634369549559219,0.811229797170341,1.05989809117533
4327,Rlearner,0.93518175280693,0.064707699786149,0.808356991703648,1.06200651391021
4327,intercept,1.03652418905328,0.0843603256891345,0.871177950702579,1.20187042740399
4327,AIPW,0.90194290248231,0.070157592132179,0.764434021903239,1.03945178306138
4328,Tlearner,0.967707774464476,0.0605732797027618,0.848986327821592,1.08642922110736
4328,Rlearner,0.915369372996646,0.0627441098154149,0.792393177516407,1.03834556847689
4328,intercept,1.03707655583358,0.0831941652864992,0.874015991872037,1.20013711979511
4328,AIPW,0.974127159567131,0.0508936105623341,0.874375682864956,1.07387863626931
4329,Tlearner,0.926908454296673,0.0599690929509997,0.809371191927179,1.04444571666617
4329,Rlearner,0.96576602309166,0.056639933580792,0.854753793186567,1.07677825299675
4329,intercept,1.12654475057951,0.07288304758742,0.983693977308163,1.26939552385085
4329,AIPW,0.921445496608573,0.0924899519945353,0.740165190699284,1.10272580251786
4330,Tlearner,0.815352259850269,0.0609235241876039,0.69594434663131,0.934760173069227
4330,Rlearner,0.830596788306929,0.0625978120078157,0.707907331260601,0.953286245353257
4330,intercept,1.00959960242345,0.0850784831079469,0.84284577553187,1.17635342931502
4330,AIPW,0.866171593457169,0.0539750700770369,0.760380456106176,0.971962730808161
4331,Tlearner,1.06802174271277,0.0584011957325801,0.953557502422839,1.1824859830027
4331,Rlearner,1.0649025260874,0.0588779540868855,0.949503856593704,1.1803011955811
4331,intercept,1.21348646531099,0.0753616579539913,1.06577761572117,1.36119531490082
4331,AIPW,1.11177961300018,0.0646259974646717,0.985112657969427,1.23844656803094
4332,Tlearner,0.964423565773203,0.0600055336424717,0.846814880960852,1.08203225058555
4332,Rlearner,0.971640627032614,0.0599010274735289,0.854236770547553,1.08904448351767
4332,intercept,1.10059507402463,0.0753012463974956,0.953004631085534,1.24818551696372
4332,AIPW,0.974231432271043,0.0473209337390564,0.881482402142493,1.06698046239959
4333,Tlearner,0.975191521186398,0.0641300511233916,0.849498930657838,1.10088411171496
4333,Rlearner,1.01750652654825,0.0612323749039953,0.897493277048565,1.13751977604794
4333,intercept,1.16885349938778,0.071583399783457,1.0285500358122,1.30915696296335
4333,AIPW,1.04628799924586,0.053732213843468,0.940972860112665,1.15160313837906
4334,Tlearner,0.855182723257116,0.0648045900292248,0.728168060766952,0.98219738574728
4334,Rlearner,0.863944968249524,0.0630853547290409,0.74029994502867,0.987589991470378
4334,intercept,1.06930028670675,0.0811307152918794,0.910284084734667,1.22831648867883
4334,AIPW,0.886190586541581,0.0509706091605131,0.786288192586975,0.986092980496187
4335,Tlearner,1.03732188166463,0.0579862343459411,0.923670950747484,1.15097281258177
4335,Rlearner,1.08679709342843,0.0563955021832215,0.976263940259265,1.19733024659759
4335,intercept,1.21471581453453,0.0743272024023606,1.06903449782591,1.36039713124316
4335,AIPW,1.07500283457324,0.0461612298042807,0.984526824156851,1.16547884498963
4336,Tlearner,0.947947540918268,0.0593219893392689,0.831678578322032,1.0642165035145
4336,Rlearner,0.93230646685404,0.0595063074689707,0.815676247361891,1.04893668634619
4336,intercept,1.03978936515648,0.0770302496222864,0.888810075896799,1.19076865441616
4336,AIPW,0.961503010214025,0.0665250017527003,0.831114006778732,1.09189201364932
4337,Tlearner,1.02336270347014,0.0593022622196411,0.90713240531789,1.13959300162238
4337,Rlearner,1.0384512367991,0.0577380722859279,0.925286694581916,1.15161577901629
4337,intercept,1.33599588331608,0.0766761642898601,1.18571060130795,1.4862811653242
4337,AIPW,1.04766390162611,0.0530648217913978,0.943656850914971,1.15167095233725
4338,Tlearner,1.10269376936589,0.058442998629638,0.988147596903278,1.21723994182851
4338,Rlearner,1.07430672916579,0.0621421223268298,0.952510407482321,1.19610305084926
4338,intercept,1.13237762948822,0.0830543503056054,0.969591102889234,1.29516415608721
4338,AIPW,1.03584711444216,0.0632702517048366,0.911837421100676,1.15985680778364
4339,Tlearner,0.972031571213867,0.0594821005966987,0.855448796319549,1.08861434610818
4339,Rlearner,0.958524041952817,0.0601982153688507,0.840537707896284,1.07651037600935
4339,intercept,1.24777827778099,0.0827390652351855,1.08560970992003,1.40994684564195
4339,AIPW,0.987587132671956,0.0492213450631062,0.891113296348268,1.08406096899564
4340,Tlearner,1.07065014379066,0.0607705388201216,0.951542076382131,1.18975821119919
4340,Rlearner,1.07544423929432,0.0583164275803258,0.961146141529847,1.1897423370588
4340,intercept,1.18429093843228,0.0758149325203625,1.03569367069237,1.33288820617219
4340,AIPW,1.08892369410159,0.0466009781214681,0.997585776983511,1.18026161121967
4341,Tlearner,1.1142830639329,0.090603729743088,0.936703016771447,1.29186311109435
4341,Rlearner,0.983483493329461,0.0561732368488773,0.873385972210623,1.0935810144483
4341,intercept,1.17822660556005,0.0738601086500181,1.03346079260601,1.32299241851408
4341,AIPW,0.98901858117942,0.0490342186029244,0.892911512717688,1.08512564964115
4342,Tlearner,1.02350175090886,0.0620604468609633,0.901865510196909,1.14513799162081
4342,Rlearner,0.984421945166648,0.0590373979488307,0.868710771445981,1.10013311888732
4342,intercept,1.15927547543861,0.0813512352213779,0.999827054404711,1.31872389647251
4342,AIPW,1.03804526437068,0.050983529651014,0.938117546254692,1.13797298248667
4343,Tlearner,1.1011258547733,0.0587229127865775,0.986031060644319,1.21622064890228
4343,Rlearner,1.12200092879542,0.0573115340947257,1.00967238607102,1.23432947151982
4343,intercept,1.2393038029756,0.0693978316048891,1.10328405303002,1.37532355292118
4343,AIPW,1.19146771322489,0.0806703954807769,1.03335373808257,1.34958168836722
4344,Tlearner,0.9419410828411,0.0625904244378288,0.819266105165879,1.06461606051632
4344,Rlearner,0.989925624743477,0.0558557225200468,0.880450420273722,1.09940082921323
4344,intercept,1.16458123557241,0.0713961320105008,1.02464481683183,1.30451765431299
4344,AIPW,0.941312830961297,0.0495681007087474,0.844159353572152,1.03846630835044
4345,Tlearner,1.10365642979715,0.0585091891540669,0.988980526290536,1.21833233330376
4345,Rlearner,1.1010227729048,0.0585996620309457,0.986169545817923,1.21587599999167
4345,intercept,1.23340803026256,0.0765884523909664,1.08329466357627,1.38352139694886
4345,AIPW,1.10546367565621,0.054048419298636,0.999528773830885,1.21139857748154
4346,Tlearner,1.04229965035903,0.0649600746186965,0.91498024367335,1.16961905704471
4346,Rlearner,1.08165883445434,0.0613841584304954,0.961348094709273,1.20196957419942
4346,intercept,1.25753109968172,0.0865373981974118,1.08791779921479,1.42714440014865
4346,AIPW,1.08807527729251,0.0539596297730006,0.982314402937425,1.19383615164759
4347,Tlearner,1.01618212597225,0.0596921839151759,0.899187595339961,1.13317665660453
4347,Rlearner,1.07530577450155,0.0581993360139988,0.96123717198997,1.18937437701314
4347,intercept,1.18822222304622,0.0805185133997337,1.03040593678274,1.3460385093097
4347,AIPW,0.34574797425361,0.702727059318431,-1.03159706201052,1.72309301051773
4348,Tlearner,0.992072738150019,0.0607748721202001,0.872956177629399,1.11118929867064
4348,Rlearner,0.993535603651418,0.0595229753090504,0.876872715793012,1.11019849150982
4348,intercept,1.04992507832415,0.0799837277190915,0.89315697199473,1.20669318465357
4348,AIPW,0.909391923076198,0.0704749487343775,0.771261023556818,1.04752282259558
4349,Tlearner,0.956851312340134,0.0629190093817359,0.833532320008993,1.08017030467127
4349,Rlearner,0.925499190947552,0.0607420424037154,0.806446975488865,1.04455140640624
4349,intercept,1.12438586420832,0.0847529887626182,0.958270006233585,1.29050172218305
4349,AIPW,0.935103528861403,0.0460409564870848,0.844863254146717,1.02534380357609
4350,Tlearner,1.12621946630432,0.113365388806913,0.90402738714939,1.34841154545925
4350,Rlearner,1.03857714743129,0.0625065688538935,0.916066523680481,1.16108777118209
4350,intercept,1.23527221400583,0.0881078011515043,1.06258092374888,1.40796350426278
4350,AIPW,1.06362887651775,0.0472247642007475,0.971068338684288,1.15618941435122
4351,Tlearner,1.0659114848829,0.0628309706801045,0.942765045236202,1.1890579245296
4351,Rlearner,1.07533971681362,0.0587331511557366,0.960224855849834,1.19045457777742
4351,intercept,1.31922987909446,0.077757259590586,1.16682565029691,1.47163410789201
4351,AIPW,1.09107397716501,0.0416220160904027,1.00949482562782,1.1726531287022
4352,Tlearner,1.11344950698726,0.0576417171294173,1.00047381740656,1.22642519656797
4352,Rlearner,1.10006498757528,0.0563447246361239,0.98963135656965,1.21049861858091
4352,intercept,1.19553460560275,0.0699505293283874,1.05843156811911,1.33263764308639
4352,AIPW,1.16412332370027,0.0688899380435901,1.02909904513483,1.2991476022657
4353,Tlearner,1.0110318927097,0.0599383415557269,0.893554901967419,1.12850888345199
4353,Rlearner,0.96949485370816,0.0609409235873658,0.850052838292316,1.088936869124
4353,intercept,1.07128392193074,0.078943279996439,0.916555093137724,1.22601275072377
4353,AIPW,0.965255965570622,0.0640394489334348,0.83973864566109,1.09077328548015
4354,Tlearner,0.976163646093659,0.0647822700500045,0.849192729958903,1.10313456222842
4354,Rlearner,1.00693562108821,0.0603955433396684,0.888562531315729,1.12530871086068
4354,intercept,1.21571678252288,0.0771697623716724,1.0644640482744,1.36696951677136
4354,AIPW,1.03789442044136,0.0519783973825324,0.936016761571601,1.13977207931113
4355,Tlearner,1.06501741993528,0.0619485146622717,0.943600562301472,1.18643427756908
4355,Rlearner,1.09823304167303,0.0559411310929565,0.988590439476399,1.20787564386966
4355,intercept,1.31588879233674,0.0758225131002363,1.16727666666028,1.46450091801321
4355,AIPW,1.09170333676797,0.0754912697718458,0.943740448015155,1.23966622552079
4357,Tlearner,1.05138531714695,0.0602526631134083,0.933292267472049,1.16947836682186
4357,Rlearner,1.02737653324858,0.0583961360006364,0.912922209851029,1.14183085664613
4357,intercept,1.14812409508563,0.0812936054122214,0.988788628477676,1.30745956169358
4357,AIPW,1.03494638821351,0.0501680623278941,0.936616986050841,1.13327579037619
4358,Tlearner,0.970309369453973,0.0602829837707744,0.852156892382642,1.0884618465253
4358,Rlearner,0.978156218824217,0.0582739321623933,0.863941410548396,1.09237102710004
4358,intercept,1.14021126523108,0.0731369028474015,0.996862935650174,1.28355959481199
4358,AIPW,0.909700836793135,0.065930650021572,0.780476762750854,1.03892491083542
4360,Tlearner,0.971711200845328,0.0621204230033663,0.849957409054336,1.09346499263632
4360,Rlearner,0.999545659589078,0.0618477297205503,0.878326336811232,1.12076498236692
4360,intercept,1.18571078328979,0.0828904370909171,1.02324552659159,1.34817603998799
4360,AIPW,1.04891922265256,0.0530502686918748,0.944940696016484,1.15289774928863
4361,Tlearner,1.00649263463984,0.064653823222423,0.879773469661073,1.13321179961861
4361,Rlearner,1.07362739905976,0.0595441327986634,0.956923043283709,1.19033175483581
4361,intercept,1.24422564265716,0.0722444027134552,1.10262661333879,1.38582467197553
4361,AIPW,1.03621873754213,0.0432324630463001,0.951483109971378,1.12095436511287
4362,Tlearner,0.949277454585856,0.0589719479491681,0.833694560507316,1.0648603486644
4362,Rlearner,0.989827511541594,0.0600926892928717,0.87204800479341,1.10760701828978
4362,intercept,1.15732618054987,0.071231509166115,1.01771242258428,1.29693993851545
4362,AIPW,0.955892249418881,0.0562092429395904,0.845722133257284,1.06606236558048
4363,Tlearner,1.10709849177731,0.0617158347267829,0.986137678436985,1.22805930511763
4363,Rlearner,1.12006161375844,0.0604041072040188,1.00167173912027,1.23845148839661
4363,intercept,1.1665542150643,0.0855643002742509,0.998848186526765,1.33426024360183
4363,AIPW,1.0573059937284,0.0665515847892637,0.926864887541447,1.18774709991536
4364,Tlearner,1.1032352791459,0.0612338451343238,0.983219148047718,1.22325141024407
4364,Rlearner,1.1201891466558,0.0557059070662977,1.01100757507972,1.22937071823188
4364,intercept,1.3700860597166,0.0739980701325161,1.22504984225687,1.51512227717633
4364,AIPW,1.09234111957962,0.0413290335787711,1.01133621376523,1.17334602539401
4365,Tlearner,1.01495412960124,0.0640698628119706,0.889379505995356,1.14052875320713
4365,Rlearner,1.04804223674165,0.0581807905539187,0.934009982663898,1.1620744908194
4365,intercept,1.21317255799907,0.0776984642473207,1.06088356807432,1.36546154792382
4365,AIPW,0.995154547070913,0.0449652185323037,0.907022718747598,1.08328637539423
4366,Tlearner,0.924887167295626,0.0660806213995449,0.795371529276491,1.05440280531476
4366,Rlearner,0.832912257148006,0.0578447608848772,0.719538609119315,0.946285905176696
4366,intercept,1.08000585831892,0.0820816142859678,0.919125894318428,1.24088582231942
4366,AIPW,0.92806856207134,0.0544191835324778,0.821406962347684,1.034730161795
4367,Tlearner,0.981445834850906,0.0642692913270569,0.855480338537962,1.10741133116385
4367,Rlearner,1.00654709067833,0.0613039716502891,0.886393514134499,1.12670066722216
4367,intercept,1.18163337469136,0.0810299925584757,1.02281458927674,1.34045216010597
4367,AIPW,0.995457221789177,0.051498505125594,0.894520151743013,1.09639429183534
4368,Tlearner,1.02194485894553,0.0622055604134346,0.90002420089707,1.14386551699399
4368,Rlearner,1.08623858609125,0.0610707128289971,0.966542188436227,1.20593498374627
4368,intercept,1.13148358789627,0.0879070086936629,0.959185850856689,1.30378132493585
4368,AIPW,1.18290765353918,0.120905045603702,0.945933764155926,1.41988154292244
4369,Tlearner,0.910043577149054,0.071302696643916,0.770292859726394,1.04979429457171
4369,Rlearner,0.951922724666235,0.0571903060045125,0.839831784632566,1.0640136646999
4369,intercept,1.0910628088363,0.0740394335194236,0.945945519138228,1.23618009853437
4369,AIPW,0.929205169702255,0.045744343244203,0.839546256943617,1.01886408246089
4370,Tlearner,0.976411057102309,0.0635394797602839,0.851875965175741,1.10094614902888
4370,Rlearner,0.93814662469706,0.0634310360741495,0.813824078489666,1.06246917090445
4370,intercept,1.03266114242598,0.0882939519437954,0.859604996616141,1.20571728823582
4370,AIPW,0.859618816893695,0.129407642592988,0.605979837411438,1.11325779637595
4371,Tlearner,1.00127613841667,0.0573584702919077,0.888855602436218,1.11369667439712
4371,Rlearner,1.01983020042364,0.0543538796741663,0.913298553842255,1.12636184700503
4371,intercept,1.10796732459661,0.0753773354061392,0.960227747200576,1.25570690199264
4371,AIPW,0.996540435064633,0.053902606190351,0.890891326931545,1.10218954319772
4372,Tlearner,1.00060497396633,0.0626011827582739,0.877908910370499,1.12330103756215
4372,Rlearner,1.00652391966801,0.0617245549736381,0.885546014957917,1.1275018243781
4372,intercept,1.20311891668502,0.078672254929608,1.04892129702299,1.35731653634705
4372,AIPW,0.947560985303241,0.0632559280196182,0.82357936638479,1.07154260422169
4373,Tlearner,0.911332819641001,0.0654942658100407,0.782966417459428,1.03969922182257
4373,Rlearner,0.913089067153601,0.0600072365098803,0.795477044782458,1.03070108952474
4373,intercept,1.18915605436189,0.0806770316829295,1.03102907226335,1.34728303646043
4373,AIPW,0.909920304747362,0.0502437088388093,0.811442635423296,1.00839797407143
4374,Tlearner,0.851194238610682,0.0610612866478279,0.731516315931262,0.970872161290101
4374,Rlearner,0.942511606453813,0.0533049736053755,0.838035777990419,1.04698743491721
4374,intercept,1.08283778768625,0.072017214864362,0.941684046552105,1.2239915288204
4374,AIPW,0.925505793034951,0.056859039321513,0.814062075964785,1.03694951010512
4375,Tlearner,1.04361245530392,0.058101277990673,0.92973604298645,1.15748886762139
4375,Rlearner,1.05906448012486,0.055830793083956,0.949638136451999,1.16849082379772
4375,intercept,1.20194128878767,0.0791987226992885,1.04671179229706,1.35717078527828
4375,AIPW,1.05375165624706,0.0474652726302475,0.960719721891779,1.14678359060235
4376,Tlearner,1.08795084163106,0.0624481293162031,0.965554757269403,1.21034692599272
4376,Rlearner,1.11097073272432,0.0588287024330896,0.995668594698237,1.2262728707504
4376,intercept,1.2186876092432,0.087996487048177,1.04621449462877,1.39116072385763
4376,AIPW,1.21941883976971,0.10558339959038,1.01247537657257,1.42636230296686
4378,Tlearner,1.02459759715149,0.06303370675805,0.901053802093652,1.14814139220933
4378,Rlearner,0.974788622283928,0.0608809617694366,0.855464129871673,1.09411311469618
4378,intercept,1.20153608725614,0.084095534221835,1.03670884018134,1.36636333433093
4378,AIPW,1.01114096032026,0.0478801123188198,0.917295940175377,1.10498598046515
4379,Tlearner,1.18471588685437,0.076703668721537,1.03437945867806,1.33505231503067
4379,Rlearner,1.14626370613224,0.0621815296186969,1.02439014757599,1.2681372646885
4379,intercept,1.25341410444725,0.0776325432729343,1.1012543196323,1.4055738892622
4379,AIPW,1.13348872358342,0.043575936097914,1.04807988883151,1.21889755833533
4380,Tlearner,1.01505811009971,0.0611753854377038,0.895156557901455,1.13495966229797
4380,Rlearner,1.0146265069156,0.0594141303519202,0.898176951253066,1.13107606257813
4380,intercept,1.1360192484702,0.0727087555272046,0.993510087636881,1.27852840930352
4380,AIPW,1.01532038726088,0.0490608874127822,0.919161047931824,1.11147972658993
4381,Tlearner,0.945925781377618,0.0612809104079242,0.825817404038261,1.06603415871698
4381,Rlearner,0.895641397197215,0.0604019070176179,0.777255834845147,1.01402695954928
4381,intercept,1.05010212379031,0.0759635279157752,0.90121360907539,1.19899063850523
4381,AIPW,0.895379133074392,0.0656914479347747,0.766623895122234,1.02413437102655
4382,Tlearner,0.829421125258486,0.0600201545110143,0.711783784070369,0.947058466446603
4382,Rlearner,0.817258851425378,0.0566583122425696,0.706210600005117,0.928307102845639
4382,intercept,0.910264934856978,0.0772676385040278,0.758820363389084,1.06170950632487
4382,AIPW,0.842605728645855,0.0493763503050622,0.745828082047933,0.939383375243777
4383,Tlearner,1.05544995452926,0.130629240882578,0.799421347071601,1.31147856198692
4383,Rlearner,0.909335973426108,0.0603767001042722,0.790999815716359,1.02767213113586
4383,intercept,0.977499353339174,0.0780402310175218,0.824540500544832,1.13045820613352
4383,AIPW,0.916885455196554,0.0633507221628713,0.792718039757326,1.04105287063578
4385,Tlearner,0.95106931684455,0.067866583231485,0.81805325795705,1.08408537573205
4385,Rlearner,0.92245351353454,0.0632412549674152,0.798502931461291,1.04640409560779
4385,intercept,1.20780942255262,0.0860444550618769,1.03916229063134,1.3764565544739
4385,AIPW,1.01747125413348,0.0779515699184276,0.864686177093359,1.1702563311736
4386,Tlearner,1.02998707450632,0.0632826343366368,0.905955390359697,1.15401875865295
4386,Rlearner,1.01536997823453,0.0628637658361666,0.892159261263088,1.13858069520598
4386,intercept,1.10455817642516,0.0952539314703952,0.917860470743189,1.29125588210714
4386,AIPW,1.02924316523058,0.0550221252431102,0.921399799754081,1.13708653070707
4387,Tlearner,0.987199293161678,0.0595798976891493,0.870424839488365,1.10397374683499
4387,Rlearner,1.02958640197827,0.0569061580400907,0.918052381721149,1.14112042223539
4387,intercept,1.18017142846203,0.070653537985678,1.0416904940101,1.31865236291396
4387,AIPW,1.06759453175942,0.0540075077873116,0.961739816496293,1.17344924702255
4388,Tlearner,0.991935708007175,0.0624223540577048,0.869590142223866,1.11428127379048
4388,Rlearner,1.05966911434722,0.0640840397073948,0.934066704536894,1.18527152415755
4388,intercept,1.24704134836157,0.0861152662735713,1.07825542646537,1.41582727025777
4388,AIPW,1.10325668502841,0.0588128387341437,0.987983521109487,1.21852984894733
4389,Tlearner,0.950978134342957,0.0610257379923015,0.831369885748068,1.07058638293785
4389,Rlearner,0.94960227400155,0.058531542246564,0.8348825592387,1.0643219887644
4389,intercept,1.20870490631473,0.0777196849567484,1.0563743237995,1.36103548882996
4389,AIPW,0.952563872535366,0.0708548477657151,0.813688370914564,1.09143937415617
4390,Tlearner,0.965429821515335,0.0624271994019665,0.84307475903178,1.08778488399889
4390,Rlearner,1.036396288223,0.0567236786191887,0.925219921058768,1.14757265538724
4390,intercept,1.22637368248057,0.0891731716995328,1.05159426594949,1.40115309901165
4390,AIPW,1.051403750555,0.0582906964083151,0.937153985594702,1.1656535155153
4391,Tlearner,1.09129155079003,0.0629344579824412,0.967942279757895,1.21464082182216
4391,Rlearner,1.10280101677149,0.0606327547035487,0.98396300126908,1.22163903227389
4391,intercept,1.1864658026623,0.075329903823543,1.03881919116816,1.33411241415644
4391,AIPW,1.12375136687861,0.0434233177153078,1.03864166415661,1.20886106960061
4392,Tlearner,1.1545526925335,0.0582996555485189,1.04028746734731,1.26881791771968
4392,Rlearner,1.15790045839349,0.0571287578032435,1.04593015061762,1.26987076616936
4392,intercept,1.28987444668955,0.0750405201519174,1.14279502719179,1.4369538661873
4392,AIPW,1.23554600986663,0.0381463721211603,1.16077912050915,1.3103128992241
4394,Tlearner,1.10729855524194,0.0600664788809977,0.989570419957052,1.22502669052683
4394,Rlearner,1.12792697114059,0.0566992150045975,1.01679855177988,1.23905539050129
4394,intercept,1.18098108953463,0.0789200587744871,1.02629777433664,1.33566440473263
4394,AIPW,1.04830364371382,0.0491719047470486,0.951926710409605,1.14468057701804
4396,Tlearner,0.982552798830978,0.0611983064632484,0.862606322248166,1.10249927541379
4396,Rlearner,1.02814339927158,0.0571109915362542,0.91620791273915,1.14007888580401
4396,intercept,1.1613174919,0.0767344263596546,1.01091801623508,1.31171696756492
4396,AIPW,1.03776579306511,0.0462621744579135,0.9470919311276,1.12843965500262
4397,Tlearner,0.862291832452659,0.0677712082715355,0.729462705051687,0.995120959853632
4397,Rlearner,0.939890426168791,0.0578453520186681,0.82651561953916,1.05326523279842
4397,intercept,1.18238675095764,0.0746915315348426,1.03599134914935,1.32878215276593
4397,AIPW,0.894708229812602,0.0639645597343682,0.76933769273324,1.02007876689196
4398,Tlearner,1.04962450820013,0.0616576201983277,0.928777793238956,1.1704712231613
4398,Rlearner,1.0976906787707,0.0613764370021289,0.977395072747134,1.21798628479426
4398,intercept,1.25785830882803,0.0880537888882161,1.08527288260713,1.43044373504894
4398,AIPW,1.07514578285471,0.0511377339075094,0.97491582439599,1.17537574131343
4399,Tlearner,1.08721386454965,0.0630710194694452,0.963596937921316,1.21083079117799
4399,Rlearner,1.08374273287068,0.0613792748227106,0.963441564820984,1.20404390092038
4399,intercept,1.22125854487366,0.0850491722330251,1.05456216729693,1.38795492245039
4399,AIPW,1.12137422281483,0.0607951396643499,1.00221574907271,1.24053269655696
4400,Tlearner,1.00223264764983,0.063119649870124,0.878520407187613,1.12594488811206
4400,Rlearner,1.0571501830472,0.0613238927535771,0.936957561858389,1.177342804236
4400,intercept,1.07816809313958,0.0810165401234533,0.919375674497607,1.23696051178154
4400,AIPW,1.06718055851431,0.0517617324784581,0.965727562856528,1.16863355417208
4401,Tlearner,0.946944629920352,0.0597679293442809,0.829801640975027,1.06408761886568
4401,Rlearner,0.953891384821993,0.0581428154522355,0.839933560575853,1.06784920906813
4401,intercept,1.13525445951759,0.0791456733690903,0.980128939714175,1.29037997932101
4401,AIPW,1.00522560249859,0.051935110483684,0.903432785950573,1.10701841904661
4402,Tlearner,0.985018117946085,0.0617583336190913,0.863974008307457,1.10606222758471
4402,Rlearner,1.08800652201145,0.0605768808428972,0.969278017263599,1.2067350267593
4402,intercept,1.29019054724867,0.0838468482347841,1.12585072470849,1.45453036978884
4402,AIPW,1.12002693529292,0.109171564650413,0.906050668578113,1.33400320200773
4403,Tlearner,0.973535938023979,0.0619421157648235,0.852131621998714,1.09494025404924
4403,Rlearner,1.00773369307706,0.0643340754720434,0.881641222173175,1.13382616398095
4403,intercept,1.09738390048743,0.0784869535451859,0.943549471538865,1.25121832943599
4403,AIPW,1.02599868923861,0.0606098411034633,0.907203400675826,1.1447939778014
4404,Tlearner,1.04362196169892,0.061047060472031,0.923971921811697,1.16327200158614
4404,Rlearner,1.01637927924179,0.0568848124120023,0.904887095646953,1.12787146283664
4404,intercept,1.15729804980398,0.0699892241421708,1.02011917048532,1.29447692912263
4404,AIPW,1.06065967228909,0.0512920137786785,0.960127325282876,1.1611920192953
4405,Tlearner,1.10423131083999,0.0640427778731231,0.978709772738773,1.22975284894121
4405,Rlearner,1.04124383354607,0.0574474577905785,0.928648885273151,1.15383878181899
4405,intercept,1.24743464378489,0.0725653021971214,1.10520665147853,1.38966263609125
4405,AIPW,1.11182387665487,0.0509556119302239,1.01195087727163,1.21169687603811
4406,Tlearner,1.12096790057472,0.0618829921197338,0.999679464764466,1.24225633638497
4406,Rlearner,1.15404655567101,0.0631712137178576,1.03023325192433,1.27785985941769
4406,intercept,1.20720066465736,0.0905720137792195,1.02967951765009,1.38472181166463
4406,AIPW,1.18533646857311,0.060432707992768,1.06688836090728,1.30378457623893
4407,Tlearner,1.01362394584858,0.0623405809030683,0.891438652503263,1.1358092391939
4407,Rlearner,1.03029835975136,0.0616260665604554,0.909513488784004,1.15108323071872
4407,intercept,1.22705027830973,0.0809225761744593,1.06844202900779,1.38565852761167
4407,AIPW,1.10123712750893,0.0691808928313735,0.96564257755944,1.23683167745842
4408,Tlearner,0.996953869506242,0.0599574943748654,0.879439339928243,1.11446839908424
4408,Rlearner,0.997460626544187,0.0597400884159814,0.880372204815625,1.11454904827275
4408,intercept,1.14706136926759,0.0740927698411494,1.00183954037893,1.29228319815624
4408,AIPW,1.00699997179748,0.0615411806355614,0.886379257751782,1.12762068584318
4409,Tlearner,1.01919385283047,0.0591427809046782,0.903276132311759,1.13511157334918
4409,Rlearner,1.05255700326157,0.0547859006881562,0.945178611052198,1.15993539547095
4409,intercept,1.20372604451039,0.072653401770781,1.06132537703966,1.34612671198112
4409,AIPW,1.06685558914115,0.0515450773596093,0.965827237516317,1.16788394076599
4410,Tlearner,1.06090178504698,0.0600592060610851,0.943187904227187,1.17861566586678
4410,Rlearner,1.07061406681719,0.0570688754302545,0.958761126335684,1.18246700729869
4410,intercept,1.23500253027364,0.0745976864986027,1.08879106473638,1.3812139958109
4410,AIPW,1.08741312593378,0.0405685977379471,1.0078986743674,1.16692757750015
4411,Tlearner,1.07813812448186,0.058715758280444,0.96305735292723,1.19321889603649
4411,Rlearner,1.11674489789511,0.0550332221878562,1.00888176445372,1.2246080313365
4411,intercept,1.31853019469093,0.0756189569269563,1.17031703911409,1.46674335026776
4411,AIPW,1.16480741174735,0.0546810511078216,1.05763255157602,1.27198227191869
4412,Tlearner,0.987352614767428,0.0573218273374855,0.875003897657933,1.09970133187692
4412,Rlearner,1.00338226193895,0.0561480933840507,0.89333402110562,1.11343050277228
4412,intercept,1.19079552322468,0.0754209486610909,1.04297046384894,1.33862058260041
4412,AIPW,0.974824353103041,0.0525049984252057,0.871914556189638,1.07773415001644
4413,Tlearner,1.01587780608841,0.063115971721618,0.892172774664792,1.13958283751203
4413,Rlearner,0.990675550070771,0.0657711741745537,0.861766417467735,1.11958468267381
4413,intercept,1.1976514867463,0.0928296159501204,1.01570543948406,1.37959753400853
4413,AIPW,1.02594091407673,0.0471253234656205,0.933575280084115,1.11830654806935
4414,Tlearner,0.863713587848673,0.0646979791435882,0.736907878854717,0.99051929684263
4414,Rlearner,0.807561075736895,0.0640595383179667,0.682006687767416,0.933115463706373
4414,intercept,1.08161252390441,0.0800723418125665,0.924670733951779,1.23855431385704
4414,AIPW,0.841660151853251,0.0523015036350761,0.739149204728502,0.944171098978
4415,Tlearner,1.01557777790641,0.0649346755807867,0.888308152420277,1.14284740339255
4415,Rlearner,1.11817516185061,0.0620237899458146,0.996610767372139,1.23973955632909
4415,intercept,1.32484752375301,0.0850293705544655,1.15818995746626,1.49150509003976
4415,AIPW,0.647461691405303,0.344039166457215,-0.0268550748508392,1.32177845766144
4416,Tlearner,0.884030984310136,0.0646480002205022,0.757323232205414,1.01073873641486
4416,Rlearner,0.88350183148455,0.0647873638032643,0.756520931776858,1.01048273119224
4416,intercept,1.02843018608155,0.0875211811507475,0.856888671026081,1.19997170113701
4416,AIPW,0.814209699912364,0.0665665199814361,0.683739320748749,0.944680079075979
4417,Tlearner,1.00122082765669,0.0607483685611526,0.882156213157263,1.12028544215611
4417,Rlearner,0.997120605238846,0.0594852424848411,0.880531672356925,1.11370953812077
4417,intercept,1.12598127178907,0.0837595134129334,0.961812625499723,1.29014991807842
4417,AIPW,1.01395389677484,0.0529418938804868,0.910187784769082,1.11772000878059
4418,Tlearner,1.00219013586234,0.0607237571967473,0.883173758750763,1.12120651297392
4418,Rlearner,1.05884244513487,0.061965168636753,0.937392946310885,1.18029194395886
4418,intercept,1.15833711998739,0.0801050086562944,1.00133130302105,1.31534293695372
4418,AIPW,1.06907540220872,0.0463909922056366,0.978149057485672,1.16000174693177
4419,Tlearner,0.943168363597419,0.0632202055862931,0.819259037553067,1.06707768964177
4419,Rlearner,0.99240913481421,0.0587638796151775,0.877234047176615,1.10758422245181
4419,intercept,1.19915315835287,0.0805774290737303,1.04122139736836,1.35708491933738
4419,AIPW,0.966557760134581,0.0816549615688999,0.806514035459537,1.12660148480962
4420,Tlearner,0.917961525708056,0.0606906315007915,0.799010073767513,1.0369129776486
4420,Rlearner,0.988364261470651,0.0559132791790983,0.878776248022085,1.09795227491922
4420,intercept,1.096101992101,0.0732327989984281,0.952565706064077,1.23963827813791
4420,AIPW,0.950523944296594,0.0656809358674107,0.821789309996469,1.07925857859672
4421,Tlearner,1.02687717188107,0.0609041520538092,0.907507227346652,1.14624711641549
4421,Rlearner,1.04455847500246,0.0593314442117272,0.928270981196723,1.16084596880819
4421,intercept,1.12898387882874,0.0815865823612772,0.969074177400636,1.28889358025684
4421,AIPW,1.02443324500871,0.0497433794419852,0.926936221302415,1.121930268715
4422,Tlearner,1.00514091667635,0.0619832745977439,0.883655930820915,1.12662590253178
4422,Rlearner,1.00990067674478,0.0583902448111209,0.895457899866507,1.12434345362305
4422,intercept,1.13749551239038,0.0769592180575737,0.986655444997533,1.28833557978322
4422,AIPW,0.996292469810033,0.0434281156433379,0.911173363149091,1.08141157647098
4423,Tlearner,1.07458180639902,0.0632248058062268,0.950663464089279,1.19850014870877
4423,Rlearner,1.12539797960551,0.0596358124032451,1.00851393510636,1.24228202410466
4423,intercept,1.22254234061016,0.0829893502133085,1.05988321419207,1.38520146702824
4423,AIPW,1.18760228514777,0.0804157867756271,1.02998734306754,1.345217227228
4424,Tlearner,0.919327273087026,0.0659846567979713,0.789999722230766,1.04865482394329
4424,Rlearner,0.984042894921139,0.0558207044733617,0.874636324561696,1.09344946528058
4424,intercept,1.10222559046661,0.0804684387830029,0.944507450451929,1.2599437304813
4424,AIPW,1.00142990965747,0.0473935661591434,0.908538519985549,1.09432129932939
4425,Tlearner,0.97814131747443,0.0599826728539943,0.860577438984153,1.09570519596471
4425,Rlearner,0.97464289707962,0.0545087722076483,0.867807666711132,1.08147812744811
4425,intercept,1.16375459144152,0.0779876995129232,1.01089870039619,1.31661048248685
4425,AIPW,0.9562768628971,0.056831659003486,0.844886811250267,1.06766691454393
4426,Tlearner,1.03979672269953,0.0600311246902381,0.922137880355226,1.15745556504383
4426,Rlearner,1.03605849478399,0.0598520913754767,0.918750551288651,1.15336643827932
4426,intercept,1.19918125837154,0.0769572423579098,1.04834506335004,1.35001745339305
4426,AIPW,1.04561884741148,0.0484534032924902,0.950650176958195,1.14058751786476
4427,Tlearner,0.942842614991118,0.0623107130654151,0.820715861531895,1.06496936845034
4427,Rlearner,0.932158769256682,0.0603140092755423,0.813945483313405,1.05037205519996
4427,intercept,1.20760426700939,0.0763667962879656,1.05792534628498,1.3572831877338
4427,AIPW,0.998574763378193,0.0555566271017578,0.889683774258748,1.10746575249764
4428,Tlearner,0.984024971135996,0.0606872721507039,0.865080103400635,1.10296983887136
4428,Rlearner,0.989762135980417,0.0579482205357714,0.876185710762121,1.10333856119871
4428,intercept,1.25807047875927,0.0763306558276728,1.10846239333703,1.40767856418151
4428,AIPW,1.1056675073441,0.136387938705173,0.838347147481957,1.37298786720624
4429,Tlearner,0.978845190868711,0.0588422160674883,0.86351656660591,1.09417381513151
4429,Rlearner,1.00612512142048,0.0561246954729671,0.896122739650191,1.11612750319078
4429,intercept,1.087412934926,0.0779971727230165,0.934538476388889,1.24028739346311
4429,AIPW,1.01727943639943,0.0489246987263995,0.921387026895688,1.11317184590317
4430,Tlearner,0.9989001399167,0.0614253687614289,0.878508629407207,1.11929165042619
4430,Rlearner,1.06722445945049,0.0575670329525975,0.954395148166568,1.18005377073441
4430,intercept,1.1824107432783,0.0773548791445298,1.03079518015502,1.33402630640158
4430,AIPW,1.05017944299991,0.0471492565026283,0.957766900254763,1.14259198574507
4431,Tlearner,1.02887030894449,0.0606914652202813,0.909917222943777,1.14782339494521
4431,Rlearner,1.03951568210321,0.0610279032180348,0.919903189743866,1.15912817446255
4431,intercept,1.23564301061723,0.0839200514817808,1.07115970971294,1.40012631152152
4431,AIPW,1.09209057279881,0.0612270380093957,0.972085578300399,1.21209556729723
4432,Tlearner,0.990358841081995,0.0598718597281396,0.873012152327407,1.10770552983658
4432,Rlearner,1.01043388589961,0.0616937270048157,0.889516402898128,1.1313513689011
4432,intercept,1.07767157354577,0.0776881742054021,0.925402752103178,1.22994039498835
4432,AIPW,0.82599354444709,0.199414583857287,0.435140960086808,1.21684612880737
4433,Tlearner,0.972578845425544,0.0644087793908781,0.846339957531237,1.09881773331985
4433,Rlearner,1.01752444288069,0.0589001975411526,0.902082177017741,1.13296670874365
4433,intercept,1.12134934798028,0.0747491409482481,0.974841031721716,1.26785766423885
4433,AIPW,1.02742293366702,0.0474217601362156,0.934476283800042,1.12036958353401
4434,Tlearner,1.1277919694674,0.0594090248392039,1.01135242042592,1.24423151850889
4434,Rlearner,1.13410390858981,0.0607510870980608,1.01503396585595,1.25317385132366
4434,intercept,1.26774555330272,0.0824408642534068,1.10616145936604,1.4293296472394
4434,AIPW,1.17715952303982,0.0504979794095163,1.07818348339717,1.27613556268247
4435,Tlearner,1.04650904523554,0.0613206997241733,0.926322682269363,1.16669540820171
4435,Rlearner,1.10684473228317,0.058508494277843,0.992170190708932,1.22151927385741
4435,intercept,1.32857264220653,0.0842045096664488,1.16353180326029,1.49361348115276
4435,AIPW,1.09513661300032,0.0506939573567359,0.995776456581116,1.19449676941952
4436,Tlearner,0.932420644937786,0.0596130023689375,0.815581307284368,1.0492599825912
4436,Rlearner,0.910531956779544,0.0539915802725562,0.804710403976931,1.01635350958216
4436,intercept,1.08418566777435,0.073182166879981,0.940748620689589,1.22762271485911
4436,AIPW,0.923106535348445,0.0496220668645299,0.825847284293967,1.02036578640292
4437,Tlearner,0.872682180567735,0.0678973608903714,0.739605798577289,1.00575856255818
4437,Rlearner,0.937865623708319,0.0577761544784483,0.824626441765338,1.0511048056513
4437,intercept,1.06049682951316,0.0725551205319931,0.918288793270454,1.20270486575587
4437,AIPW,0.888713538593871,0.0456902492911942,0.79916064998313,0.978266427204611
4439,Tlearner,0.870374814407334,0.0635087983676073,0.745899856905407,0.99484977190926
4439,Rlearner,0.940057247764956,0.0586578982726105,0.825089879741825,1.05502461578809
4439,intercept,1.10662085021819,0.0812468475042466,0.947377029109864,1.26586467132651
4439,AIPW,0.866247618955534,0.0557897096312498,0.756899788078285,0.975595449832784
4440,Tlearner,0.947410485697132,0.060492726689703,0.828846920058689,1.06597405133557
4440,Rlearner,0.956893112357934,0.0573906801511882,0.844409446213347,1.06937677850252
4440,intercept,1.18137276359132,0.0821808073566779,1.02029838117223,1.34244714601041
4440,AIPW,0.997448498030213,0.0666801392793458,0.866755425042695,1.12814157101773
4441,Tlearner,1.00949811136779,0.0651803785014648,0.881746917006234,1.13724930572935
4441,Rlearner,1.03945968926279,0.0564708094646153,0.928778936534319,1.15014044199126
4441,intercept,1.29743347802601,0.081129757855409,1.13841915262941,1.45644780342261
4441,AIPW,1.05204705933465,0.0552027896679335,0.943849591585499,1.1602445270838
4442,Tlearner,1.13588687942779,0.0575211729626325,1.02314745207253,1.24862630678305
4442,Rlearner,1.1711926701643,0.0566911875918492,1.06007998424347,1.28230535608513
4442,intercept,1.32266840746799,0.0743570815175384,1.17692852769362,1.46840828724237
4442,AIPW,1.14529644693359,0.0488948981478055,1.04946244656389,1.24113044730329
4443,Tlearner,0.878473679731351,0.064364133936901,0.752322295318913,1.00462506414379
4443,Rlearner,0.927369099174043,0.0615602273416783,0.806713270704256,1.04802492764383
4443,intercept,1.10455311382659,0.0774973672000955,0.9526582741144,1.25644795353877
4443,AIPW,0.901093171349886,0.0497778966491339,0.803528493917583,0.998657848782188
4444,Tlearner,0.983066351331433,0.0618464515789085,0.861849533665172,1.10428316899769
4444,Rlearner,1.15030309822816,0.0589671025041792,1.03472970104729,1.26587649540903
4444,intercept,1.23539497239862,0.0849905848030079,1.06881342618472,1.40197651861252
4444,AIPW,1.05412410294207,0.04339854844373,0.969062947992355,1.13918525789178
4445,Tlearner,0.985780992748025,0.0611731203002965,0.865883880137507,1.10567810535854
4445,Rlearner,1.03495219471227,0.0593837352488759,0.91856221235701,1.15134217706753
4445,intercept,1.12148886151905,0.0761763710987876,0.972183174165429,1.27079454887268
4445,AIPW,1.02080222586131,0.049183455111107,0.924402653843543,1.11720179787908
4446,Tlearner,1.04351440466216,0.0595770837503915,0.926745466207465,1.16028334311685
4446,Rlearner,1.08208076186374,0.0600151497403232,0.964453229845926,1.19970829388155
4446,intercept,1.21832447519786,0.0728109270377143,1.07561505820394,1.36103389219178
4446,AIPW,1.06908790126584,0.0473259690506355,0.976329001926595,1.16184680060509
4447,Tlearner,0.99640000610039,0.0633108097438779,0.872313099170322,1.12048691303046
4447,Rlearner,0.962407602458404,0.0565540355827929,0.851563729535734,1.07325147538107
4447,intercept,1.10501732874695,0.0814355653661935,0.945403620629207,1.26463103686469
4447,AIPW,0.97852357937734,0.0643565805164487,0.852384681565101,1.10466247718958
4448,Tlearner,0.964046154923852,0.0638221020099796,0.838957133566651,1.08913517628105
4448,Rlearner,0.951685872823833,0.0609593052123046,0.832207830085131,1.07116391556253
4448,intercept,1.14095921703582,0.089091236596216,0.966340393307239,1.31557804076441
4448,AIPW,0.941293926082233,0.0548531137794593,0.833781823074493,1.04880602908997
4449,Tlearner,0.93534672852929,0.0605356297798943,0.816699074379247,1.05399438267933
4449,Rlearner,0.933244316140876,0.0567065761231523,0.822101469252919,1.04438716302883
4449,intercept,1.14034997849689,0.0775215477860084,0.988407744836317,1.29229221215747
4449,AIPW,1.04250374765861,0.0753206805446895,0.894875213791021,1.1901322815262
4450,Tlearner,0.991385203286861,0.0654190888890156,0.863166145162966,1.11960426141076
4450,Rlearner,1.01934654453968,0.0602873483856095,0.901185512980465,1.13750757609889
4450,intercept,1.23647740434581,0.0771233131886559,1.08531571049605,1.38763909819558
4450,AIPW,0.997205090508269,0.0767699961109438,0.846735898130819,1.14767428288572
4451,Tlearner,0.871904414748366,0.0590825780673222,0.756104689622638,0.987704139874094
4451,Rlearner,0.91822507459727,0.057999474390979,0.804548193668698,1.03190195552584
4451,intercept,1.04136709224902,0.0726482889904694,0.898976445827699,1.18375773867034
4451,AIPW,0.811082910207142,0.0936657213419482,0.627498096376924,0.994667724037361
4452,Tlearner,1.03461251092174,0.058248478179338,0.920447591535967,1.14877743030751
4452,Rlearner,1.03512944665203,0.0556778608095189,0.926002844729136,1.14425604857492
4452,intercept,1.09788603477773,0.0740109538691842,0.952824565194126,1.24294750436133
4452,AIPW,1.01152241106007,0.0543868045244434,0.904924274192162,1.11812054792798
4453,Tlearner,0.959919885749023,0.065823791921751,0.830907624256532,1.08893214724151
4453,Rlearner,1.00138144910183,0.0586743938671688,0.88638175030746,1.1163811478962
4453,intercept,1.26788432256169,0.0791545524996951,1.11274139966229,1.4230272454611
4453,AIPW,0.965138946904351,0.0444918576012397,0.877934906005921,1.05234298780278
4455,Tlearner,1.07654878499117,0.0629201633214243,0.953227530979797,1.19987003900254
4455,Rlearner,1.0665679586312,0.0642713444649344,0.940598438241966,1.19253747902044
4455,intercept,1.24031347143256,0.0747061314682062,1.09388945375488,1.38673748911025
4455,AIPW,1.14583646321966,0.0672852967366507,1.01395728161582,1.27771564482349
4456,Tlearner,0.83387885332394,0.0658776336541915,0.704761063975001,0.962996642672879
4456,Rlearner,0.854097641853875,0.0618578741261509,0.732858436406407,0.975336847301343
4456,intercept,1.06345908582785,0.0850365266043821,0.896787493683258,1.23013067797244
4456,AIPW,0.857934663741622,0.046216807600017,0.767349720845589,0.948519606637655
4457,Tlearner,1.02530525768448,0.0624566729353142,0.90289242813707,1.1477180872319
4457,Rlearner,1.00684478473741,0.0567673289940329,0.895582864410568,1.11810670506425
4457,intercept,1.20910243518134,0.0708631486033384,1.0702106639188,1.34799420644388
4457,AIPW,1.0442619819246,0.0502982331099174,0.945677445029159,1.14284651882004
4458,Tlearner,1.01814714633078,0.0676834792509835,0.885489964650492,1.15080432801108
4458,Rlearner,1.01624154238066,0.063055724409444,0.892654593519063,1.13982849124225
4458,intercept,1.22933860906644,0.0828514055963246,1.06694985409765,1.39172736403524
4458,AIPW,1.00788015159597,0.096346423542193,0.819041161453272,1.19671914173867
4459,Tlearner,0.973915312906976,0.059039717742882,0.858199592473517,1.08963103334044
4459,Rlearner,0.996320769444639,0.0564678120962703,0.885645891450174,1.1069956474391
4459,intercept,1.17636034889327,0.0716072500524061,1.03601013879056,1.31671055899599
4459,AIPW,0.997240040722587,0.0500006521742486,0.899238762461059,1.09524131898411
4460,Tlearner,0.96486794648773,0.0594093188844662,0.848427821128121,1.08130807184734
4460,Rlearner,0.992540646219494,0.0537062007985974,0.887278426907767,1.09780286553122
4460,intercept,1.13277894172893,0.0725973220567719,0.990488190497659,1.27506969296021
4460,AIPW,1.00117536360925,0.0402419212762095,0.922301197907881,1.08004952931062
4461,Tlearner,0.993924996056171,0.0646791064949066,0.867156276773923,1.12069371533842
4461,Rlearner,0.973250632926628,0.0645532898695532,0.846728509698729,1.09977275615453
4461,intercept,1.13108315633378,0.0876493069250547,0.959290514760675,1.30287579790689
4461,AIPW,1.06861806171124,0.0738259533759825,0.923919193094315,1.21331693032817
4462,Tlearner,1.02484503781752,0.06267561463933,0.902003090415526,1.14768698521952
4462,Rlearner,1.04644311335346,0.0568579301713949,0.935003617982032,1.15788260872489
4462,intercept,1.22455336662554,0.0851718720073221,1.05761649749119,1.3914902357599
4462,AIPW,1.03636072211284,0.0684702664425288,0.902158999885488,1.1705624443402
4464,Tlearner,1.00761248753068,0.0649451468276403,0.88032233877784,1.13490263628352
4464,Rlearner,1.09255409307353,0.0601282874855157,0.974704815149853,1.21040337099722
4464,intercept,1.33706636102283,0.0819216500365413,1.17649992695121,1.49763279509445
4464,AIPW,1.07592660387035,0.0575025643226625,0.963221577797928,1.18863162994276
4467,Tlearner,1.01989388626318,0.059631892605547,0.903017524426352,1.13677024810002
4467,Rlearner,1.08427270968101,0.057309821342685,0.971947523888924,1.1965978954731
4467,intercept,1.33001560416346,0.0663548133901161,1.19996016991883,1.46007103840809
4467,AIPW,1.12332040686259,0.0477823397895717,1.02966702087503,1.21697379285015
4468,Tlearner,0.881636486996096,0.0624343731658028,0.759267364193788,1.0040056097984
4468,Rlearner,0.888773551351476,0.0595154047408668,0.772125501534053,1.0054216011689
4468,intercept,0.947960845106253,0.0749297062860524,0.801098620785591,1.09482306942692
4468,AIPW,0.910565223250508,0.0524009551508735,0.807859351154796,1.01327109534622
4469,Tlearner,0.912789833632784,0.0588153489729893,0.79751386790757,1.028065799358
4469,Rlearner,0.918248688312438,0.0593412964975914,0.801941884381246,1.03455549224363
4469,intercept,1.04465362213055,0.0762572936563523,0.8951893265641,1.194117917697
4469,AIPW,0.9445314708926,0.0452831822971831,0.855776433590121,1.03328650819508
4470,Tlearner,0.89555488327441,0.0585505131768186,0.780797986171508,1.01031178037731
4470,Rlearner,0.88400598835524,0.0556674190825583,0.774899851841128,0.993112124869352
4470,intercept,0.999321237932911,0.0737018350225233,0.854865641288766,1.14377683457706
4470,AIPW,0.90847719097563,0.0459277810309887,0.818458740154892,0.998495641796368
4471,Tlearner,1.02649456937337,0.0574219740610594,0.913949568292502,1.13903957045424
4471,Rlearner,1.06309721188581,0.0552111092560978,0.954885426197354,1.17130899757427
4471,intercept,1.2021108599063,0.0740942766214574,1.05688607772825,1.34733564208436
4471,AIPW,1.06900639939236,0.045088632456655,0.980632679777315,1.1573801190074
4473,Tlearner,1.05681121700402,0.0620105108133513,0.93527284914692,1.17834958486112
4473,Rlearner,1.05685417817146,0.0611748506105791,0.93695367421511,1.17675468212782
4473,intercept,1.22493077753469,0.0822929503449035,1.06363659485868,1.3862249602107
4473,AIPW,1.06759157057561,0.0473466549711366,0.974792126832178,1.16039101431903
4474,Tlearner,1.06709279847305,0.0589760360581083,0.951501891848222,1.18268370509788
4474,Rlearner,1.06148783272551,0.057345335150691,0.949093041148781,1.17388262430225
4474,intercept,1.16954667840906,0.0726518934522737,1.0271489672426,1.31194438957552
4474,AIPW,1.0849434116754,0.0480123948804612,0.990839117709698,1.17904770564111
4475,Tlearner,1.11892856214913,0.0611414933474077,0.999093437227219,1.23876368707105
4475,Rlearner,1.11595699168012,0.0586785620902776,1.00094912331858,1.23096486004166
4475,intercept,1.2232301880332,0.076360324052675,1.07356395288996,1.37289642317644
4475,AIPW,1.11429278147555,0.0444591988851132,1.02715275166073,1.20143281129038
4476,Tlearner,0.938104506850778,0.0637696061366948,0.813118375514551,1.063090638187
4476,Rlearner,0.986259247560484,0.0614277311660084,0.865863106823099,1.10665538829787
4476,intercept,1.20243224541026,0.0745327563955637,1.05634804287495,1.34851644794556
4476,AIPW,0.963207173478434,0.045951809891747,0.87314162609061,1.05327272086626
4477,Tlearner,0.948393213615174,0.0628920518641687,0.825127057047578,1.07165937018277
4477,Rlearner,0.996899283360965,0.053876864140139,0.891302570046336,1.1024959966756
4477,intercept,1.11226754089483,0.0630831965476148,0.98862447566151,1.23591060612816
4477,AIPW,0.949162875835447,0.0471533504857208,0.856742308883435,1.04158344278746
4479,Tlearner,1.01644483673868,0.068431685164521,0.882321198414835,1.15056847506252
4479,Rlearner,1.02937103919251,0.063731015399139,0.904460544312031,1.15428153407299
4479,intercept,1.21645828669802,0.0791489598477579,1.06132632539641,1.37159024799962
4479,AIPW,1.05369406483885,0.0507686759034484,0.954187460068089,1.15320066960961
4480,Tlearner,0.950930435401715,0.0607989300898677,0.831766722127005,1.07009414867642
4480,Rlearner,0.991724165624872,0.0557311287044805,0.882493160546324,1.10095517070342
4480,intercept,1.20664403215498,0.0797333616646325,1.0503666432923,1.36292142101766
4480,AIPW,1.06636146183361,0.0539612545597145,0.960597402896566,1.17212552077065
4481,Tlearner,1.09741043384726,0.0612926278802734,0.977279090684111,1.21754177701041
4481,Rlearner,1.21301335690388,0.0590611130206231,1.09725570249661,1.32877101131115
4481,intercept,1.37736319658044,0.0761574505041161,1.22809459359238,1.52663179956851
4481,AIPW,1.19209590147821,0.0411271751405607,1.11148663820271,1.27270516475371
4482,Tlearner,1.0402376966786,0.0648713164582893,0.91309225279065,1.16738314056655
4482,Rlearner,1.00674835495258,0.0615480957689358,0.886116303928448,1.12738040597672
4482,intercept,1.22348918213063,0.0842141737076202,1.0584294016637,1.38854896259757
4482,AIPW,1.05719420613144,0.0439661685927628,0.971020515689623,1.14336789657325
4483,Tlearner,1.00538288201204,0.0637514673099128,0.88043230212303,1.13033346190105
4483,Rlearner,1.03408920500851,0.0570289603002546,0.922314496744249,1.14586391327278
4483,intercept,1.27843002688133,0.0862865091283209,1.10930846898982,1.44755158477284
4483,AIPW,1.01959852646611,0.048719732051538,0.924107851645095,1.11508920128712
4484,Tlearner,1.15038960487838,0.06295765088991,1.02699487658291,1.27378433317385
4484,Rlearner,1.20648375929935,0.0612672538968874,1.08640214822978,1.32656537036892
4484,intercept,1.32651382528212,0.0818477052311622,1.16609232302904,1.4869353275352
4484,AIPW,1.17291065291029,0.0505400043636757,1.07385224435748,1.27196906146309
4485,Tlearner,1.05253050890107,0.0573999775741834,0.940028620142262,1.16503239765987
4485,Rlearner,1.00950941158572,0.05707171682026,0.89765090208214,1.1213679210893
4485,intercept,1.1010778558393,0.0758787114577979,0.952355581382011,1.24980013029658
4485,AIPW,1.04060572545323,0.0744644066038095,0.894655488509768,1.1865559623967
4486,Tlearner,0.940531992685915,0.0627042791747864,0.817633863826789,1.06343012154504
4486,Rlearner,1.02138695965797,0.0604474436636565,0.902912147119687,1.13986177219625
4486,intercept,1.20119333721758,0.0762284095351312,1.05178565452872,1.35060101990644
4486,AIPW,1.03666081496486,0.0479124162696659,0.942752479076317,1.13056915085341
4487,Tlearner,1.14672111546934,0.059595383357674,1.02991631044344,1.26352592049524
4487,Rlearner,1.16906908076218,0.0611423682355436,1.04923224109103,1.28890592043333
4487,intercept,1.25845244260283,0.0829970865818734,1.09577815290236,1.4211267323033
4487,AIPW,1.17903530927561,0.0596666919594028,1.06208859303518,1.29598202551604
4488,Tlearner,1.01962818269324,0.0599476624409921,0.902132923351535,1.13712344203495
4488,Rlearner,1.04757786260571,0.0593147664641383,0.931323056584593,1.16383266862682
4488,intercept,1.20815361545468,0.0728110025639461,1.06544405042934,1.35086318048001
4488,AIPW,1.09068916135727,0.053949790001169,0.984947572954983,1.19643074975957
4489,Tlearner,1.05119713738759,0.063948799361015,0.925859793785423,1.17653448098976
4489,Rlearner,1.0359754577911,0.0616363912995331,0.915170350706998,1.1567805648752
4489,intercept,1.07971204791678,0.0842279836772063,0.914625199909456,1.2447988959241
4489,AIPW,1.00003689653301,0.0486325994387183,0.904717001633119,1.09535679143289
4490,Tlearner,1.00463073363864,0.0596327970147339,0.88775259919237,1.1215088680849
4490,Rlearner,1.04709666027512,0.0590603107907034,0.931340578209599,1.16285274234064
4490,intercept,1.26198142613407,0.0790996654480283,1.10694608185594,1.41701677041221
4490,AIPW,0.999909857439568,0.081136717242194,0.840881891644868,1.15893782323427
4491,Tlearner,1.0294217350153,0.0579915002168028,0.915760483180916,1.14308298684968
4491,Rlearner,0.891720479842532,0.0537853526248383,0.786303125802062,0.997137833883002
4491,intercept,1.0693762193073,0.0730496382620583,0.926198928313668,1.21255351030094
4491,AIPW,1.00762441750014,0.0466848477258341,0.916122115957503,1.09912671904277
4492,Tlearner,1.04784019308698,0.0598348152503698,0.930566110174648,1.16511427599931
4492,Rlearner,1.09491364221713,0.0600828756915351,0.97715336977412,1.21267391466013
4492,intercept,1.25820294922794,0.0868231674358728,1.08802954105363,1.42837635740225
4492,AIPW,1.03446105482603,0.0507622958503907,0.934966954959264,1.1339551546928
4494,Tlearner,0.982434293018006,0.0614000264250858,0.86209245257503,1.10277613346098
4494,Rlearner,0.983913821108948,0.0630032277550225,0.860429763799329,1.10739787841857
4494,intercept,1.07892177968326,0.0861769361064353,0.910014984914644,1.24782857445187
4494,AIPW,1.01842775707335,0.045550419865841,0.929148934136303,1.1077065800104
4495,Tlearner,1.00339805293383,0.0595721534153343,0.886638777758282,1.12015732810938
4495,Rlearner,1.0242679534744,0.0575570291688182,0.911458249246399,1.13707765770241
4495,intercept,1.13716728915191,0.079305776807863,0.981727966608499,1.29260661169532
4495,AIPW,1.08839901709732,0.0490077200851368,0.992343885730454,1.18445414846419
4496,Tlearner,1.015340950456,0.0608561939316912,0.896065002113704,1.1346168987983
4496,Rlearner,1.11377733162206,0.0543230751230232,1.00730606085147,1.22024860239265
4496,intercept,1.17211071474477,0.0669205526054682,1.04094643163806,1.30327499785149
4496,AIPW,1.13086918786225,0.052907497658901,1.0271704924508,1.2345678832737
4497,Tlearner,0.964963180982814,0.0599956915544575,0.847373786308504,1.08255257565712
4497,Rlearner,0.987411724376942,0.0582389453637843,0.873265488966329,1.10155795978756
4497,intercept,1.19241809673795,0.0729403809974179,1.04945494998301,1.33538124349289
4497,AIPW,1.01311657895067,0.0467974209819795,0.921393633825989,1.10483952407535
4498,Tlearner,1.18449371705323,0.0576340361148344,1.07153308198447,1.29745435212199
4498,Rlearner,1.19985467459058,0.0571070038836014,1.08792700371373,1.31178234546743
4498,intercept,1.37233390604653,0.0746478723675381,1.22602407620616,1.51864373588691
4498,AIPW,1.2186600606358,0.0448820740171095,1.13069119556227,1.30662892570934
4500,Tlearner,1.03815526442479,0.0623792142844254,0.915894251043413,1.16041627780617
4500,Rlearner,1.06100015222629,0.059118655337591,0.945129716950172,1.1768705875024
4500,intercept,1.15562942472888,0.080320999470714,0.998200265766284,1.31305858369148
4500,AIPW,1.02874453669626,0.0531368813162133,0.924596249316479,1.13289282407603
4502,Tlearner,0.998886163501059,0.0654018926588225,0.870700809369012,1.12707151763311
4502,Rlearner,1.03930588530743,0.067260032177533,0.907478644640462,1.1711331259744
4502,intercept,1.11848648247546,0.0858940017470554,0.950134239051228,1.28683872589968
4502,AIPW,1.03303209341294,0.0522192772285084,0.930682310045063,1.13538187678082
4503,Tlearner,0.969677899435325,0.0662032908927031,0.839921833627598,1.09943396524305
4503,Rlearner,0.99764227923251,0.0597591433891394,0.880516510442832,1.11476804802219
4503,intercept,1.24066047129952,0.0893175171789292,1.06559813762882,1.41572280497022
4503,AIPW,1.0263432002908,0.0745943625787301,0.880138249636491,1.17254815094511
4504,Tlearner,1.11562461811519,0.0605930314524774,0.996864458754235,1.23438477747615
4504,Rlearner,1.11073648836722,0.0553153610540719,1.00232037290941,1.21915260382503
4504,intercept,1.18639112848289,0.076863502764245,1.03573866306497,1.33704359390081
4504,AIPW,1.173179269501,0.0564680889003179,1.06250181525637,1.28385672374562
4505,Tlearner,0.958903995729872,0.0579915561234245,0.845242634320526,1.07256535713922
4505,Rlearner,1.02134989811693,0.0571098645077696,0.909416620519739,1.13328317571412
4505,intercept,1.18340578889991,0.0759132992387419,1.03461572239197,1.33219585540784
4505,AIPW,0.976112804869345,0.0472785704480751,0.883446806791118,1.06877880294757
4507,Tlearner,0.934184608524878,0.0609510584075937,0.814722729226398,1.05364648782336
4507,Rlearner,0.978466158210424,0.061316063158944,0.85828888274511,1.09864343367574
4507,intercept,1.23705126978875,0.0851195592714611,1.07021693361669,1.40388560596081
4507,AIPW,1.00298915526538,0.0502020395195361,0.904593157807091,1.10138515272367
4508,Tlearner,1.08740923528348,0.0647782312397098,0.960446235071446,1.21437223549552
4508,Rlearner,1.02370830749808,0.0598387895243143,0.906426435151956,1.14099017984421
4508,intercept,1.18466976433624,0.0800451092773977,1.02778135015254,1.34155817851994
4508,AIPW,1.01442670556987,0.0493618802742507,0.917677420232342,1.1111759909074
4509,Tlearner,1.00766877834934,0.0652575376138935,0.879766354906342,1.13557120179234
4509,Rlearner,1.09241879033989,0.0591173765173831,0.976550861505327,1.20828671917446
4509,intercept,1.2726077208234,0.0738268396830876,1.12790711504455,1.41730832660225
4509,AIPW,1.05360134880192,0.0516115704294507,0.952442670760193,1.15476002684364
4510,Tlearner,1.07523469525856,0.0609613524478639,0.955752640011896,1.19471675050523
4510,Rlearner,1.06136236731438,0.0585143893256971,0.946676271658656,1.1760484629701
4510,intercept,1.21816153184886,0.0803580135452423,1.06065982530018,1.37566323839753
4510,AIPW,1.0555025508572,0.0506898721189364,0.956150401504087,1.15485470021032
4511,Tlearner,0.934384482519029,0.0690961560558074,0.798958505179487,1.06981045985857
4511,Rlearner,1.02132357854744,0.0624646230782836,0.898895167006133,1.14375199008874
4511,intercept,1.27646548230383,0.0844290939676123,1.11098445812731,1.44194650648035
4511,AIPW,1.73008499602886,0.723968708956377,0.311106326474365,3.14906366558336
4512,Tlearner,0.995983885411038,0.0598631846734218,0.878654199451261,1.11331357137081
4512,Rlearner,0.928390439194106,0.0563673192231342,0.81791252361169,1.03886835477652
4512,intercept,1.08763287005692,0.0753827318991152,0.939882715534654,1.23538302457919
4512,AIPW,0.942490934066903,0.0493897306525534,0.845687061987899,1.03929480614591
4513,Tlearner,0.917027188251272,0.0624316175513457,0.794663466354056,1.03939091014849
4513,Rlearner,0.927740402017121,0.0587850785701038,0.81252376519136,1.04295703884288
4513,intercept,1.14053603511286,0.0801226116286574,0.983495716320691,1.29757635390503
4513,AIPW,0.947042358881273,0.0447357097627897,0.859360367746205,1.03472435001634
4514,Tlearner,0.893132884889308,0.0611718795369219,0.773238204130319,1.0130275656483
4514,Rlearner,0.865334803765611,0.0575213891303464,0.752594952729418,0.978074654801804
4514,intercept,1.06876406516802,0.0734833219721741,0.924736754102559,1.21279137623348
4514,AIPW,0.890348182502628,0.0530163054413718,0.786436223837539,0.994260141167717
4515,Tlearner,1.07571712322523,0.0610577692255628,0.956046094566765,1.19538815188369
4515,Rlearner,0.995783370442889,0.0600667329193635,0.87805473725195,1.11351200363383
4515,intercept,1.11434933315346,0.0801366951713559,0.957281410617606,1.27141725568932
4515,AIPW,1.03219231586483,0.0478934505038073,0.938321152877369,1.12606347885229
4517,Tlearner,1.08452689392196,0.0567872473139341,0.973225934405481,1.19582785343844
4517,Rlearner,1.04308669359881,0.0573903796212482,0.930603616482086,1.15556977071554
4517,intercept,1.19426501761781,0.0779976917822893,1.04138954172452,1.34714049351109
4517,AIPW,1.1105340823121,0.0644023591715669,0.98430545833583,1.23676270628837
4518,Tlearner,1.02990498803256,0.0582836335169261,0.915671165451249,1.14413881061386
4518,Rlearner,1.05528956372616,0.0589569718708398,0.93973602222177,1.17084310523054
4518,intercept,1.11145720041815,0.0771647132996383,0.960214362350855,1.26270003848544
4518,AIPW,1.0917071124225,0.0531760849190392,0.987481985981188,1.19593223886382
4519,Tlearner,1.1168194649705,0.06041401797057,0.998410165586829,1.23522876435417
4519,Rlearner,1.13242646010558,0.0618666116870652,1.01117012935341,1.25368279085775
4519,intercept,1.24722669848267,0.0814969616808998,1.08749265358811,1.40696074337724
4519,AIPW,1.09640477052472,0.0460808378669025,1.00608632830559,1.18672321274384
4520,Tlearner,1.00162546642598,0.0599846647388791,0.884057683913066,1.11919324893889
4520,Rlearner,1.0019741091019,0.0535347858649756,0.897047856886488,1.10690036131732
4520,intercept,1.13591951721741,0.0737075763140519,0.991452667641866,1.28038636679295
4520,AIPW,-0.140944370421209,1.15176428531034,-2.39840236962948,2.11651362878707
4521,Tlearner,0.989658459403858,0.0629291772003009,0.866319538514529,1.11299738029319
4521,Rlearner,1.01365085536565,0.0632526251770753,0.889677988090967,1.13762372264032
4521,intercept,1.09821242543022,0.0801087084755549,0.941199356818129,1.2552254940423
4521,AIPW,1.03238728586292,0.0456449190223967,0.942923244579025,1.12185132714682
4522,Tlearner,1.01945070149852,0.0633637226654307,0.895260087147895,1.14364131584915
4522,Rlearner,0.96749984703911,0.0634321266850045,0.843175163273719,1.0918245308045
4522,intercept,1.13656066512994,0.0898079212861108,0.960537139409165,1.31258419085072
4522,AIPW,0.980323323142069,0.0585537876592578,0.865557899329924,1.09508874695421
4523,Tlearner,1.14284215374619,0.057922314633684,1.02931650316297,1.2563678043294
4523,Rlearner,1.12235586123121,0.0581084587894184,1.00846537480682,1.2362463476556
4523,intercept,1.2764818616046,0.0798184538717116,1.12003769201604,1.43292603119315
4523,AIPW,1.18403435876581,0.0499668229988715,1.08609938568802,1.2819693318436
4524,Tlearner,0.933271047972947,0.0623270451088291,0.811112284296839,1.05542981164906
4524,Rlearner,0.980193908783765,0.061261511085677,0.860123553417337,1.10026426415019
4524,intercept,1.14327770450062,0.0905589026840964,0.965782255239788,1.32077315376145
4524,AIPW,1.03947779942356,0.0661318014173014,0.909859468645654,1.16909613020148
4525,Tlearner,1.04171557666245,0.0618502294996974,0.92049135440751,1.1629397989174
4525,Rlearner,1.04173789770133,0.0632009103225804,0.917866389678923,1.16560940572373
4525,intercept,1.07748163533303,0.0789855471325817,0.92266996295317,1.23229330771289
4525,AIPW,1.07131910269502,0.0482665693729233,0.976716626724093,1.16592157866595
4526,Tlearner,1.06828552595528,0.0676377979091987,0.935717878059656,1.20085317385091
4526,Rlearner,1.00136477431559,0.0644680465769211,0.875009724871176,1.12771982376001
4526,intercept,1.18474307992943,0.0864715507875602,1.01525884038582,1.35422731947305
4526,AIPW,1.05106561211139,0.0461659828417073,0.960580285741645,1.14155093848114
4527,Tlearner,1.07056587632272,0.0591524263662389,0.954629251046732,1.1865025015987
4527,Rlearner,1.05788310014848,0.0576192478370654,0.944951449571546,1.17081475072542
4527,intercept,1.27301574388568,0.0688110301439396,1.13814612480356,1.4078853629678
4527,AIPW,1.04898929479603,0.0510120078301613,0.949005759448917,1.14897283014315
4528,Tlearner,1.05067424215018,0.0627401632332335,0.92770578182888,1.17364270247148
4528,Rlearner,1.09536105251735,0.0564985024311714,0.984626022571807,1.2060960824629
4528,intercept,1.24238931412272,0.0787528460220294,1.08803373591955,1.3967448923259
4528,AIPW,1.02357420128998,0.067910500011242,0.890469621267949,1.15667878131202
4529,Tlearner,1.08491150585625,0.0615969007311629,0.964183798863878,1.20563921284861
4529,Rlearner,1.10093753862628,0.0598569910899926,0.98361999186696,1.2182550853856
4529,intercept,1.28024959759626,0.081934850782205,1.11965729006313,1.44084190512938
4529,AIPW,1.13583929136909,0.0780265819194366,0.982907190806991,1.28877139193118
4530,Tlearner,0.949450437695853,0.0647305467888304,0.82258089729016,1.07631997810155
4530,Rlearner,1.01186305435333,0.0572443101214531,0.899666268195436,1.12405984051122
4530,intercept,1.1483422603072,0.0708564524329476,1.00946361353862,1.28722090707578
4530,AIPW,1.00652690124731,0.0516909769692743,0.905212586387531,1.10784121610709
4531,Tlearner,0.957949710499278,0.0598288597641274,0.840687300125491,1.07521212087307
4531,Rlearner,0.982053365311921,0.0587858099996091,0.866835294910673,1.09727143571317
4531,intercept,1.1986479483917,0.0737808573557139,1.0540374679745,1.3432584288089
4531,AIPW,1.02061257850552,0.0556648911471871,0.911509391857033,1.12971576515401
4532,Tlearner,0.95306304084991,0.062163305892251,0.831225200141151,1.07490088155867
4532,Rlearner,0.956225776689745,0.0651086411835767,0.828615184887593,1.0838363684919
4532,intercept,1.2311015352286,0.0828314809647678,1.06875183253766,1.39345123791955
4532,AIPW,0.953481207170257,0.0540634879778943,0.847516770733584,1.05944564360693
4533,Tlearner,0.94114398392387,0.0632289610280594,0.817217497528987,1.06507047031875
4533,Rlearner,0.951768858634284,0.06062462000719,0.832946786843765,1.0705909304248
4533,intercept,1.15203989172074,0.085878821783954,0.983717401024194,1.32036238241729
4533,AIPW,0.926520448729786,0.0500902505544348,0.828343557643094,1.02469733981648
4534,Tlearner,1.03174829549916,0.0601813403288741,0.913795035913216,1.1497015550851
4534,Rlearner,0.969325997306476,0.0606521357480194,0.850449995654924,1.08820199895803
4534,intercept,1.21251915819114,0.0808281438650666,1.05409599621561,1.37094232016667
4534,AIPW,1.01830777547606,0.0497731377163973,0.92075242555192,1.1158631254002
4535,Tlearner,0.973349891039077,0.0633769667198723,0.849133318818733,1.09756646325942
4535,Rlearner,0.983652738778599,0.0598603367613414,0.866328634623931,1.10097684293327
4535,intercept,1.2048570055233,0.0789096827809029,1.05019402727273,1.35951998377387
4535,AIPW,0.956381375617729,0.0595033430971103,0.839754823147393,1.07300792808807
4536,Tlearner,0.848799064610226,0.0610050177481249,0.729231426947675,0.968366702272778
4536,Rlearner,0.930893492715745,0.0589397345169809,0.81537373580411,1.04641324962738
4536,intercept,1.11215097958139,0.0817031968513753,0.952012713752697,1.27228924541009
4536,AIPW,0.947224113841376,0.0456912671342196,0.857669230258306,1.03677899742445
4537,Tlearner,1.02942600212085,0.0632311555033675,0.905495214633398,1.1533567896083
4537,Rlearner,1.00337632097545,0.0600935875953838,0.885595053586696,1.12115758836421
4537,intercept,1.12647785390525,0.0825061820754852,0.964765737037299,1.2881899707732
4537,AIPW,0.980639432047233,0.0532315859323898,0.876305523619749,1.08497334047472
4538,Tlearner,0.929406346617167,0.0633536151299322,0.805235542672088,1.05357715056225
4538,Rlearner,1.02858899348228,0.059407259161079,0.912152905106328,1.14502508185823
4538,intercept,1.20175690087474,0.0801168221291936,1.04472792950152,1.35878587224796
4538,AIPW,1.01754985095376,0.0507883397433378,0.918004705056816,1.1170949968507
4539,Tlearner,1.06667056026762,0.0645676900283898,0.940120213247035,1.19322090728821
4539,Rlearner,1.12985363037592,0.0595725493329036,1.0130935792162,1.24661368153565
4539,intercept,1.1863434211616,0.0740363075161157,1.04123225843001,1.33145458389319
4539,AIPW,1.10802707735093,0.0489834168418803,1.01201958034084,1.20403457436102
4540,Tlearner,1.00871108283636,0.0637919692635361,0.883681120576942,1.13374104509578
4540,Rlearner,1.08543528603625,0.0590717947675331,0.969656695789747,1.20121387628276
4540,intercept,1.26308800047921,0.0722882196297889,1.12140309000482,1.40477291095359
4540,AIPW,1.00767090317994,0.04664508443733,0.916246537682773,1.09909526867711
4541,Tlearner,1.17233920516563,0.0592541409201248,1.05620322302733,1.28847518730394
4541,Rlearner,1.25167897500457,0.0606368413446768,1.13283294983274,1.37052500017641
4541,intercept,1.39451198874395,0.0842672616364878,1.22934815593643,1.55967582155147
4541,AIPW,1.21448644564299,0.0524132064897913,1.111756560923,1.31721633036298
4542,Tlearner,1.19550166932676,0.0611569903428477,1.07563617085191,1.3153671678016
4542,Rlearner,1.21152380013509,0.0607916736875299,1.09237430914762,1.33067329112256
4542,intercept,1.38648655090023,0.0803765347829768,1.2289485427256,1.54402455907487
4542,AIPW,1.17740590899925,0.0558742316994205,1.06789241486839,1.28691940313012
4543,Tlearner,0.979132148597495,0.0597459405657189,0.862032256866215,1.09623204032877
4543,Rlearner,0.990222439412345,0.0604338103430514,0.87177434769144,1.10867053113325
4543,intercept,1.12263661980102,0.0765383563964444,0.972621441263991,1.27265179833805
4543,AIPW,1.02966632514101,0.069341780463611,0.893756435432334,1.16557621484969
4544,Tlearner,0.948954046529553,0.0653905927408533,0.820790839829754,1.07711725322935
4544,Rlearner,0.9546356266056,0.059280349635025,0.838448276330009,1.07082297688119
4544,intercept,1.07042808199114,0.0757572939948843,0.921943785761169,1.21891237822112
4544,AIPW,0.97225358659792,0.0476916664270957,0.878777920400813,1.06572925279503
4546,Tlearner,1.03611182700338,0.0607042915491769,0.917133601859974,1.15509005214679
4546,Rlearner,1.01295365924146,0.0615889670346775,0.892241502008471,1.13366581647446
4546,intercept,1.20859182762412,0.0845386891742993,1.04289599684249,1.37428765840575
4546,AIPW,1.02636158219866,0.0515703409190352,0.925283713997347,1.12743945039997
4547,Tlearner,0.930518815448978,0.0594176660384565,0.814062329968175,1.04697530092978
4547,Rlearner,0.892140879212893,0.053347699205541,0.787581310111957,0.996700448313829
4547,intercept,1.00298515341539,0.072837945773167,0.860222779699985,1.1457475271308
4547,AIPW,0.932414054754019,0.046078372526114,0.842100444602835,1.0227276649052
4548,Tlearner,0.96555051454468,0.0658820893802134,0.836423992133213,1.09467703695615
4548,Rlearner,1.00158935236188,0.056043305554643,0.89174649190021,1.11143221282356
4548,intercept,1.19371181029095,0.0814022706765192,1.03416335976497,1.35326026081693
4548,AIPW,0.978223972072967,0.0537964966671739,0.872782838605306,1.08366510554063
4549,Tlearner,0.955645072869584,0.0581971505871601,0.841580753715896,1.06970939202327
4549,Rlearner,0.982045586574778,0.0612263968533281,0.862044053839098,1.10204711931046
4549,intercept,1.09685855814417,0.0782452640927712,0.943497840522339,1.250219275766
4549,AIPW,1.01957124837986,0.043437086769733,0.934434558311182,1.10470793844854
4550,Tlearner,0.978185662734325,0.0604972992971454,0.859613134949979,1.09675819051867
4550,Rlearner,0.959924618051194,0.0572011862145405,0.847812353197725,1.07203688290466
4550,intercept,1.23176631357136,0.0737585498561762,1.08719955585326,1.37633307128947
4550,AIPW,0.992710363624026,0.0486521961719832,0.897352059126939,1.08806866812111
4551,Tlearner,1.04726646859016,0.0582437524783423,0.933110811408139,1.16142212577217
4551,Rlearner,1.06337168457747,0.057558676426967,0.950558751782816,1.17618461737212
4551,intercept,1.17962151485893,0.0792778951677936,1.02423684033005,1.3350061893878
4551,AIPW,1.07465747575784,0.044603349439977,0.987234910855483,1.16208004066019
4552,Tlearner,1.02622006909319,0.0616536765904945,0.90538108346134,1.14705905472504
4552,Rlearner,1.02707466496832,0.0577030391424484,0.913978786450618,1.14017054348603
4552,intercept,1.20550520537996,0.0809741436191195,1.04679588388648,1.36421452687343
4552,AIPW,1.0417910923645,0.0573945363821017,0.929297801055576,1.15428438367341
4553,Tlearner,0.934336014731776,0.0626735505582788,0.8114981128543,1.05717391660925
4553,Rlearner,0.904728902838273,0.0591979346630164,0.788703082939605,1.02075472273694
4553,intercept,1.01431592931395,0.0755447733093178,0.866248173627687,1.16238368500021
4553,AIPW,0.934504368534095,0.0459390855856702,0.844463760786181,1.02454497628201
4554,Tlearner,1.07308758696143,0.0638088912115921,0.94802445829328,1.19815071562959
4554,Rlearner,1.02839631514556,0.0617841261107607,0.907301653152185,1.14949097713893
4554,intercept,1.34278698742349,0.0917646843496102,1.16292820609825,1.52264576874873
4554,AIPW,1.17309365268355,0.0814510196123633,1.01344965424331,1.33273765112378
4555,Tlearner,0.859983433254358,0.0627435808165648,0.737008274592813,0.982958591915903
4555,Rlearner,0.893804192803948,0.0633475909395549,0.769645196055045,1.01796318955285
4555,intercept,1.03286220587374,0.0852140616673185,0.865842645005799,1.19988176674169
4555,AIPW,0.959762237461252,0.0495218290981689,0.862699452428841,1.05682502249366
4557,Tlearner,0.918460759219768,0.0606104045274901,0.799666549257484,1.03725496918205
4557,Rlearner,0.907529476427186,0.0580829929911168,0.793688902050305,1.02137005080407
4557,intercept,1.03059179788788,0.0790155143029528,0.875721389854093,1.18546220592167
4557,AIPW,0.945467410674369,0.0553626459664761,0.836956624580075,1.05397819676866
4558,Tlearner,0.990517671115054,0.061555711561217,0.869870693412333,1.11116464881777
4558,Rlearner,0.922674065351775,0.0655160058127421,0.794265053547884,1.05108307715567
4558,intercept,1.09339995732427,0.0827111309181455,0.931286140724706,1.25551377392384
4558,AIPW,0.971765716978174,0.0489105803175971,0.875900979555684,1.06763045440066
4559,Tlearner,1.09913041196085,0.0575950750788132,0.986246139119493,1.2120146848022
4559,Rlearner,1.15407199840558,0.0558192325917816,1.04466831288102,1.26347568393014
4559,intercept,1.32522472332013,0.0756920587541556,1.17686828816199,1.47358115847828
4559,AIPW,1.1918307364413,0.0568650593161939,1.08037522018156,1.30328625270104
4560,Tlearner,0.908579177661555,0.061253339396424,0.788524838511755,1.02863351681135
4560,Rlearner,0.916784159467097,0.0575554914303819,0.803977469151045,1.02959084978315
4560,intercept,1.10543876148995,0.0765351623311153,0.955429843320961,1.25544767965893
4560,AIPW,0.917842112631977,0.0457020377093297,0.82826611872169,1.00741810654226
4561,Tlearner,1.09063327467818,0.0579539727119265,0.977045575401789,1.20422097395457
4561,Rlearner,1.12036179118446,0.0536180799489108,1.01527228556441,1.22545129680452
4561,intercept,1.16070896045872,0.078049858963528,1.0077312368902,1.31368668402723
4561,AIPW,1.10166566030625,0.0468036246368654,1.009930556018,1.19340076459451
4562,Tlearner,0.994152592159542,0.0626084541076583,0.871442276980803,1.11686290733828
4562,Rlearner,1.04501825247956,0.0600301385593253,0.927361342916337,1.16267516204279
4562,intercept,1.18957219578509,0.0757169883472534,1.04116689862448,1.33797749294571
4562,AIPW,1.06104246298455,0.0497521166555271,0.963528314339717,1.15855661162938
4563,Tlearner,1.01416924098728,0.0572098638614863,0.902039968258325,1.12629851371623
4563,Rlearner,1.02258069769365,0.0564746043205591,0.911892507184201,1.13326888820309
4563,intercept,1.10303156175905,0.071275250537523,0.963332070705508,1.2427310528126
4563,AIPW,1.0503655336554,0.0459624864326367,0.960279060247435,1.14045200706337
4564,Tlearner,0.967957761093432,0.0617068753153678,0.847014507876807,1.08890101431006
4564,Rlearner,1.01578702131793,0.0605973144290351,0.897018467477172,1.13455557515869
4564,intercept,1.16661746846499,0.0843158666497191,1.00135836983154,1.33187656709844
4564,AIPW,1.04708087359489,0.0492683463937543,0.950514914663134,1.14364683252665
4565,Tlearner,1.04809599847957,0.0620693866347041,0.926442236133061,1.16974976082608
4565,Rlearner,1.09263280354709,0.06055337967879,0.973950360234479,1.2113152468597
4565,intercept,1.34670054826204,0.0783392549710631,1.19315560851876,1.50024548800533
4565,AIPW,1.10258933648638,0.048182851996299,1.00815094657364,1.19702772639913
4566,Tlearner,1.12270933485067,0.059098300003124,1.006878795297,1.23853987440433
4566,Rlearner,1.1230258544817,0.0580626570046692,1.00922513790584,1.23682657105755
4566,intercept,1.29139471916614,0.0756969483109117,1.14302870047675,1.43976073785553
4566,AIPW,1.11882970080956,0.0629945614525175,0.99536036036263,1.2422990412565
4567,Tlearner,1.02559364639961,0.0606077236720655,0.906804690817406,1.14438260198181
4567,Rlearner,1.05390876344542,0.0602355773459762,0.935849201259334,1.17196832563151
4567,intercept,1.2525029685847,0.0851982855223869,1.08551432896082,1.41949160820858
4567,AIPW,1.05757894666799,0.0472799300877609,0.964910283695979,1.15024760964
4568,Tlearner,0.96019860125131,0.0646735224882425,0.833440826421013,1.08695637608161
4568,Rlearner,0.85475244813436,0.06187431675704,0.733481015722538,0.976023880546181
4568,intercept,1.03223473754342,0.0848732897598042,0.865883089614202,1.19858638547263
4568,AIPW,0.873888479979367,0.0485503825166619,0.77872973024671,0.969047229712024
4569,Tlearner,0.910348174325531,0.0641935548545934,0.784531118770932,1.03616522988013
4569,Rlearner,0.92575290014476,0.0639602231651187,0.800393166297983,1.05111263399154
4569,intercept,1.10021776108316,0.0853198564601228,0.932990842421324,1.267444679745
4569,AIPW,0.916210089638957,0.048734272837913,0.820690914876647,1.01172926440127
4570,Tlearner,1.07670637708153,0.0589388150031606,0.961188422383866,1.19222433177919
4570,Rlearner,1.06467931561597,0.0594422587114611,0.948174629381795,1.18118400185015
4570,intercept,1.17954105291459,0.0798488786912564,1.02303725067972,1.33604485514945
4570,AIPW,1.07502505803011,0.049528204191921,0.977949777813949,1.17210033824628
4571,Tlearner,1.07507253691984,0.0634461552374072,0.950720357696989,1.1994247161427
4571,Rlearner,1.10258035862826,0.0597435487405243,0.985485154788224,1.21967556246831
4571,intercept,1.22083925877729,0.0817610481844344,1.0605876043358,1.38109091321879
4571,AIPW,1.06481599121024,0.0466836726887706,0.973315992740252,1.15631598968023
4572,Tlearner,1.0055938928299,0.060015019323177,0.887966616424995,1.1232211692348
4572,Rlearner,1.061719656016,0.0565168361767235,0.950948692589475,1.17249061944253
4572,intercept,1.13898899532005,0.0791429279896991,0.983868856460238,1.29410913417986
4572,AIPW,1.06846567675687,0.0466680041953198,0.976996388534044,1.1599349649797
4573,Tlearner,1.12002259029586,0.0569927807534568,1.0083187926403,1.23172638795142
4573,Rlearner,1.07127220871947,0.0561896480838759,0.96114252217109,1.18140189526784
4573,intercept,1.18166731511273,0.0734579106564274,1.03768981022613,1.32564481999933
4573,AIPW,1.06546525963923,0.0599051149814892,0.948051234275507,1.18287928500294
4574,Tlearner,1.03230441459874,0.0615936346804343,0.911583108948168,1.15302572024931
4574,Rlearner,1.08198410536821,0.0605062195510824,0.963394094207419,1.20057411652901
4574,intercept,1.2705652917596,0.0774887509853617,1.11868733982829,1.42244324369091
4574,AIPW,1.12201140780691,0.0480823813663369,1.02776994032888,1.21625287528493
4575,Tlearner,0.890252999984892,0.0656596210943802,0.76156250740136,1.01894349256842
4575,Rlearner,0.891999453886691,0.0646840082620658,0.765221127317351,1.01877778045603
4575,intercept,1.05987369143818,0.0879046853189571,0.887580508213026,1.23216687466334
4575,AIPW,0.845466521368625,0.068233256260348,0.711729339098342,0.979203703638907
4576,Tlearner,0.966358586091598,0.0603203423373233,0.848132887575318,1.08458428460788
4576,Rlearner,0.944672042833238,0.0613432068427448,0.824441566725267,1.06490251894121
4576,intercept,1.06018982996855,0.0886342333903892,0.886466732523388,1.23391292741371
4576,AIPW,0.952891383071382,0.0567111157424914,0.841737596216099,1.06404516992667
4577,Tlearner,0.988347205940172,0.0609715311861616,0.868845200733035,1.10784921114731
4577,Rlearner,1.02511904453416,0.0599988220268095,0.907523514246787,1.14271457482154
4577,intercept,1.11913795528748,0.0835991178050508,0.955283684389585,1.28299222618538
4577,AIPW,1.00389254448089,0.0559081381001726,0.894312593804551,1.11347249515723
4578,Tlearner,0.957318517258608,0.0662587009926001,0.827453849650703,1.08718318486651
4578,Rlearner,1.02208259825288,0.0635169629500118,0.897591638463488,1.14657355804226
4578,intercept,1.19487297388393,0.0870037470269476,1.02434562971112,1.36540031805675
4578,AIPW,0.994912159420285,0.0590462894588777,0.879181432080884,1.11064288675968
4579,Tlearner,0.949304495632179,0.0587064369794514,0.834241993491784,1.06436699777257
4579,Rlearner,0.959523062356717,0.0572052549136271,0.847402822999575,1.07164330171386
4579,intercept,1.1165261274414,0.0753482800872339,0.968843498470418,1.26420875641237
4579,AIPW,1.02295768564642,0.075648877221872,0.874685886291549,1.17122948500129
4580,Tlearner,1.12134936130573,0.0610270223872392,1.00173859534302,1.24096012726844
4580,Rlearner,1.17451617949223,0.0585752045684278,1.05971088815105,1.28932147083342
4580,intercept,1.28802858543771,0.0760520008093911,1.13896666385131,1.43709050702412
4580,AIPW,1.15915614079186,0.0447233969061263,1.07149828285585,1.24681399872786
4581,Tlearner,1.05120331874665,0.0592188780686504,0.935136450527229,1.16727018696608
4581,Rlearner,1.10303527954668,0.0544431009712147,0.996328762436422,1.20974179665694
4581,intercept,1.32756613817653,0.0720221691860243,1.18640268657192,1.46872958978114
4581,AIPW,1.08605709646935,0.0519592027094689,0.984217059158791,1.18789713377991
4582,Tlearner,0.895443459935553,0.0614851960586291,0.774934690078256,1.01595222979285
4582,Rlearner,0.867729249530421,0.0613618603416916,0.747462213236329,0.987996285824513
4582,intercept,0.967935474323197,0.0765843290068655,0.81783018946974,1.11804075917665
4582,AIPW,0.900253440371209,0.0441809513029817,0.813658775817365,0.986848104925053
4583,Tlearner,1.05915179057916,0.0588247413504045,0.943857416132483,1.17444616502584
4583,Rlearner,1.03789760836331,0.0591170456514441,0.922030328014073,1.15376488871255
4583,intercept,1.19784602399782,0.0775087051126886,1.04592896197695,1.34976308601869
4583,AIPW,1.05207636002943,0.041411733487888,0.970909362393165,1.13324335766569
4584,Tlearner,0.932044719501443,0.0637594754647529,0.807078443917362,1.05701099508552
4584,Rlearner,0.907879157126287,0.0612603733954006,0.787811031591827,1.02794728266075
4584,intercept,0.980666994593724,0.0805290930525945,0.822829972210639,1.13850401697681
4584,AIPW,1.0060130972058,0.0739559357979125,0.861059463041895,1.15096673136971
4586,Tlearner,0.994517300466092,0.0659613014126558,0.865235525323896,1.12379907560829
4586,Rlearner,1.01284583658906,0.0585077312030164,0.898172790614002,1.12751888256413
4586,intercept,1.23747189403909,0.0779340650222527,1.08472112659547,1.3902226614827
4586,AIPW,0.994372438315102,0.077528987657972,0.842415622505477,1.14632925412473
4587,Tlearner,0.973097469700934,0.0586007032638107,0.858242201835146,1.08795273756672
4587,Rlearner,0.935578788207287,0.0573256452173189,0.823222588190822,1.04793498822375
4587,intercept,1.03246387858016,0.0776788500703044,0.880213332442368,1.18471442471796
4587,AIPW,0.937209235105151,0.0434642736913506,0.852019258670104,1.0223992115402
4589,Tlearner,0.946498687992077,0.0625897947035766,0.823824944573311,1.06917243141084
4589,Rlearner,1.03896750548278,0.0609150475048186,0.919576206256794,1.15835880470878
4589,intercept,1.22707744543434,0.084058943650867,1.06232191587864,1.39183297499004
4589,AIPW,1.09051127162798,0.197893077095989,0.702640840519844,1.47838170273612
4590,Tlearner,1.02719956206393,0.0640656388496447,0.901633217272076,1.15276590685578
4590,Rlearner,1.0581840724641,0.0597611977646275,0.941054277172457,1.17531386775575
4590,intercept,1.13262520680641,0.0803876063152366,0.97506549842855,1.29018491518428
4590,AIPW,1.03843786186415,0.0445903430670335,0.951040789452765,1.12583493427554
4591,Tlearner,0.928628758921618,0.0586151479839364,0.813745179924617,1.04351233791862
4591,Rlearner,0.983325356669575,0.0536289585082896,0.878214529464934,1.08843618387422
4591,intercept,1.12525681765012,0.0717437635497501,0.984639041092611,1.26587459420763
4591,AIPW,0.93318611335776,0.0445869836388216,0.84579562542567,1.02057660128985
4592,Tlearner,0.955545391113197,0.0683658184371148,0.821550849202848,1.08953993302355
4592,Rlearner,1.00922568141821,0.0612634184245737,0.88915158773624,1.12929977510018
4592,intercept,1.20489173186741,0.0863680391762408,1.03561037508198,1.37417308865285
4592,AIPW,1.01512967924714,0.0538598438422298,0.909564385316372,1.12069497317791
4593,Tlearner,0.923357857187307,0.0623193572295072,0.801214161477787,1.04550155289683
4593,Rlearner,0.912146501426209,0.0620239578311011,0.79058177789862,1.0337112249538
4593,intercept,0.998683774500213,0.0866057762544869,0.828936453041418,1.16843109595901
4593,AIPW,0.879878032742774,0.0692167472805605,0.744213208072875,1.01554285741267
4594,Tlearner,1.01403296962507,0.0601594968652157,0.896122522441192,1.13194341680894
4594,Rlearner,1.00590142875418,0.056540370802467,0.895084338308801,1.11671851919955
4594,intercept,1.12856093908505,0.0820852392108899,0.967673870231708,1.2894480079384
4594,AIPW,1.03310667430599,0.0612085411537549,0.913137933644634,1.15307541496735
4595,Tlearner,1.1473308323416,0.0580132947269711,1.03362686405223,1.26103480063097
4595,Rlearner,1.15443457022112,0.0552804138407296,1.04608695004282,1.26278219039942
4595,intercept,1.25270231753152,0.0771108672970817,1.10156501762924,1.4038396174338
4595,AIPW,1.23013685519205,0.0495735028141668,1.13297278967629,1.32730092070782
4596,Tlearner,1.02780575971253,0.0647114590998314,0.900973630489823,1.15463788893524
4596,Rlearner,1.08518618228969,0.0593690553872951,0.968824971934423,1.20154739264495
4596,intercept,1.18878332083507,0.069369482316167,1.05281913549538,1.32474750617476
4596,AIPW,1.05044084357163,0.070597688431422,0.91206937424604,1.18881231289721
4597,Tlearner,0.970991134782631,0.062352979297955,0.848781541029868,1.09320072853539
4597,Rlearner,1.01170375113106,0.0601838110455985,0.893745649029319,1.12966185323279
4597,intercept,1.18760321693513,0.0806166640418736,1.02959455541305,1.3456118784572
4597,AIPW,0.981451522453527,0.0596058985839068,0.86462396122907,1.09827908367798
4598,Tlearner,0.91591719687399,0.0571445262797504,0.803915983452077,1.0279184102959
4598,Rlearner,1.02125247696384,0.0581766695964834,0.907228299814244,1.13527665411343
4598,intercept,1.23169680316638,0.0771926901076922,1.0803991305553,1.38299447577745
4598,AIPW,1.01244016621589,0.0509590474231229,0.912560433266564,1.11231989916521
4599,Tlearner,1.08049585447958,0.0583530306886457,0.966126015941078,1.19486569301809
4599,Rlearner,1.08418640256536,0.057683991239717,0.971127857250987,1.19724494787973
4599,intercept,1.17779639400268,0.0768879322790961,1.02709604673566,1.32849674126971
4599,AIPW,1.10071813777732,0.0485787353991987,1.00550381639489,1.19593245915975
4600,Tlearner,1.10202989486182,0.0580462508133168,0.98826133383014,1.2157984558935
4600,Rlearner,1.11584330470544,0.0547757944571135,1.00848472034493,1.22320188906595
4600,intercept,1.3082319192029,0.0795230112137027,1.15236681722404,1.46409702118176
4600,AIPW,1.12543519987876,0.04639175009233,1.0345073696978,1.21636303005973
4601,Tlearner,1.06203588750857,0.0617296486468223,0.941047999382485,1.18302377563465
4601,Rlearner,1.03427231725731,0.0627578606946933,0.911269170548931,1.15727546396569
4601,intercept,1.24051950020885,0.0807281353524469,1.08229235491806,1.39874664549965
4601,AIPW,1.13875439533534,0.0790708323961636,0.983775563838862,1.29373322683182
4602,Tlearner,0.962520852139843,0.0635445621848495,0.837975798844172,1.08706590543551
4602,Rlearner,0.99569429888054,0.0598592903242412,0.878372245704901,1.11301635205618
4602,intercept,1.26173717817465,0.0818149497080823,1.1013798767468,1.42209447960249
4602,AIPW,0.99623442719716,0.0506756003380296,0.896910250534622,1.0955586038597
4603,Tlearner,1.00616001531613,0.0612446311427974,0.88612274402981,1.12619728660246
4603,Rlearner,1.01721002866334,0.0627488840406365,0.894224475873617,1.14019558145307
4603,intercept,1.23673219274059,0.0820605974274135,1.07589342178286,1.39757096369832
4603,AIPW,1.06040136667298,0.0564502139577744,0.949758947315738,1.17104378603021
4604,Tlearner,0.996970985189118,0.0591684511783247,0.881002951858585,1.11293901851965
4604,Rlearner,1.04401820853748,0.0581127286940824,0.930119353253735,1.15791706382123
4604,intercept,1.14982131661473,0.0705086391920641,1.01162438379828,1.28801824943117
4604,AIPW,1.03082029630192,0.0469643085173768,0.938770251607866,1.12287034099598
4605,Tlearner,0.979777911754758,0.0588303568921959,0.864472531048416,1.0950832924611
4605,Rlearner,1.0462071001079,0.0569945953374592,0.934499745933042,1.15791445428275
4605,intercept,1.15325994826628,0.0792819880925081,0.997867251604965,1.3086526449276
4605,AIPW,1.05874614431064,0.0494840817629141,0.961757344055324,1.15573494456595
4606,Tlearner,0.898774571532188,0.0643260897168288,0.772697752420911,1.02485139064346
4606,Rlearner,0.891560516316973,0.0665393790657884,0.761145729794369,1.02197530283958
4606,intercept,1.09237133387932,0.0917332808772566,0.912574103359895,1.27216856439874
4606,AIPW,0.918426651879974,0.0450276194533841,0.830172517751341,1.00668078600861
4607,Tlearner,0.971410266034122,0.0619008875261185,0.850086755871865,1.09273377619638
4607,Rlearner,1.01240829609109,0.0585621638863655,0.897628564017078,1.1271880281651
4607,intercept,1.2463866864062,0.0800855605305329,1.08941898776635,1.40335438504604
4607,AIPW,1.00451512662712,0.0401147928644667,0.925890132612766,1.08314012064148
4608,Tlearner,0.9434411874741,0.0646353356666636,0.816758257438782,1.07012411750942
4608,Rlearner,0.953739703377748,0.0622230531118468,0.831784760270405,1.07569464648509
4608,intercept,1.16784005914968,0.0850080176214874,1.00122434461156,1.33445577368779
4608,AIPW,1.0017091889817,0.0495084403951429,0.904672645807223,1.09874573215618
4609,Tlearner,1.17609914168161,0.0676761136232487,1.0434563963664,1.30874188699681
4609,Rlearner,1.13799503823409,0.0631509733224515,1.01422140493343,1.26176867153474
4609,intercept,1.30726353882166,0.0830359250444699,1.1445131257345,1.47001395190882
4609,AIPW,1.13728237348436,0.0607770246493585,1.01815940517162,1.2564053417971
4610,Tlearner,1.08088468871544,0.0594813060255791,0.964303471151899,1.19746590627898
4610,Rlearner,1.06111250166632,0.0563555800152184,0.950657594508623,1.17156740882401
4610,intercept,1.18589170916491,0.0778123291897367,1.03337954395302,1.33840387437679
4610,AIPW,1.09190540911588,0.054509868048478,0.985066067740861,1.19874475049089
4611,Tlearner,0.940626698691408,0.0594989571062188,0.824010885645525,1.05724251173729
4611,Rlearner,0.988756104402939,0.059829542009047,0.871492356853681,1.1060198519522
4611,intercept,1.21164289086484,0.0785608407003288,1.0576636430922,1.36562213863749
4611,AIPW,1.00214268156171,0.0483113899566403,0.907452357246695,1.09683300587672
4612,Tlearner,1.00462288655196,0.065881713370314,0.875497101106352,1.13374867199757
4612,Rlearner,1.04292247776677,0.0631358493082322,0.919178486989291,1.16666646854426
4612,intercept,1.17878424836088,0.0770299583802459,1.02780552993559,1.32976296678616
4612,AIPW,1.0040450195346,0.0429865027971011,0.919791474052279,1.08829856501692
4613,Tlearner,1.03873084258982,0.0625129711064958,0.916207670654498,1.16125401452515
4613,Rlearner,1.08480452953535,0.0605324931880752,0.966163022992303,1.20344603607839
4613,intercept,1.15041201238631,0.0849687646053348,0.983873233759852,1.31695079101276
4613,AIPW,1.04771590077178,0.0550178273886326,0.939880959090058,1.1555508424535
4614,Tlearner,0.819551007824717,0.0660075694976267,0.690178548902344,0.94892346674709
4614,Rlearner,0.869316169264869,0.0649432337844303,0.742029770007821,0.996602568521918
4614,intercept,1.11218590447114,0.0873732509643288,0.94093433258106,1.28343747636123
4614,AIPW,0.894870538566098,0.0606390874592539,0.77601792714596,1.01372314998624
4615,Tlearner,1.09331417415711,0.0630950270559931,0.969650193523783,1.21697815479044
4615,Rlearner,1.09077584487043,0.0578111021126551,0.97746816682306,1.2040835229178
4615,intercept,1.25799745344134,0.0822024134918747,1.09688072299727,1.41911418388542
4615,AIPW,1.09941623554332,0.0487476008754386,1.00387093782746,1.19496153325918
4616,Tlearner,0.944831784485871,0.0628971554173469,0.821555625137852,1.06810794383389
4616,Rlearner,0.973600145713188,0.0587361471818496,0.858479412646119,1.08872087878026
4616,intercept,1.18437537541116,0.074763990617336,1.03783795380118,1.33091279702114
4616,AIPW,0.956680108193119,0.0447752561479584,0.868920606143121,1.04443961024312
4617,Tlearner,0.895301213576804,0.0595015421271721,0.778680333982954,1.01192209317065
4617,Rlearner,0.878042352175082,0.0596435806759142,0.761143082141281,0.994941622208883
4617,intercept,1.14095336779208,0.0783149173605635,0.987456129765378,1.29445060581879
4617,AIPW,0.917066441622434,0.0489564604984657,0.821111779045441,1.01302110419943
4618,Tlearner,1.07941884426651,0.0598018566571268,0.962209359009917,1.19662832952311
4618,Rlearner,1.06681726704498,0.0579450465148531,0.953247062793366,1.18038747129659
4618,intercept,1.21551605336539,0.0785260765619948,1.06160494330388,1.3694271634269
4618,AIPW,1.12716442289603,0.0668379056761693,0.996162127770742,1.25816671802133
4619,Tlearner,1.0292368043157,0.062220290366044,0.907287276090627,1.15118633254077
4619,Rlearner,1.06494621101608,0.0605934918035249,0.946185149383653,1.18370727264852
4619,intercept,1.16530100303581,0.0769051479586816,1.0145669130368,1.31603509303483
4619,AIPW,1.01862850829842,0.0462486045295069,0.927981243420586,1.10927577317625
4620,Tlearner,0.974978910146319,0.0600595985559796,0.857264260050665,1.09269356024197
4620,Rlearner,0.978566090414595,0.0573862392964166,0.866091128185421,1.09104105264377
4620,intercept,1.2403498584436,0.0808730421670139,1.08183869579626,1.39886102109095
4620,AIPW,1.00226323936805,0.0430425073301464,0.917899925000958,1.08662655373513
4621,Tlearner,1.02171749364595,0.0678291771426097,0.888774749345446,1.15466023794645
4621,Rlearner,1.05700826127345,0.0653088964011655,0.92900517645711,1.18501134608979
4621,intercept,1.22808834881044,0.0889661482746515,1.05371469819213,1.40246199942876
4621,AIPW,1.0572309709412,0.058403892363797,0.942759341908162,1.17170259997425
4622,Tlearner,0.995333850688593,0.0660893135000528,0.865801176465513,1.12486652491167
4622,Rlearner,1.02919394637763,0.0643501122283018,0.903070044009047,1.15531784874621
4622,intercept,1.21479176257311,0.0824038152562525,1.05328028467086,1.37630324047537
4622,AIPW,1.01836225557047,0.0484440402379244,0.923411936704138,1.1133125744368
4624,Tlearner,1.07821288741102,0.0607181626867883,0.959207475337469,1.19721829948457
4624,Rlearner,1.05442926846793,0.0572771153913786,0.942168185162483,1.16669035177338
4624,intercept,1.2795017725801,0.0761923011166788,1.13016486239141,1.42883868276879
4624,AIPW,1.02229565139071,0.0618578664836939,0.901054233082671,1.14353706969875
4625,Tlearner,0.988533647635828,0.0624177784485826,0.866197049881606,1.11087024539005
4625,Rlearner,1.09519546187936,0.0629770898778363,0.971762633867663,1.21862828989107
4625,intercept,1.25432447589722,0.0773468280118689,1.10272469299396,1.40592425880049
4625,AIPW,1.09663401676974,0.0509863333404735,0.99670080342241,1.19656723011707
4626,Tlearner,0.0942772853493082,0.590187815864521,-1.06246957785951,1.25102414855813
4626,Rlearner,1.03450158360669,0.0576127053002274,0.92158275616632,1.14742041104705
4626,intercept,1.22780148933226,0.0774542187507249,1.07599122058084,1.37961175808368
4626,AIPW,1.02020807689098,0.0525991212648754,0.917113799211821,1.12330235457013
4628,Tlearner,1.01070839196906,0.0572684567590747,0.898464279271087,1.12295250466704
4628,Rlearner,0.93272210711814,0.0549098953173092,0.825100689901349,1.04034352433493
4628,intercept,1.16423941023881,0.0748349211733767,1.01756296473899,1.31091585573863
4628,AIPW,0.95755184145468,0.0583949356343294,0.843097767611394,1.07200591529797
4629,Tlearner,0.936191012119576,0.0631257774908932,0.812466761741336,1.05991526249782
4629,Rlearner,0.997879912299222,0.0595086684292061,0.881245065410042,1.1145147591884
4629,intercept,1.25152053145514,0.0769212831126948,1.10075481655426,1.40228624635602
4629,AIPW,1.09332001950673,0.112105266249053,0.873593697658583,1.31304634135487
4631,Tlearner,0.928206818700357,0.0612500940977875,0.808158840219004,1.04825479718171
4631,Rlearner,1.02350843050513,0.0596146698721383,0.906665824605496,1.14035103640477
4631,intercept,1.23049178534714,0.080925674440644,1.07187746344347,1.3891061072508
4631,AIPW,1.01107897683664,0.0511692544862536,0.910787238043584,1.1113707156297
4632,Tlearner,1.02085604990095,0.0643905601222883,0.894652871116902,1.14705922868499
4632,Rlearner,1.03900057766084,0.0576099730974003,0.926087105239611,1.15191405008206
4632,intercept,1.11557622737736,0.0778604069638901,0.962969829728138,1.26818262502659
4632,AIPW,1.03215464201813,0.0608899637074879,0.912810313151449,1.1514989708848
4633,Tlearner,0.897796228051112,0.0654372977169179,0.769541481280327,1.0260509748219
4633,Rlearner,0.929729547948161,0.0600313865693073,0.812070192330317,1.047388903566
4633,intercept,1.13943358392963,0.0794841985832289,0.983644554706505,1.29522261315276
4633,AIPW,0.944795937215001,0.0537980454724138,0.83935176808907,1.05024010634093
4634,Tlearner,0.920611442662631,0.0587408231991064,0.805481544770148,1.03574134055511
4634,Rlearner,0.93729146655894,0.0543196031630948,0.830827000704766,1.04375593241311
4634,intercept,1.05789270211451,0.0690742578589607,0.922507156710949,1.19327824751807
4634,AIPW,0.907375931057717,0.0456324784723943,0.817936273251824,0.99681558886361
4635,Tlearner,1.10777547963475,0.0585852535218525,0.992950492706767,1.22260046656273
4635,Rlearner,1.08072433635572,0.0571347374401382,0.968742308706892,1.19270636400454
4635,intercept,1.17166748625657,0.0736907577627411,1.0272336010416,1.31610137147154
4635,AIPW,1.18081306842413,0.0815096954633138,1.02105406531604,1.34057207153223
4636,Tlearner,0.989659488615551,0.0585617070803402,0.8748806518649,1.1044383253662
4636,Rlearner,0.963617855607471,0.0594055879026279,0.847185042837893,1.08005066837705
4636,intercept,1.22135843842833,0.0806478803365122,1.06328859296877,1.3794282838879
4636,AIPW,1.02043089638069,0.0711546091606089,0.880967862425893,1.15989393033548
4637,Tlearner,0.962341978585901,0.062789039637539,0.839277722272466,1.08540623489933
4637,Rlearner,0.974000359277991,0.0626336232585983,0.851240713469888,1.09676000508609
4637,intercept,1.14209892655245,0.0831016259894478,0.979219739613132,1.30497811349177
4637,AIPW,1.07513804391518,0.088998381353066,0.900701216463167,1.24957487136719
4638,Tlearner,1.05765220743594,0.0591615667998825,0.941697667239205,1.17360674763267
4638,Rlearner,1.06424152921625,0.0582784714564064,0.950017824087647,1.17846523434485
4638,intercept,1.19956756512183,0.07642020566897,1.04978396201065,1.34935116823301
4638,AIPW,1.03486246410263,0.0525875207983956,0.931790923337777,1.13793400486749
4639,Tlearner,1.06203508822861,0.0614968413524777,0.941503494014783,1.18256668244244
4639,Rlearner,1.02735665142808,0.0593456665376325,0.911041282375793,1.14367202048036
4639,intercept,1.26333575536582,0.0888827445632956,1.08912557602176,1.43754593470988
4639,AIPW,1.14385213769285,0.0561191701669964,1.03385856416554,1.25384571122016
4640,Tlearner,0.996976950696052,0.0658790373409851,0.867856410171552,1.12609749122055
4640,Rlearner,0.961216972775218,0.0636767577271756,0.836412820977671,1.08602112457276
4640,intercept,1.21876968879689,0.0937404787005793,1.03503835054376,1.40250102705003
4640,AIPW,0.987052670702352,0.0544746330244097,0.880282389974509,1.0938229514302
4641,Tlearner,0.905725804946225,0.0647298000787038,0.778857728065488,1.03259388182696
4641,Rlearner,0.901652104894163,0.0630573065015109,0.778062055189098,1.02524215459923
4641,intercept,1.19584059151163,0.088801446260781,1.0217897568405,1.36989142618276
4641,AIPW,0.868597137858666,0.0603350978864663,0.750340346001192,0.98685392971614
4642,Tlearner,1.08049205286269,0.0610968035305175,0.960744518372359,1.20023958735303
4642,Rlearner,1.1089529028692,0.0599086332548521,0.991534139326669,1.22637166641173
4642,intercept,1.27069301553381,0.0778371155256948,1.11813226910345,1.42325376196417
4642,AIPW,1.20819968225545,0.0697117625698205,1.0715646276186,1.3448347368923
4643,Tlearner,1.0063182162278,0.0548599697950854,0.898794651236477,1.11384178121912
4643,Rlearner,1.06248600845091,0.0545084112412889,0.955651485563488,1.16932053133834
4643,intercept,1.18410504310842,0.0799795830070398,1.02734506041462,1.34086502580221
4643,AIPW,0.98680252882843,0.0669815967132658,0.855518599270429,1.11808645838643
4644,Tlearner,0.898178741931339,0.0634117710512501,0.773893954474989,1.02246352938769
4644,Rlearner,0.890837882294009,0.0614321609540488,0.770433059331606,1.01124270525641
4644,intercept,1.12562628767909,0.0757215055681177,0.977212136765575,1.2740404385926
4644,AIPW,0.899926051898225,0.048769722322455,0.804337396146213,0.995514707650237
4645,Tlearner,1.02577186181271,0.0573131616549931,0.9134401291288,1.13810359449662
4645,Rlearner,1.04912577950492,0.0540880369822287,0.943115175025282,1.15513638398456
4645,intercept,1.14540976129504,0.0799395063059712,0.988728328935333,1.30209119365474
4645,AIPW,0.987998649237713,0.0611804916640745,0.868084885576127,1.1079124128993
4646,Tlearner,1.04888493697597,0.0633017771797255,0.924815733546326,1.17295414040561
4646,Rlearner,1.04903523589834,0.063981708077035,0.923633392397999,1.17443707939869
4646,intercept,1.29137179835601,0.0795715387724346,1.13541158236204,1.44733201434998
4646,AIPW,1.05787194254349,0.0539897240065595,0.952052083490632,1.16369180159635
4647,Tlearner,1.16205182281512,0.0618512004938214,1.04082569744666,1.28327794818357
4647,Rlearner,1.15993140055837,0.0600486750875242,1.04223816006747,1.27762464104926
4647,intercept,1.23577634574114,0.0817367677535134,1.07557228094425,1.39598041053802
4647,AIPW,1.14397079822776,0.0517945173214055,1.04245354427781,1.24548805217772
4649,Tlearner,1.03439668423808,0.0588591937694589,0.919034784290879,1.14975858418529
4649,Rlearner,1.01461706423724,0.0548753923506713,0.907063271592419,1.12217085688206
4649,intercept,1.22365670565694,0.0757897176988552,1.07510885896718,1.3722045523467
4649,AIPW,0.98728856162083,0.0752976215836472,0.839705223316881,1.13487189992478
4650,Tlearner,1.02151576467441,0.0645007835443944,0.895096551952786,1.14793497739604
4650,Rlearner,1.05100399074837,0.0663996199606332,0.920863127038378,1.18114485445835
4650,intercept,1.19305032973812,0.0918671806662434,1.01299065563228,1.37311000384396
4650,AIPW,1.07706729910045,0.0494506593277438,0.980144006818071,1.17399059138283
4651,Tlearner,1.06279498826701,0.0644012980581474,0.936570763515413,1.18901921301861
4651,Rlearner,1.08537284505531,0.0573079634037031,0.97305130075671,1.1976943893539
4651,intercept,1.22694878862668,0.0721204153222802,1.08559277459501,1.36830480265835
4651,AIPW,1.13713851754523,0.0457432345313262,1.04748177786383,1.22679525722663
4652,Tlearner,1.04071982986384,0.0607096328964362,0.921731135872176,1.1597085238555
4652,Rlearner,1.05171503525265,0.0589175176906035,0.936238822520563,1.16719124798473
4652,intercept,1.25609981548109,0.0834045366770701,1.09262692359403,1.41957270736814
4652,AIPW,1.0695569099911,0.0499793712220826,0.971597342395818,1.16751647758638
4653,Tlearner,1.09251058963644,0.0600600007947899,0.974795151167207,1.21022602810568
4653,Rlearner,1.07624279060214,0.0580284013512208,0.962509213873316,1.18997636733097
4653,intercept,1.21226497337371,0.0752413999870854,1.06479182939902,1.3597381173484
4653,AIPW,1.08061107407166,0.0475298990040527,0.98745247202372,1.17376967611961
4654,Tlearner,0.97061839232691,0.0561978701909998,0.860472590744693,1.08076419390913
4654,Rlearner,1.00410606739456,0.054165795485287,0.897943059049432,1.11026907573968
4654,intercept,1.16570135041778,0.0742763615456409,1.02011968178833,1.31128301904724
4654,AIPW,1.01009714886436,0.0585609780719199,0.895317631843394,1.12487666588532
4655,Tlearner,0.913847121606441,0.0599285042039247,0.796389411719392,1.03130483149349
4655,Rlearner,0.977227131663117,0.0585362316553906,0.862498225827858,1.09195603749838
4655,intercept,1.13914051507783,0.079305129537886,0.983702461183578,1.29457856897209
4655,AIPW,0.988511646556345,0.0453251329409526,0.899674385992078,1.07734890712061
4656,Tlearner,0.95662124910085,0.055676767338206,0.84749679034235,1.06574570785935
4656,Rlearner,0.952181696191938,0.0548436502378875,0.844690116944967,1.05967327543891
4656,intercept,1.08642222083541,0.0743488088727269,0.940698555444863,1.23214588622595
4656,AIPW,0.989094210042706,0.0627096886299617,0.866183220327981,1.11200519975743
4657,Tlearner,1.0725976330807,0.0628607764733181,0.949392775152778,1.19580249100863
4657,Rlearner,1.0805721784127,0.0578213050558209,0.967244502964185,1.19389985386121
4657,intercept,1.26280747315829,0.0849145725325007,1.09637491099458,1.42924003532199
4657,AIPW,1.11055303817,0.0563432057025428,1.00012035499302,1.22098572134698
4658,Tlearner,0.996184830886154,0.0632138609306392,0.872287940138378,1.12008172163393
4658,Rlearner,0.978168157748259,0.0594942096755363,0.861561649495534,1.09477466600098
4658,intercept,1.05299997975585,0.0802876742353576,0.89563613825455,1.21036382125715
4658,AIPW,1.04114315165224,0.0926572877378096,0.859534867686133,1.22275143561835
4659,Tlearner,0.988218075631168,0.0596173882494555,0.871370141809893,1.10506600945244
4659,Rlearner,1.03055357146336,0.0565792720944286,0.919660235886788,1.14144690703993
4659,intercept,1.07249689255574,0.0738553288677257,0.927740447974997,1.21725333713648
4659,AIPW,1.11053899548781,0.0797561492994658,0.954216942860859,1.26686104811477
4660,Tlearner,1.02153593964695,0.0591215854826379,0.90565976139207,1.13741211790182
4660,Rlearner,1.03745231796005,0.0592396735535741,0.921344691339135,1.15355994458097
4660,intercept,1.1612202529802,0.0766683245168885,1.0109503369271,1.3114901690333
4660,AIPW,1.04438969628976,0.0509055168952658,0.944614883175035,1.14416450940448
4661,Tlearner,1.09376490934264,0.0603265392182448,0.975527065162942,1.21200275352235
4661,Rlearner,1.10784769255976,0.060985654606442,0.988318005957538,1.22737737916199
4661,intercept,1.23099368649894,0.0766430943809832,1.08077322151222,1.38121415148567
4661,AIPW,1.06366030366068,0.0824491449905636,0.902059979479176,1.22526062784219
4664,Tlearner,1.06014498776475,0.0590542454419037,0.944400793564434,1.17588918196507
4664,Rlearner,1.07040652625299,0.0575077255081188,0.957693455424266,1.18311959708172
4664,intercept,1.22995257258021,0.083585287345486,1.06612540938306,1.39377973577736
4664,AIPW,1.08450536470039,0.0482599683201562,0.989915826792887,1.1790949026079
4665,Tlearner,1.04317759393758,0.0624370575987899,0.920803209743296,1.16555197813186
4665,Rlearner,1.07032353935162,0.0577728556599372,0.957090822974115,1.18355625572913
4665,intercept,1.23712777952474,0.0780080912047787,1.08423192076337,1.3900236382861
4665,AIPW,1.04099539439958,0.0573672994848592,0.928555487409256,1.1534353013899
4666,Tlearner,1.10029197388982,0.0631259664404996,0.976567353177156,1.22401659460248
4666,Rlearner,1.11712052396847,0.0641840397852896,0.991322117607012,1.24291893032992
4666,intercept,1.22083271295697,0.0843971454268534,1.05541430792033,1.3862511179936
4666,AIPW,1.09018433617157,0.0567757029433045,0.978903958402697,1.20146471394045
4667,Tlearner,1.01948422456167,0.060940793298402,0.900042464507503,1.13892598461584
4667,Rlearner,1.05636901739689,0.0598189904944013,0.939125950436324,1.17361208435746
4667,intercept,1.21136482710836,0.0751298759894616,1.06411027016902,1.35861938404771
4667,AIPW,1.05516358557504,0.0693620373141344,0.919213992439339,1.19111317871075
4669,Tlearner,0.962473491186471,0.0609715646664104,0.842971420359252,1.08197556201369
4669,Rlearner,1.02599157239035,0.0542979594084095,0.919569527515854,1.13241361726485
4669,intercept,1.19776330129709,0.0809433837785149,1.0391142690912,1.35641233350297
4669,AIPW,1.00055468921013,0.0441717474786643,0.913978064151944,1.08713131426831
4670,Tlearner,1.18237152553379,0.0607895870495084,1.06322612428169,1.30151692678589
4670,Rlearner,1.15756958466469,0.0587504275255046,1.04242086263837,1.27271830669101
4670,intercept,1.27161931895025,0.0813109125112667,1.11224993042817,1.43098870747233
4670,AIPW,1.17892804411139,0.0431659149511875,1.09432285080706,1.26353323741572
4671,Tlearner,0.974984400016589,0.059015675201525,0.859315802098287,1.09065299793489
4671,Rlearner,0.97482879910596,0.056560691119683,0.863971881570686,1.08568571664123
4671,intercept,1.13309868864188,0.0744199214491643,0.98723564260152,1.27896173468224
4671,AIPW,1.03491976912588,0.0796071075048987,0.878889838416284,1.19094969983549
4672,Tlearner,1.06220710823044,0.064049003723408,0.936673367686891,1.18774084877399
4672,Rlearner,1.03973590465057,0.0578371646461782,0.926377144976144,1.15309466432499
4672,intercept,1.19680724322323,0.0793107011814422,1.0413582689076,1.35225621753885
4672,AIPW,1.0380665561521,0.0508756520632778,0.938350278108078,1.13778283419613
4673,Tlearner,1.0531793134981,0.0603245429243249,0.934945381982579,1.17141324501361
4673,Rlearner,1.0568832423536,0.0573624292774432,0.94445494690409,1.16931153780312
4673,intercept,1.17596546029691,0.0715962715140791,1.03563676812932,1.31629415246451
4673,AIPW,1.04891913772319,0.0672522285153638,0.917104769833081,1.18073350561331
4674,Tlearner,0.930682981944783,0.0614331054314253,0.810276307840738,1.05108965604883
4674,Rlearner,0.986247687725355,0.0603374555628101,0.867988447903461,1.10450692754725
4674,intercept,1.15011735407437,0.0812916935678083,0.990785634681465,1.30944907346727
4674,AIPW,0.97041649367182,0.0526427913014738,0.867236622720931,1.07359636462271
4675,Tlearner,0.936787512401577,0.0606495091806307,0.81791665872751,1.05565836607564
4675,Rlearner,0.991991380556802,0.0595869195282455,0.875203164331755,1.10877959678185
4675,intercept,1.14316180585578,0.074859068574229,0.996438031450294,1.28988558026127
4675,AIPW,0.973449110614911,0.050477328048972,0.874513547638925,1.0723846735909
4676,Tlearner,1.12396510211267,0.069661925678084,0.987430236689922,1.26049996753542
4676,Rlearner,0.995631648743191,0.0600297968884273,0.877975408842619,1.11328788864376
4676,intercept,1.16736595518397,0.0857105876155443,0.999373203457508,1.33535870691044
4676,AIPW,1.0176424472034,0.0501325354572977,0.919382677707096,1.1159022166997
4677,Tlearner,1.07614025237822,0.0638169399275706,0.951061348516623,1.20121915623981
4677,Rlearner,1.09649436374351,0.0615452064177709,0.975867975743597,1.21712075174343
4677,intercept,1.28992962007501,0.0837477466068289,1.12578403672563,1.45407520342439
4677,AIPW,1.07716553291487,0.05043641946573,0.978310150762034,1.1760209150677
4678,Tlearner,0.953742292128922,0.0703913026013934,0.81577787420533,1.09170671005251
4678,Rlearner,0.932153760798788,0.0560707626211225,0.822257085475693,1.04205043612188
4678,intercept,1.04176923970865,0.0745694725893963,0.895613073433438,1.18792540598387
4678,AIPW,0.90263380047226,0.0562273617585686,0.792428171425466,1.01283942951905
4679,Tlearner,0.931594301130722,0.0588023988806502,0.816343717120089,1.04684488514135
4679,Rlearner,1.03516761972942,0.0597360724463908,0.918087069156615,1.15224817030222
4679,intercept,1.18084098741432,0.0758549894678456,1.03216520805734,1.32951676677129
4679,AIPW,1.02719265775185,0.0487517670361354,0.93163919436102,1.12274612114267
4680,Tlearner,0.9700819879907,0.0605761582124909,0.851354899572417,1.08880907640898
4680,Rlearner,1.04662846032837,0.058416725208886,0.932133782824179,1.16112313783256
4680,intercept,1.19658028204398,0.0807646206554951,1.03828162555921,1.35487893852875
4680,AIPW,1.15035486331245,0.103601726383819,0.947295479600163,1.35341424702473
4681,Tlearner,0.930104780596359,0.068087779997284,0.796655184014396,1.06355437717832
4681,Rlearner,0.864513801612537,0.059735390385721,0.747434587854084,0.981593015370991
4681,intercept,1.17598971804435,0.0804135197457064,1.01837921934276,1.33360021674593
4681,AIPW,0.864430847604731,0.0575386485256437,0.751655096494469,0.977206598714992
4682,Tlearner,1.01633492503929,0.0621560164607156,0.89451137135381,1.13815847872477
4682,Rlearner,1.0823351426353,0.0632738326125453,0.958320709550893,1.2063495757197
4682,intercept,1.26083135475103,0.0780004256108001,1.10795052055386,1.4137121889482
4682,AIPW,1.10226474002358,0.0525088769076428,0.999347341284603,1.20518213876256
4683,Tlearner,1.09003543873849,0.0604213040167968,0.971611858966627,1.20845901851036
4683,Rlearner,1.09453556427712,0.0592138587906487,0.978478533661807,1.21059259489243
4683,intercept,1.1680996605293,0.0727561955307967,1.02549751728893,1.31070180376966
4683,AIPW,1.06227100491003,0.0588001821616832,0.947022647873133,1.17751936194693
4684,Tlearner,1.03220802470288,0.0625239542724902,0.909663326157772,1.15475272324799
4684,Rlearner,1.00336648797547,0.0620495580247002,0.881751588990429,1.12498138696051
4684,intercept,1.14946284300297,0.0895006447847891,0.974041579224787,1.32488410678116
4684,AIPW,0.995173657728808,0.0619089663301061,0.8738320837218,1.11651523173582
4685,Tlearner,0.943247123207027,0.0630775292697353,0.819617437604574,1.06687680880948
4685,Rlearner,0.885059537506457,0.0602733868317757,0.766925870089926,1.00319320492299
4685,intercept,1.04433712724982,0.0810247972661574,0.88552852460815,1.20314572989149
4685,AIPW,0.925158686792329,0.0531735002809426,0.820938626241681,1.02937874734298
4686,Tlearner,1.04996618207364,0.0599594555054486,0.932447808750324,1.16748455539695
4686,Rlearner,1.11706393106063,0.0547610239433189,1.00973429637518,1.22439356574607
4686,intercept,1.22339676937115,0.0754122147154338,1.0755888285289,1.3712047102134
4686,AIPW,1.10515145704861,0.046796509091535,1.0134302992292,1.19687261486801
4687,Tlearner,1.00650757534812,0.0642944397063547,0.880492789117479,1.13252236157875
4687,Rlearner,0.97337028656642,0.062181128996687,0.851497513214874,1.09524305991797
4687,intercept,1.12460147599708,0.0896900774272186,0.948808924239731,1.30039402775443
4687,AIPW,0.97176833145115,0.0513013857078156,0.871217615463832,1.07231904743847
4688,Tlearner,0.882010924269619,0.063753925601238,0.757055526218146,1.00696632232109
4688,Rlearner,0.932910220932938,0.0570176251440225,0.821157729166648,1.04466271269923
4688,intercept,1.1520573901803,0.0802419530579254,0.994783162186762,1.30933161817383
4688,AIPW,0.915644633710874,0.0583124088305796,0.801352312402938,1.02993695501881
4689,Tlearner,1.11128688892299,0.0615655916502438,0.990620546601609,1.23195323124437
4689,Rlearner,1.11803026744745,0.0626292553158588,0.995279182649801,1.2407813522451
4689,intercept,1.18520164775637,0.0875910812372927,1.01352312853127,1.35688016698146
4689,AIPW,1.04466976048656,0.0896831679388889,0.868890751326334,1.22044876964678
4690,Tlearner,1.14036606249102,0.0655314833929422,1.01192671518737,1.26880540979467
4690,Rlearner,1.11634502906252,0.0606341188322183,0.99750433991705,1.23518571820799
4690,intercept,1.27108359270152,0.0866566893615069,1.10123648155297,1.44093070385008
4690,AIPW,1.14446320556628,0.0434322443933765,1.05933600655526,1.2295904045773
4691,Tlearner,0.931406493850043,0.0649551714457041,0.804096697206838,1.05871629049325
4691,Rlearner,1.01694979359106,0.0638723755865141,0.891762237834477,1.14213734934764
4691,intercept,1.16232766403908,0.0821046091706457,1.00140263006461,1.32325269801354
4691,AIPW,0.915614835578145,0.0480763348763651,0.821385219220469,1.00984445193582
4692,Tlearner,1.01348594327311,0.0566733873632262,0.902408145159299,1.12456374138692
4692,Rlearner,1.08511325784312,0.0564315757051477,0.97450940187019,1.19571711381606
4692,intercept,1.21992479422698,0.0700748370902481,1.08257811353009,1.35727147492386
4692,AIPW,1.10282851963814,0.0459697121977662,1.01272788373052,1.19292915554577
4693,Tlearner,0.905181441957004,0.0582121395938521,0.791087744890036,1.01927513902397
4693,Rlearner,0.934718253752313,0.0561744841303784,0.824618288006654,1.04481821949797
4693,intercept,1.07520215600886,0.0774790234492814,0.923343270048269,1.22706104196945
4693,AIPW,0.772145188319684,0.164295344328023,0.450126313436759,1.09416406320261
4694,Tlearner,1.02279764328965,0.0621267170356957,0.901031515421977,1.14456377115733
4694,Rlearner,1.10135298765156,0.0588403518394886,0.986028017208501,1.21667795809463
4694,intercept,1.22655266223771,0.0803710630935122,1.06902537857443,1.38407994590099
4694,AIPW,1.11374627850558,0.0467215022992946,1.02217213399896,1.20532042301219
4695,Tlearner,1.06680038050416,0.0634084039715569,0.94252219240274,1.19107856860558
4695,Rlearner,1.1376825833177,0.0615359630789172,1.01707431192904,1.25829085470636
4695,intercept,1.26372805268379,0.0820107319347036,1.10298701809178,1.42446908727581
4695,AIPW,1.10629867649735,0.0461419915149863,1.01586037312798,1.19673697986672
4696,Tlearner,1.06680715076506,0.0714964277993614,0.926676727255041,1.20693757427507
4696,Rlearner,1.09984220232567,0.0595540667420862,0.983118376378284,1.21656602827305
4696,intercept,1.17313062372519,0.0820545065583513,1.01230379087082,1.33395745657955
4696,AIPW,1.04343906958185,0.0870169271119366,0.872885892442457,1.21399224672125
4697,Tlearner,1.09545739021716,0.0621451312883343,0.973655171077507,1.2172596093568
4697,Rlearner,1.06248241052087,0.0619662712836262,0.941030750548728,1.18393407049302
4697,intercept,1.27928644378855,0.086138711909125,1.11045456844666,1.44811831913043
4697,AIPW,1.15352929403789,0.0529780097214583,1.04969239498383,1.25736619309195
4698,Tlearner,1.11887006972662,0.0618236897687677,0.997697864388458,1.24004227506478
4698,Rlearner,1.13116151153487,0.0587934458754808,1.01592847509192,1.24639454797781
4698,intercept,1.15341451155909,0.0727479244799453,1.01082857957839,1.29600044353978
4698,AIPW,1.16331473482228,0.0519135714029828,1.06156413487244,1.26506533477213
4699,Tlearner,1.10246275162499,0.058027638983351,0.988730669109729,1.21619483414025
4699,Rlearner,1.14214150002399,0.0579979997693336,1.02846750930074,1.25581549074725
4699,intercept,1.3348543552445,0.0755484437016141,1.18677940558934,1.48292930489966
4699,AIPW,1.17148353520954,0.0644170365085126,1.04522614365285,1.29774092676622
4700,Tlearner,1.02835850893556,0.0580084457037169,0.914664044557123,1.14205297331399
4700,Rlearner,0.993555366648935,0.0574351072861892,0.88098462491981,1.10612610837806
4700,intercept,1.11025662246032,0.0771894429413622,0.958965314295254,1.26154793062539
4700,AIPW,1.00742533217603,0.0484064890203192,0.912548613696203,1.10230205065585
4701,Tlearner,1.00104359951427,0.0628778428285961,0.87780529214465,1.12428190688389
4701,Rlearner,1.03211650868284,0.0591459659712806,0.916192545548298,1.14804047181738
4701,intercept,1.08075028774305,0.0760191376248722,0.931752777998302,1.2297477974878
4701,AIPW,1.01963453231524,0.0846252672221498,0.853769008559831,1.18550005607066
4702,Tlearner,1.02004870285667,0.061478482903255,0.899553090542126,1.14054431517121
4702,Rlearner,1.02235506424972,0.0576298383649939,0.909402656619465,1.13530747187997
4702,intercept,1.09220884571652,0.0789465071395947,0.93747369172291,1.24694399971012
4702,AIPW,1.05793215303877,0.0585492162918952,0.943175689106658,1.17268861697089
4703,Tlearner,1.07742522103305,0.0615874541481536,0.956716029003157,1.19813441306294
4703,Rlearner,1.08110668256945,0.060979715363889,0.961588636668727,1.20062472847018
4703,intercept,1.22472207893447,0.0906970334334499,1.04695589340491,1.40248826446403
4703,AIPW,1.06179950399964,0.101921530761663,0.862033303706783,1.2615657042925
4704,Tlearner,0.935213891052379,0.0587282494077743,0.820108637338056,1.0503191447667
4704,Rlearner,0.909655669147173,0.060791476512454,0.79050656461575,1.0288047736786
4704,intercept,1.03051026632184,0.0816380754695561,0.870499638401505,1.19052089424217
4704,AIPW,0.942397274592758,0.0462359109447283,0.851774889141091,1.03301966004443
4705,Tlearner,1.00579569081522,0.0615731679183253,0.885114499281261,1.12647688234917
4705,Rlearner,0.987371337884897,0.0559302234047746,0.87775011436426,1.09699256140553
4705,intercept,1.18161066674994,0.0771217525221123,1.0304520318066,1.33276930169328
4705,AIPW,0.997623777578282,0.0432662129898887,0.9128220001181,1.08242555503846
4706,Tlearner,0.936911077102058,0.0635275884140651,0.812399291785807,1.06142286241831
4706,Rlearner,0.960111980306702,0.0587215608174413,0.845019835988539,1.07520412462487
4706,intercept,1.08909344485156,0.0790841001190218,0.934088608618278,1.24409828108484
4706,AIPW,0.96874568129117,0.055116982268797,0.860716396044328,1.07677496653801
4707,Tlearner,1.01062146665146,0.0605034994404948,0.892036786809452,1.12920614649347
4707,Rlearner,1.06230962964808,0.0563672113552115,0.951831925482905,1.17278733381325
4707,intercept,1.17378086999006,0.0722305998889953,1.03220889420763,1.31535284577249
4707,AIPW,1.05578838690823,0.0425149143104111,0.972459154859828,1.13911761895664
4708,Tlearner,0.994568145251645,0.0687707197937561,0.859780011264987,1.1293562792383
4708,Rlearner,1.0039795745934,0.0671392406819268,0.872389080907453,1.13557006827934
4708,intercept,1.2633160200371,0.0951890129478687,1.07674555465928,1.44988648541492
4708,AIPW,1.02842406339997,0.0626620381143322,0.905606468695881,1.15124165810406
4709,Tlearner,1.03464926513837,0.0649025876577071,0.907442530825815,1.16185599945093
4709,Rlearner,1.10408299941731,0.058871775698719,0.9886964393419,1.21946955949272
4709,intercept,1.20451681401898,0.0779797631062895,1.05167647833065,1.35735714970731
4709,AIPW,1.06522771177442,0.0487608209045851,0.969656502801436,1.16079892074741
4710,Tlearner,1.08942747882084,0.062353504731215,0.967216855237816,1.21163810240387
4710,Rlearner,1.07711751622065,0.0594585945534536,0.960580812324508,1.19365422011678
4710,intercept,1.27535409176777,0.0768885700581929,1.12465249445371,1.42605568908182
4710,AIPW,1.11475426913326,0.0506389630528862,1.0155019015496,1.21400663671691
4711,Tlearner,1.09158217582297,0.0569177431831603,0.980025449102675,1.20313890254326
4711,Rlearner,1.0909043923463,0.055219741793701,0.98267568719504,1.19913309749755
4711,intercept,1.2544548826819,0.0784302542843769,1.10073158428452,1.40817818107928
4711,AIPW,1.14090800697843,0.0570786474411404,1.02903385799379,1.25278215596306
4712,Tlearner,1.01835035991572,0.0640216259395829,0.892870278842439,1.14383044098899
4712,Rlearner,1.02431735006526,0.0626107810071759,0.901602474247273,1.14703222588325
4712,intercept,1.05197717391601,0.0824100208056393,0.890453533136958,1.21350081469506
4712,AIPW,1.06248437094971,0.0617432180519591,0.941467663567868,1.18350107833155
4713,Tlearner,1.01463102815209,0.0576158747698459,0.90170598866542,1.12755606763876
4713,Rlearner,1.06774060293472,0.0542301616971658,0.961451439132493,1.17402976673695
4713,intercept,1.16458035766328,0.0858636756387538,0.996287553411323,1.33287316191524
4713,AIPW,0.991446257023749,0.0472659888638488,0.898804918850606,1.08408759519689
4714,Tlearner,1.07152447409581,0.0601770953013185,0.953579534610991,1.18946941358063
4714,Rlearner,1.12808767688143,0.0610355946872788,1.00846010951938,1.24771524424348
4714,intercept,1.30124062767888,0.0780492995672766,1.14826400052702,1.45421725483074
4714,AIPW,1.15767111592721,0.0611241276710664,1.03786782569192,1.2774744061625
4715,Tlearner,1.06408480851053,0.0601856759355296,0.94612305129169,1.18204656572936
4715,Rlearner,1.06623754389614,0.0558453787413412,0.956782612860112,1.17569247493217
4715,intercept,1.0614840159943,0.0755652881195966,0.913376051279888,1.20959198070871
4715,AIPW,1.08311136883276,0.0495679703273066,0.985958146991243,1.18026459067429
4716,Tlearner,0.975110080966513,0.0601835750010312,0.857152441503626,1.0930677204294
4716,Rlearner,0.990893965224629,0.057502553622852,0.878191031104756,1.1035968993445
4716,intercept,1.04695934129065,0.0750067986777074,0.899946015882348,1.19397266669896
4716,AIPW,0.971054499397025,0.053284817516636,0.866616257064418,1.07549274172963
4718,Tlearner,1.01264197922163,0.0586608204502706,0.897668883835533,1.12761507460773
4718,Rlearner,1.03127926740235,0.0565367477285142,0.920469278051437,1.14208925675327
4718,intercept,1.23211364802607,0.078910377488194,1.07744930814921,1.38677798790293
4718,AIPW,1.02047393416726,0.0481800274785651,0.92604108030927,1.11490678802525
4719,Tlearner,1.03948359625127,0.060465419291515,0.920973552129784,1.15799364037275
4719,Rlearner,1.09053053448373,0.0588695287940377,0.975148378260573,1.20591269070689
4719,intercept,1.29091150776552,0.0777352658767228,1.13855038664715,1.4432726288839
4719,AIPW,1.05085868046981,0.0495457322786273,0.953749045203696,1.14796831573592
4720,Tlearner,1.10871818531855,0.0587039654719156,0.99366052724391,1.22377584339319
4720,Rlearner,1.08723287343811,0.0584418738426433,0.972688905517496,1.20177684135872
4720,intercept,1.28106748044222,0.0720921778922092,1.13976681177349,1.42236814911095
4720,AIPW,1.09879032779467,0.0388613857931872,1.02262201164002,1.17495864394932
4721,Tlearner,1.00325488641749,0.0622205808021396,0.881304788948136,1.12520498388685
4721,Rlearner,0.996101694233902,0.0624287143080133,0.873743662589055,1.11845972587875
4721,intercept,1.11779421046277,0.0813150634964825,0.958416686009666,1.27717173491588
4721,AIPW,1.01012773287836,0.0493423392997306,0.913416747850884,1.10683871790583
4722,Tlearner,1.00788634455667,0.0632524826757031,0.883913756579546,1.13185893253379
4722,Rlearner,1.04706843496529,0.0586315622518421,0.93215268459436,1.16198418533622
4722,intercept,1.22666569359864,0.0751669074603134,1.07933855497642,1.37399283222085
4722,AIPW,0.926295762967756,0.0991053170194148,0.732049341609703,1.12054218432581
4723,Tlearner,1.00365994455348,0.0609407370916345,0.884218294662551,1.12310159444441
4723,Rlearner,1.0294032984775,0.0628541870939291,0.906211355495858,1.15259524145914
4723,intercept,1.08257740655364,0.0813584425511278,0.923114859153426,1.24203995395385
4723,AIPW,1.05578941808357,0.0519281770811632,0.954010191004487,1.15756864516265
4724,Tlearner,1.11034964358748,0.0624653071992633,0.987919891193697,1.23277939598127
4724,Rlearner,1.17261792363,0.058043787414814,1.05885419077067,1.28638165648934
4724,intercept,1.36090330287411,0.0793378085746767,1.20540119806774,1.51640540768048
4724,AIPW,1.1654735378215,0.0530066727065483,1.06158045931667,1.26936661632634
4725,Tlearner,1.08119905385856,0.0618543965432326,0.959966664348367,1.20243144336876
4725,Rlearner,1.16192027169864,0.0577851779515632,1.04866340407333,1.27517713932394
4725,intercept,1.24519418918284,0.0752768946365066,1.09765147569528,1.39273690267039
4725,AIPW,1.02435576157875,0.0960088188907811,0.836178476552814,1.21253304660468
4726,Tlearner,0.978374317282068,0.0617983105686701,0.857251854262053,1.09949678030208
4726,Rlearner,1.0258059591555,0.0584527996645857,0.911240577017379,1.14037134129362
4726,intercept,1.22025148147405,0.079799360416178,1.06384473505834,1.37665822788976
4726,AIPW,1.0518562809301,0.0560674741355313,0.941964031624454,1.16174853023574
4727,Tlearner,0.994297172014024,0.0613159484377819,0.874120121398056,1.11447422262999
4727,Rlearner,0.984939934507284,0.0636494671290082,0.860189271299262,1.10969059771531
4727,intercept,1.16826396880423,0.0855519770241232,1.00058209383695,1.33594584377152
4727,AIPW,1.01406730930856,0.0616971006108229,0.893140992111348,1.13499362650577
4728,Tlearner,0.893803262025563,0.0664633964899179,0.763537398615119,1.02406912543601
4728,Rlearner,0.902454929572462,0.0615716992716908,0.781776616533017,1.02313324261191
4728,intercept,1.14153895577185,0.08355129897094,0.977778409788811,1.3052995017549
4728,AIPW,0.932053243883416,0.0504543988738309,0.833162622090708,1.03094386567612
4729,Tlearner,0.920729691253765,0.0601751549126502,0.802788554860852,1.03867082764668
4729,Rlearner,0.985147666714901,0.0580191503281675,0.871432221658077,1.09886311177172
4729,intercept,1.08760783506383,0.0791996939058471,0.932376435008367,1.24283923511929
4729,AIPW,0.993430163497452,0.0470863269105883,0.901140962752699,1.0857193642422
4730,Tlearner,1.06604500336942,0.0587899708847254,0.950818777783204,1.18127122895564
4730,Rlearner,1.08657332275046,0.0558152908033358,0.977177362989297,1.19596928251163
4730,intercept,1.22173939398766,0.0746484758638793,1.07542838129446,1.36805040668086
4730,AIPW,1.06053448408431,0.0536570560433156,0.955366654239407,1.1657023139292
4731,Tlearner,0.939786122281558,0.0599262104531502,0.822332908063416,1.0572393364997
4731,Rlearner,1.00742969230664,0.0568501361631708,0.896005472910622,1.11885391170265
4731,intercept,1.20274735890904,0.0769555796716437,1.05191442275262,1.35358029506546
4731,AIPW,1.0389738682767,0.0484905574174285,0.943932375738536,1.13401536081486
4732,Tlearner,1.01205326278599,0.060290893711934,0.893885282514869,1.13022124305712
4732,Rlearner,0.992620145242041,0.0588459135182247,0.877284274108962,1.10795601637512
4732,intercept,1.13695561582436,0.0782519684186808,0.983581757723745,1.29032947392497
4732,AIPW,1.03672600220857,0.047869834001257,0.942901127566104,1.13055087685103
4734,Tlearner,1.03902846553494,0.0594133523727757,0.922580434683508,1.15547649638636
4734,Rlearner,1.11089429533112,0.0587150382609777,0.995814934988716,1.22597365567353
4734,intercept,1.28353516855179,0.0752674562968083,1.13601095421005,1.43105938289353
4734,AIPW,1.12115902568581,0.0482613946824117,1.02656669210828,1.21575135926333
4735,Tlearner,1.00253424094968,0.0629264504502169,0.879200664392314,1.12586781750705
4735,Rlearner,1.03536333921089,0.0593024133919558,0.919132744766348,1.15159393365543
4735,intercept,1.20482002418208,0.0791565571206193,1.04967317222567,1.3599668761385
4735,AIPW,1.02030281155951,0.0471893182681118,0.927811747754016,1.11279387536501
4736,Tlearner,0.968533945784726,0.061121837193075,0.848737346217378,1.08833054535207
4736,Rlearner,0.957464528376914,0.0531637154527398,0.853265560805208,1.06166349594862
4736,intercept,1.14237763106621,0.0690437072793017,1.00705196479878,1.27770329733364
4736,AIPW,1.00344186657341,0.055764598404723,0.894143253700155,1.11274047944667
4737,Tlearner,0.994897475265194,0.067683357918898,0.86224053139142,1.12755441913897
4737,Rlearner,0.969175905967929,0.0617261438337862,0.848194887149169,1.09015692478669
4737,intercept,1.2170864856576,0.0762779567419897,1.0675816904433,1.3665912808719
4737,AIPW,0.955576170615771,0.0714086463325502,0.815615223803973,1.09553711742757
4738,Tlearner,0.974977489356851,0.061556784830406,0.854328408085174,1.09562657062853
4738,Rlearner,0.991666578202242,0.0642436283852152,0.865751380331046,1.11758177607344
4738,intercept,1.07585767754325,0.0830569046790207,0.913066144372366,1.23864921071413
4738,AIPW,0.989335056808823,0.0602630542642652,0.871219470450864,1.10745064316678
4739,Tlearner,1.01010903232082,0.0663714827842323,0.880023316463204,1.14019474817844
4739,Rlearner,0.955297487655731,0.0608714340753286,0.835991669180782,1.07460330613068
4739,intercept,1.19431775389495,0.0832271719181961,1.03119249693529,1.35744301085462
4739,AIPW,1.0079375524908,0.0465731456791327,0.916654186959704,1.0992209180219
4740,Tlearner,1.04063842829777,0.0608051350577684,0.921462553509447,1.15981430308609
4740,Rlearner,1.12271821035865,0.057148342230823,1.01070951781007,1.23472690290724
4740,intercept,1.2665160055074,0.0661650298766324,1.1368325469492,1.3961994640656
4740,AIPW,1.1368518149081,0.0434944290520535,1.05160273396607,1.22210089585012
4741,Tlearner,1.04540238703727,0.0628806549561009,0.922158567999027,1.16864620607552
4741,Rlearner,1.00911246463009,0.0618020155208764,0.887982740037185,1.13024218922299
4741,intercept,1.29815429103459,0.083090144925185,1.13529760698123,1.46101097508796
4741,AIPW,1.09861015736483,0.0620448995832849,0.977002154181591,1.22021816054807
4743,Tlearner,1.050836621418,0.0683047787735068,0.91696171504995,1.18471152778605
4743,Rlearner,1.10267694332694,0.0614160286288768,0.982303739140864,1.22305014751302
4743,intercept,1.3575388425116,0.0882639164797344,1.18454156621132,1.53053611881188
4743,AIPW,1.12103103768765,0.0515751764845137,1.019943691778,1.2221183835973
4744,Tlearner,1.03094977678891,0.064850904864569,0.903844338889524,1.1580552146883
4744,Rlearner,1.05198025986339,0.0628057285757801,0.928883293832061,1.17507722589472
4744,intercept,1.14347276099102,0.0801117706537858,0.986453690509604,1.30049183147244
4744,AIPW,1.0918263957476,0.0528374477235165,0.988264998209503,1.19538779328569
4745,Tlearner,0.943089527431839,0.0631929065069769,0.819233706599758,1.06694534826392
4745,Rlearner,0.985068143521522,0.0594971210994966,0.86845592898269,1.10168035806035
4745,intercept,1.14836970801006,0.0834694886241347,0.984769510306754,1.31196990571336
4745,AIPW,0.995191369970235,0.0521827492402627,0.89291318145932,1.09746955848115
4746,Tlearner,1.09460627852273,0.0607088358855598,0.975619146643682,1.21359341040178
4746,Rlearner,1.11500211374398,0.0560255008136456,1.00519414993341,1.22481007755454
4746,intercept,1.27872386293961,0.0681057954793083,1.14523650380016,1.41221122207905
4746,AIPW,1.10634376484778,0.0514168689578052,1.00556670169048,1.20712082800508
4747,Tlearner,1.03469059376591,0.059751984450074,0.917578856238963,1.15180233129285
4747,Rlearner,1.07302566592606,0.0568167306231416,0.96166692018539,1.18438441166673
4747,intercept,1.26780960283173,0.0775708798301623,1.11577067836461,1.41984852729885
4747,AIPW,1.08197092021178,0.0433283890177499,0.997047277736989,1.16689456268657
4748,Tlearner,1.04344478471669,0.0649234440881934,0.91619717255153,1.17069239688185
4748,Rlearner,1.0521416418648,0.0627142137200287,0.929224041654796,1.1750592420748
4748,intercept,1.15659708301789,0.0811013459731939,0.997638444910427,1.31555572112535
4748,AIPW,0.9933109416198,0.0605956991901049,0.874543371207195,1.11207851203241
4749,Tlearner,1.01537543460638,0.0619017180325479,0.894050296681432,1.13670057253133
4749,Rlearner,1.03259142353375,0.0617562313050272,0.911551434354977,1.15363141271253
4749,intercept,1.13480516252858,0.0818142270521601,0.974449277506345,1.29516104755081
4749,AIPW,1.03543328184565,0.0622334491577269,0.913455721496508,1.1574108421948
4750,Tlearner,0.890003336491209,0.0624229833436099,0.76765653733019,1.01235013565223
4750,Rlearner,0.910934095796075,0.0631253196850205,0.787210742700858,1.03465744889129
4750,intercept,1.12663817297893,0.0767170601492111,0.976272735086477,1.27700361087139
4750,AIPW,0.947051802594943,0.0505771704380669,0.847920548536332,1.04618305665355
4751,Tlearner,0.83440267968829,0.0634726196094205,0.709998631249415,0.958806728127164
4751,Rlearner,0.840942946581069,0.0614758469584112,0.720452500623487,0.961433392538651
4751,intercept,1.09528312706379,0.080521055224506,0.937461858823762,1.25310439530383
4751,AIPW,0.684772543465334,0.146281080042185,0.398061626582651,0.971483460348016
4752,Tlearner,0.96469154633429,0.0618301324861792,0.843506713502039,1.08587637916654
4752,Rlearner,0.941470316780509,0.0608870640627356,0.822133864093164,1.06080676946785
4752,intercept,1.2194699064258,0.0762037755284666,1.07011050639,1.36882930646159
4752,AIPW,0.976253114676152,0.048453589187336,0.881284079868974,1.07122214948333
4753,Tlearner,0.872783836168844,0.0667477388266773,0.741960672019071,1.00360700031862
4753,Rlearner,0.884957068343746,0.0622546598762738,0.762940177116458,1.00697395957103
4753,intercept,1.01189145322089,0.0829062998711529,0.849395105473427,1.17438780096835
4753,AIPW,0.915305193950694,0.0584543193892252,0.800734727947813,1.02987565995358
4754,Tlearner,1.08849465985412,0.0656886879541204,0.959747197272359,1.21724212243589
4754,Rlearner,1.13026489791342,0.0595752380954687,1.0134995768759,1.24703021895093
4754,intercept,1.22802917114295,0.0797356042142845,1.07174738688296,1.38431095540295
4754,AIPW,1.10141017399564,0.0478840094855413,1.00755751540398,1.1952628325873
4755,Tlearner,0.985320933550033,0.0594771475501837,0.868747866448498,1.10189400065157
4755,Rlearner,1.03377959445927,0.0611739093308601,0.913880935377261,1.15367825354127
4755,intercept,1.06552185622342,0.0779651273414479,0.912710206634181,1.21833350581266
4755,AIPW,1.04351472283229,0.0567082588321878,0.932366535521207,1.15466291014338
4756,Tlearner,1.05276866509919,0.0612100635817103,0.932799144987629,1.17273818521075
4756,Rlearner,1.07157804463666,0.0607076367425242,0.952593263034776,1.19056282623855
4756,intercept,1.28112591582367,0.083939700968307,1.11660410192578,1.44564772972155
4756,AIPW,1.1196511766326,0.0541373953829183,1.01354188168208,1.22576047158312
4758,Tlearner,1.03265684757813,0.0627899705510841,0.909590766707673,1.15572292844858
4758,Rlearner,1.01672084950213,0.0593776073265646,0.900342877653904,1.13309882135036
4758,intercept,1.14279717091682,0.0813718524834621,0.983308340049233,1.3022860017844
4758,AIPW,1.03977191708839,0.0527092079357253,0.93646186953437,1.14308196464241
4760,Tlearner,1.01473047361388,0.0582556103988515,0.900551575334733,1.12890937189302
4760,Rlearner,1.01769548074007,0.0593055138875065,0.901458809435917,1.13393215204422
4760,intercept,1.1684591826985,0.0812385671500346,1.00923159108443,1.32768677431257
4760,AIPW,0.966032508561471,0.071333618579022,0.826218616146588,1.10584640097635
4761,Tlearner,0.940590391138083,0.0665230015680152,0.810207703921272,1.07097307835489
4761,Rlearner,0.99246761611058,0.066554706228612,0.862022788900857,1.1229124433203
4761,intercept,1.25120458024579,0.0923031892949434,1.0702903292277,1.43211883126388
4761,AIPW,0.962098980943473,0.0666426594479544,0.831479368425482,1.09271859346146
4762,Tlearner,0.997472653029851,0.0614564545340276,0.877020215525634,1.11792509053407
4762,Rlearner,1.06329401631314,0.0631348257604959,0.939552031652357,1.18703600097392
4762,intercept,1.20987378130041,0.0855767365564,1.04214337764987,1.37760418495095
4762,AIPW,1.12137995322477,0.0776262409669787,0.969232520929492,1.27352738552005
4763,Tlearner,0.986205500153187,0.0592137847818587,0.870148614592438,1.10226238571394
4763,Rlearner,1.0285544359134,0.0586026127325843,0.913695425557588,1.14341344626922
4763,intercept,1.17067663822229,0.0760606430063235,1.0215977779299,1.31975549851468
4763,AIPW,1.12521730366913,0.0696555128247139,0.988692498532694,1.26174210880557
4765,Tlearner,0.898486040116627,0.0633315929760121,0.774358398800094,1.02261368143316
4765,Rlearner,0.997865462603147,0.0583579949323543,0.883485894325762,1.11224503088053
4765,intercept,1.26388224255202,0.085341875283441,1.09661216699648,1.43115231810757
4765,AIPW,0.963659175009002,0.0491978774485021,0.867231335209938,1.06008701480807
4766,Tlearner,0.999399989054279,0.0613187431158436,0.879217460969962,1.1195825171386
4766,Rlearner,1.02533155105542,0.0588683685425496,0.909951668883391,1.14071143322745
4766,intercept,1.16706542133868,0.0740739025399406,1.0218805723604,1.31225027031697
4766,AIPW,1.03797274728643,0.0491546530336909,0.941629627340394,1.13431586723246
4767,Tlearner,1.11652679828561,0.0683760476959538,0.982512207396352,1.25054138917488
4767,Rlearner,1.10718945185895,0.0592782097460871,0.991006295688609,1.22337260802929
4767,intercept,1.36429484036459,0.0829494641440016,1.20171389064235,1.52687579008683
4767,AIPW,1.09780176323438,0.0453017182185694,1.00901039552598,1.18659313094277
4768,Tlearner,1.0650702671557,0.0616930577579523,0.944154095853965,1.18598643845744
4768,Rlearner,1.07948484200542,0.0574677275815722,0.96685016567218,1.19211951833866
4768,intercept,1.18509128735665,0.0743631021821678,1.0393396070796,1.3308429676337
4768,AIPW,1.0481305405093,0.0504142832387441,0.949318545361362,1.14694253565724
4769,Tlearner,0.959450690953352,0.0610918469907829,0.839712871102386,1.07918851080432
4769,Rlearner,0.958386069607522,0.0624177167352483,0.836049592809212,1.08072254640583
4769,intercept,1.02825628764483,0.0825124212646613,0.866531941966091,1.18998063332356
4769,AIPW,1.02109649653434,0.0584103521712945,0.906612206278601,1.13558078679008
4770,Tlearner,0.900897778209578,0.0633810873544999,0.776673129693771,1.02512242672538
4770,Rlearner,0.927987267624338,0.0574402178289165,0.815406509415527,1.04056802583315
4770,intercept,1.16316864984938,0.0883835103913079,0.989936969482413,1.33640033021634
4770,AIPW,0.946832531043694,0.0495422851357888,0.849729652177548,1.04393540990984
4771,Tlearner,0.98847337764897,0.0612406844180941,0.868443841800922,1.10850291349702
4771,Rlearner,0.958637607297944,0.058859527539022,0.843275053174418,1.07400016142147
4771,intercept,1.13909135805315,0.0762305171412363,0.989679544456326,1.28850317164997
4771,AIPW,0.949441495972217,0.0538722203393466,0.843851944107098,1.05503104783734
4772,Tlearner,1.07370263657185,0.0639734266622506,0.948317024346228,1.19908824879748
4772,Rlearner,1.07268550331291,0.061355416063145,0.952431097572678,1.19293990905315
4772,intercept,1.16844589462379,0.0804376276618896,1.01078814440649,1.3261036448411
4772,AIPW,1.07382064074757,0.0608228057376518,0.954607941501769,1.19303333999336
4775,Tlearner,1.07804297449075,0.0602953376316032,0.959866284297123,1.19621966468437
4775,Rlearner,1.076922370886,0.060613055713993,0.958122964693653,1.19572177707835
4775,intercept,1.2928819067837,0.0849466559149297,1.12638646119044,1.45937735237696
4775,AIPW,1.07377755454028,0.0520181922225306,0.971821897784116,1.17573321129644
4776,Tlearner,0.871793782657472,0.061477296786099,0.751300495089838,0.992287070225106
4776,Rlearner,0.910002082736622,0.0634416780808879,0.785658678579297,1.03434548689395
4776,intercept,1.09929481148212,0.0919047564812683,0.919161488778837,1.27942813418541
4776,AIPW,1.02269483408857,0.111176276961079,0.804789331244854,1.24060033693228
4777,Tlearner,1.09074609310365,0.0578226549200594,0.977415771969845,1.20407641423745
4777,Rlearner,1.1350284768173,0.0568948061342265,1.02351670588683,1.24654024774778
4777,intercept,1.32144217312645,0.0762446712939213,1.17200261739037,1.47088172886254
4777,AIPW,1.1389766655813,0.0491418548001737,1.04265863017296,1.23529470098964
4778,Tlearner,1.01970015621346,0.0637844246387346,0.894684981146929,1.14471533127999
4778,Rlearner,1.03483460449024,0.0628657582046235,0.911619982548379,1.15804922643211
4778,intercept,1.11467947059071,0.0893234408880116,0.939605526450207,1.28975341473121
4778,AIPW,0.9542797123869,0.0849330144156453,0.787811004132235,1.12074842064156
4779,Tlearner,1.00486698617367,0.0637048784184836,0.880007718833935,1.1297262535134
4779,Rlearner,1.00739885555483,0.0561992779498547,0.897250294815954,1.1175474162937
4779,intercept,1.22411506499602,0.0732908210945811,1.08046505565064,1.3677650743414
4779,AIPW,0.958581302009211,0.0498075813476122,0.860958442567891,1.05620416145053
4780,Tlearner,1.08191041403442,0.0574799479814773,0.969251786157485,1.19456904191135
4780,Rlearner,1.07762638338699,0.057134065606695,0.965645672507517,1.18960709426646
4780,intercept,1.25730247991212,0.0799754200456919,1.10055065662256,1.41405430320167
4780,AIPW,1.09878002849552,0.0449311481496732,1.01071497812216,1.18684507886888
4781,Tlearner,1.07112066814877,0.0615608544657962,0.950463610538293,1.19177772575924
4781,Rlearner,1.11929217325157,0.0609342976342379,0.999863144465221,1.23872120203792
4781,intercept,1.3322514831549,0.0813822477481351,1.17274227756855,1.49176068874124
4781,AIPW,1.10285515648046,0.0499859852667018,1.00488262535772,1.2008276876032
4782,Tlearner,0.933141649112903,0.0692459041738132,0.797422170855317,1.06886112737049
4782,Rlearner,0.929090971963318,0.060452281235491,0.81060667795847,1.04757526596817
4782,intercept,1.22782617468487,0.0841444261095875,1.06290309951008,1.39274924985967
4782,AIPW,0.914369979724426,0.0534197150445362,0.809667338237135,1.01907262121172
4783,Tlearner,1.0954622030329,0.0621815476153903,0.973588609203771,1.21733579686203
4783,Rlearner,1.09476922698756,0.0572684080222209,0.982525209812058,1.20701324416305
4783,intercept,1.3328851047013,0.0812520052362197,1.17363117443831,1.49213903496429
4783,AIPW,1.11741117856103,0.0462981270975595,1.02666684944981,1.20815550767225
4784,Tlearner,1.04545721024871,0.0577096667630389,0.932348341833351,1.15856607866408
4784,Rlearner,1.07482310725255,0.0592508212274419,0.958693631592338,1.19095258291275
4784,intercept,1.17236828247455,0.0787173029237652,1.01808236874397,1.32665419620513
4784,AIPW,1.10199152906015,0.0458319189153564,1.01216096798605,1.19182209013424
4785,Tlearner,0.964609744136845,0.0631723800856655,0.840794154351265,1.08842533392242
4785,Rlearner,1.04526494924622,0.0598273845857378,0.928005430168951,1.1625244683235
4785,intercept,1.1646064267221,0.0783074963571117,1.01112373386216,1.31808911958204
4785,AIPW,1.10181372804112,0.0528990374942592,0.998131614552369,1.20549584152987
4786,Tlearner,0.938752368082451,0.0573504250785248,0.82634760043048,1.05115713573442
4786,Rlearner,0.980711270083547,0.0565029684920297,0.869967486819568,1.09145505334753
4786,intercept,1.08790029491512,0.0721217410181959,0.946541682519461,1.22925890731079
4786,AIPW,0.909854767216262,0.0753993786968873,0.762071984970363,1.05763754946216
4787,Tlearner,1.03916245708299,0.0631571439671836,0.915376729540897,1.16294818462508
4787,Rlearner,0.998589772259734,0.0625397529517788,0.876014108872215,1.12116543564725
4787,intercept,1.14799747063993,0.0839798032260615,0.983397056316854,1.31259788496302
4787,AIPW,0.987108911534635,0.0547360033657589,0.879826344937747,1.09439147813152
4788,Tlearner,1.04415195382156,0.0641538617801164,0.918412695263372,1.16989121237975
4788,Rlearner,1.0633987821719,0.0615781369460851,0.9427078515225,1.1840897128213
4788,intercept,1.30344424242022,0.0844274213483704,1.13796649657741,1.46892198826302
4788,AIPW,1.06398290981074,0.0487806329327534,0.968372869262541,1.15959295035893
4789,Tlearner,0.959257629590424,0.0631544972621308,0.835477089494915,1.08303816968593
4789,Rlearner,0.934014989325127,0.0596327616823626,0.817136924129037,1.05089305452122
4789,intercept,1.07091449734363,0.0849588398859126,0.904395171167241,1.23743382352002
4789,AIPW,0.902349102034389,0.0537071424895837,0.797083102754805,1.00761510131397
4790,Tlearner,0.965945215109089,0.0575503554187178,0.853148591190923,1.07874183902726
4790,Rlearner,0.963605290201282,0.0569069767421302,0.852069665317648,1.07514091508492
4790,intercept,1.09847135150952,0.0722276392027744,0.956905178672086,1.24003752434696
4790,AIPW,0.977383124748582,0.0471857496393452,0.884899055455465,1.0698671940417
4791,Tlearner,0.949569200979227,0.0587153505838919,0.834489228495156,1.0646491734633
4791,Rlearner,0.952526425720861,0.0569091017848324,0.840986635830065,1.06406621561166
4791,intercept,1.20967885345709,0.0728468023297208,1.06689912089084,1.35245858602334
4791,AIPW,0.966717868739884,0.0477476595775795,0.873132455967828,1.06030328151194
4792,Tlearner,1.06999009110723,0.0619056727579656,0.948657202062891,1.19132298015156
4792,Rlearner,1.01288231807775,0.061525003247833,0.892295527563284,1.13346910859221
4792,intercept,1.20367277857709,0.091344752500305,1.02463706367649,1.38270849347769
4792,AIPW,1.00367739247994,0.0516953384581854,0.902354529101901,1.10500025585799
4793,Tlearner,1.1121052179236,0.0615793533545011,0.991411903157517,1.23279853268969
4793,Rlearner,1.05524744676152,0.0614747738240006,0.934759104108729,1.1757357894143
4793,intercept,1.18997753981782,0.0855033648156892,1.02239094477907,1.35756413485657
4793,AIPW,1.10129555272934,0.0477911296493733,1.00762493861657,1.19496616684211
4794,Tlearner,1.04209372126361,0.0587737067989764,0.926899372699701,1.15728806982752
4794,Rlearner,1.10591501649679,0.0570758055799327,0.994048493171512,1.21778153982207
4794,intercept,1.29664208424894,0.0745726082383439,1.15047977210178,1.44280439639609
4794,AIPW,1.1090729311906,0.0447343219834713,1.021393660103,1.19675220227821
4795,Tlearner,1.04390698327071,0.0615579208433859,0.923255675454501,1.16455829108691
4795,Rlearner,1.04864144691585,0.0601347220056991,0.930779557564353,1.16650333626735
4795,intercept,1.2036519684943,0.0777687550075048,1.05122520867959,1.35607872830901
4795,AIPW,1.05788963343853,0.0505528809867461,0.958805986704506,1.15697328017255
4796,Tlearner,0.956482517975426,0.0648360814304051,0.829406133473126,1.08355890247773
4796,Rlearner,0.995595722596562,0.0624265374692015,0.873241957477387,1.11794948771574
4796,intercept,1.28388117633067,0.085017763052563,1.11724636074765,1.4505159919137
4796,AIPW,1.0178609110872,0.0493646055261261,0.921106284255991,1.11461553791841
4797,Tlearner,0.923940144142356,0.0606706144883784,0.80502792482522,1.04285236345949
4797,Rlearner,0.978301683964735,0.058389933841502,0.863859516575714,1.09274385135376
4797,intercept,1.0718056398905,0.0770651517133355,0.920757942532363,1.22285333724864
4797,AIPW,0.979306866075947,0.0439947067260502,0.893077240892888,1.065536491259
4798,Tlearner,0.937563440817723,0.0647866267561135,0.810583985695902,1.06454289593954
4798,Rlearner,0.913460106922461,0.0606142959506021,0.794658269911029,1.03226194393389
4798,intercept,1.04215956975503,0.0888040613369235,0.868103609534665,1.2162155299754
4798,AIPW,0.839912920735746,0.129829836219705,0.585446441745124,1.09437939972637
4799,Tlearner,1.02271088324993,0.0640972682460584,0.897082545980257,1.14833922051961
4799,Rlearner,1.00027662415922,0.0627621133813759,0.877265142338105,1.12328810598034
4799,intercept,1.20003388629795,0.0928857154545893,1.01797788400696,1.38208988858894
4799,AIPW,1.02329120601529,0.0670518322232244,0.89186961485777,1.15471279717281
4800,Tlearner,1.06999358910143,0.0577163597958193,0.956871602582866,1.18311557561999
4800,Rlearner,1.07969127084953,0.0551374527095995,0.971623849339432,1.18775869235962
4800,intercept,1.27271285525506,0.0714969633760126,1.13257880703807,1.41284690347204
4800,AIPW,1.11909009215194,0.0441039050860629,1.03264643818326,1.20553374612063
4801,Tlearner,0.920929079257785,0.05820047145505,0.806858251322635,1.03499990719293
4801,Rlearner,0.929295915373493,0.0566809069519118,0.81820337913668,1.04038845161031
4801,intercept,1.05623518126105,0.0751531342287489,0.908935038172699,1.20353532434939
4801,AIPW,0.961042486328775,0.0526707871274103,0.857807743559051,1.0642772290985
4802,Tlearner,0.970335228309763,0.0612054943543002,0.850374663719366,1.09029579290016
4802,Rlearner,1.0041476413429,0.0604650210574801,0.88563837774578,1.12265690494001
4802,intercept,1.1267498406724,0.0841591227655783,0.961797960051862,1.29170172129293
4802,AIPW,0.983586068396863,0.0459915152314424,0.893442698543235,1.07372943825049
4804,Tlearner,0.958005804900674,0.065144377703011,0.830325170807498,1.08568643899385
4804,Rlearner,0.927075869355707,0.0576459954836624,0.81409179435477,1.04005994435664
4804,intercept,1.10782981946852,0.0792177225430356,0.952563083284173,1.26309655565287
4804,AIPW,0.973200502888702,0.0455167579472254,0.883987657312141,1.06241334846526
4805,Tlearner,1.10275747511978,0.0622344684884847,0.980780158285359,1.2247347919542
4805,Rlearner,1.05392112015792,0.0622928524937072,0.931829372775989,1.17601286753985
4805,intercept,1.25199315388384,0.0886905512264743,1.07815967347995,1.42582663428773
4805,AIPW,1.0810217663321,0.0505859260059389,0.981873351360462,1.18017018130374
4806,Tlearner,0.950590575071566,0.0644637018933891,0.824244041050397,1.07693710909274
4806,Rlearner,0.970902124098893,0.0616062177597513,0.850156156066048,1.09164809213174
4806,intercept,1.22360720165194,0.079474814165091,1.06783656588836,1.37937783741552
4806,AIPW,0.970182233886427,0.0481453611433356,0.875817326045489,1.06454714172736
4807,Tlearner,0.983545056730924,0.0642620309411477,0.857593790512876,1.10949632294897
4807,Rlearner,0.946694603230114,0.0612438885131545,0.826658787471145,1.06673041898908
4807,intercept,1.02418497787206,0.0815863292823691,0.864275772478619,1.18409418326551
4807,AIPW,0.925736506856724,0.0485935756903257,0.830493098503686,1.02097991520976
4808,Tlearner,0.998310285374429,0.0607327861424754,0.879276211854404,1.11734435889445
4808,Rlearner,1.01084278165401,0.0603675884088898,0.892524482539043,1.12916108076897
4808,intercept,1.14171966415594,0.0752124097111604,0.994303341122065,1.28913598718981
4808,AIPW,1.0156399207583,0.0449288991868374,0.927579278352098,1.1037005631645
4809,Tlearner,0.925982048195396,0.062997152071629,0.802509899006411,1.04945419738438
4809,Rlearner,0.96862274302647,0.0602266791066992,0.850580621068888,1.08666486498405
4809,intercept,1.12122393409876,0.0765123733954409,0.971259682243695,1.27118818595382
4809,AIPW,1.06527236990854,0.0986480887178811,0.871922116021494,1.25862262379559
4810,Tlearner,1.13730912702051,0.066742040682127,1.00649713102884,1.26812112301219
4810,Rlearner,1.07241041416656,0.0566481180161988,0.961382143062832,1.18343868527028
4810,intercept,1.20718257603848,0.072269836694981,1.06553369611632,1.34883145596065
4810,AIPW,1.02982001293424,0.0535883527347396,0.92478684157415,1.13485318429433
4811,Tlearner,0.772640123160171,0.0941416305237041,0.588125917887834,0.957154328432507
4811,Rlearner,1.01432430225653,0.055488399328834,0.905569038012237,1.12307956650082
4811,intercept,1.18243169441508,0.066244374564371,1.05259272026892,1.31227066856125
4811,AIPW,0.984726123940547,0.0473604409982015,0.891899659584072,1.07755258829702
4812,Tlearner,1.00372721312976,0.0641869966680939,0.877923011384503,1.12953141487502
4812,Rlearner,1.04254432509363,0.0605168551155759,0.923933468609475,1.16115518157779
4812,intercept,1.26953828469344,0.0840914113681851,1.1047191184118,1.43435745097508
4812,AIPW,1.04855362639737,0.0527261875117893,0.945210298874261,1.15189695392048
4813,Tlearner,1.04191421098085,0.0656037217371087,0.913333279124332,1.17049514283737
4813,Rlearner,1.04907541252812,0.0590126556943002,0.933412732735232,1.16473809232101
4813,intercept,1.29366429242317,0.089407675979183,1.11842524750397,1.46890333734236
4813,AIPW,1.07303721379111,0.0496704988779874,0.975683035990256,1.17039139159197
4814,Tlearner,1.03877855814409,0.0643910045707174,0.912574508257134,1.16498260803105
4814,Rlearner,1.02975205814122,0.0605608474688971,0.911054978228955,1.14844913805348
4814,intercept,1.20535247734597,0.0876274985482326,1.03360258019143,1.3771023745005
4814,AIPW,0.995487487334188,0.0440453855256907,0.909158531703834,1.08181644296454
4815,Tlearner,1.03867255134005,0.063477153485802,0.914259616666758,1.16308548601334
4815,Rlearner,1.00582527891012,0.0607923905436701,0.886674382910431,1.1249761749098
4815,intercept,1.16202822780327,0.0823526622305389,1.00061700983141,1.32343944577513
4815,AIPW,0.989358173263893,0.0659269453641973,0.860141360350066,1.11857498617772
4816,Tlearner,1.88645294233672,0.429788338654287,1.04408327759901,2.72882260707442
4816,Rlearner,1.08469468234177,0.0590635119734898,0.968932326073281,1.20045703861026
4816,intercept,1.27283533307346,0.0744869671958307,1.12684087736963,1.41882978877729
4816,AIPW,1.06066500263852,0.0701386157545697,0.923193315759564,1.19813668951748
4817,Tlearner,0.966424832985281,0.0590542662775799,0.850680597947787,1.08216906802278
4817,Rlearner,0.950575638232374,0.0546707520229043,0.843422933259762,1.05772834320499
4817,intercept,1.08326962847784,0.0791488694682779,0.928137844320014,1.23840141263566
4817,AIPW,0.916077442333905,0.0550782267439375,0.808124117915788,1.02403076675202
4818,Tlearner,1.04359240784246,0.0597461421032225,0.926492121104936,1.16069269457999
4818,Rlearner,0.989514595098347,0.0572876963829907,0.87723277343042,1.10179641676627
4818,intercept,1.08515398944782,0.0708693748788006,0.946250014685375,1.22405796421027
4818,AIPW,0.987373418603416,0.0531620912316329,0.883175719789415,1.09157111741742
4819,Tlearner,0.945168906462324,0.0680967997702909,0.811701631450119,1.07863618147453
4819,Rlearner,1.03296138863073,0.0606305999972971,0.914127596274971,1.15179518098648
4819,intercept,1.1554676069315,0.0771016970888152,1.00434828063743,1.30658693322558
4819,AIPW,0.994468043770708,0.0525357086957432,0.891498054727051,1.09743803281436
4820,Tlearner,1.09960642936607,0.0601671386363565,0.981681004585987,1.21753185414616
4820,Rlearner,1.15442913774532,0.0568305463295584,1.04304331371765,1.26581496177299
4820,intercept,1.32583018326668,0.0726285757773555,1.18347817474306,1.4681821917903
4820,AIPW,0.916207247943906,0.289256146551387,0.349265200703188,1.48314929518462
4821,Tlearner,1.11823221605164,0.0642014232977572,0.992399738631821,1.24406469347145
4821,Rlearner,1.18557529556715,0.0602346878746062,1.06751747671291,1.30363311442139
4821,intercept,1.35789120477734,0.0760290577651007,1.20887425155774,1.50690815799694
4821,AIPW,1.26322090725916,0.0581600626168913,1.14922718453005,1.37721462998827
4822,Tlearner,1.10545962997667,0.0610500315716749,0.98580376684115,1.22511549311218
4822,Rlearner,1.0730572976481,0.059912946603049,0.955630080098453,1.19048451519775
4822,intercept,1.26003628763469,0.0882743994181251,1.08701846477516,1.43305411049421
4822,AIPW,1.10809577794709,0.0495686912891817,1.0109411430203,1.20525041287389
4823,Tlearner,1.02751735822574,0.0630604474804658,0.903921152315045,1.15111356413643
4823,Rlearner,1.06397060105168,0.0577428056714462,0.950796781569347,1.17714442053401
4823,intercept,1.14099993848388,0.0774281703276334,0.989240724641716,1.29275915232604
4823,AIPW,1.01957019582626,0.0475916011801495,0.926290657513166,1.11284973413935
4824,Tlearner,1.0011715507646,0.0612373115919582,0.881148625534305,1.1211944759949
4824,Rlearner,1.03048741393061,0.0606635295795722,0.911589080779571,1.14938574708165
4824,intercept,1.1672867109812,0.081540933937794,1.00746648046312,1.32710694149928
4824,AIPW,1.00606648319406,0.0503948012623112,0.907292672719935,1.10484029366819
4825,Tlearner,0.943293473138984,0.0603716829412482,0.824967148888067,1.0616197973899
4825,Rlearner,0.997858811785425,0.0604633075306634,0.879352906639155,1.11636471693169
4825,intercept,1.08059434892244,0.0819940242247831,0.919886061441869,1.24130263640302
4825,AIPW,0.986306328602833,0.0450173227726799,0.89807237596838,1.07454028123729
4826,Tlearner,0.953857837430536,0.0625837530274963,0.831195935479294,1.07651973938178
4826,Rlearner,0.946625291572507,0.0616180123332736,0.825856206600346,1.06739437654467
4826,intercept,1.0528479902291,0.080166769891421,0.895721121241916,1.20997485921629
4826,AIPW,0.959495891159454,0.0506973970341553,0.86012899297251,1.0588627893464
4827,Tlearner,1.0650237943764,0.0607896795379341,0.94587821185032,1.18416937690248
4827,Rlearner,1.04496488143244,0.0606834927919292,0.926027421104168,1.16390234176072
4827,intercept,1.22065896512231,0.0828838329011904,1.05820665263597,1.38311127760864
4827,AIPW,1.02889717981838,0.055254173838663,0.920598999094605,1.13719536054216
4828,Tlearner,0.959979603444687,0.0633106710743941,0.835892968301813,1.08406623858756
4828,Rlearner,0.988097179552388,0.0565950114044558,0.877172995495021,1.09902136360975
4828,intercept,1.12068563486926,0.0669433632083179,0.989476642980961,1.25189462675757
4828,AIPW,0.967941580230402,0.050654568944185,0.8686586250998,1.067224535361
4829,Tlearner,1.00318445979052,0.0623004361569144,0.881077848701833,1.12529107087921
4829,Rlearner,0.996472848886539,0.0605612718223929,0.877774937256709,1.11517076051637
4829,intercept,1.18438921801514,0.0822897209454741,1.02310136496201,1.34567707106827
4829,AIPW,0.946097308336823,0.0910812319939729,0.767578093628636,1.12461652304501
4830,Tlearner,1.08025841210507,0.0620558572536167,0.958631166858226,1.20188565735192
4830,Rlearner,1.11920076000564,0.0579342013171844,1.00565181195087,1.23274970806042
4830,intercept,1.18888887575302,0.0738978972273742,1.04404899718737,1.33372875431867
4830,AIPW,1.12217815133157,0.043682301875675,1.03656083965525,1.20779546300789
4831,Tlearner,0.890521607435562,0.0611019159914178,0.770764052705991,1.01027916216513
4831,Rlearner,0.907712864995257,0.0620918859794243,0.786015004743418,1.0294107252471
4831,intercept,1.02406363463812,0.0780944029793222,0.870998604798645,1.17712866447759
4831,AIPW,0.97753329915714,0.0768882232872741,0.826832381514082,1.1282342168002
4832,Tlearner,0.911124362663527,0.148754479291732,0.619570940712723,1.20267778461433
4832,Rlearner,0.933194835101785,0.055454199574374,0.824506601144516,1.04188306905905
4832,intercept,1.10795467589491,0.0732492921074914,0.964386063364224,1.25152328842559
4832,AIPW,0.903154183774052,0.0482964154992921,0.808493209395439,0.997815158152664
4833,Tlearner,1.04795270318896,0.0613621164194042,0.927685164991773,1.16822024138615
4833,Rlearner,1.06091309235505,0.0576972983797441,0.947828465525494,1.17399771918461
4833,intercept,1.21125255576311,0.0843896171661238,1.04584890611751,1.37665620540871
4833,AIPW,1.03531611838643,0.0525109356911139,0.932394684431842,1.13823755234101
4834,Tlearner,0.938457807760875,0.0615401335693795,0.817841362361107,1.05907425316064
4834,Rlearner,1.01187949317444,0.0594144111576507,0.895429387142788,1.12832959920609
4834,intercept,1.22801290095063,0.0797251079168031,1.0717516894337,1.38427411246757
4834,AIPW,0.950811294042137,0.05749541780834,0.838120275137791,1.06350231294648
4835,Tlearner,1.04969783549762,0.0603570864018018,0.931400119938312,1.16799555105692
4835,Rlearner,1.00211228904763,0.0550866557477272,0.894144427753325,1.11008015034193
4835,intercept,1.15332251877864,0.0751506387797298,1.00602726677037,1.30061777078691
4835,AIPW,0.985856969740107,0.0714537730654538,0.845807574531817,1.1259063649484
4836,Tlearner,1.00181896524743,0.0686579604478047,0.867251835517756,1.1363860949771
4836,Rlearner,0.986004021531627,0.0605357208708297,0.867356188846631,1.10465185421662
4836,intercept,1.09501818383497,0.0789976680559548,0.940182754445295,1.24985361322464
4836,AIPW,1.05198820645415,0.0758274679306342,0.903366369310103,1.20061004359819
4837,Tlearner,0.889536024479626,0.0610174888108284,0.769943943983327,1.00912810497593
4837,Rlearner,0.933331932966157,0.060172149936002,0.815396686219249,1.05126717971307
4837,intercept,1.16518521707965,0.0822764746940406,1.00392332667933,1.32644710747997
4837,AIPW,0.927019477081256,0.0633553566947544,0.802842977959537,1.05119597620297
4839,Tlearner,0.917063248286268,0.062435786560245,0.794691355281758,1.03943514129078
4839,Rlearner,0.89444629952213,0.0540679327082319,0.78847509869546,1.0004175003488
4839,intercept,1.16286064418486,0.0726853188149316,1.0203974193076,1.30532386906213
4839,AIPW,0.919096393467562,0.0433097979819425,0.834209189422955,1.00398359751217
4840,Tlearner,1.05409396399088,0.0608496802697733,0.934830782191343,1.17335714579041
4840,Rlearner,1.07226247681222,0.0592760519635749,0.956083549817892,1.18844140380656
4840,intercept,1.22424259599882,0.0769990115332514,1.07332453339364,1.37516065860399
4840,AIPW,1.07641677983467,0.0415597346913565,0.994959699839613,1.15787385982973
4841,Tlearner,0.965869151419746,0.0641026492474138,0.840230267581211,1.09150803525828
4841,Rlearner,1.00938482156987,0.0614902578387968,0.888866130805745,1.12990351233399
4841,intercept,1.15338399426856,0.0827829460348458,0.991129420040257,1.31563856849685
4841,AIPW,1.06879995721566,0.0778862335044554,0.916142939546924,1.22145697488439
4842,Tlearner,1.04337682422874,0.0596218016748705,0.926520240252601,1.16023340820487
4842,Rlearner,1.08047480262338,0.0535799497069411,0.975460030904313,1.18548957434246
4842,intercept,1.25699257887666,0.0802996705677134,1.09960522456394,1.41437993318938
4842,AIPW,1.35157032014042,0.29937782245217,0.764789788134166,1.93835085214667
4843,Tlearner,0.954722144061254,0.0602454845903207,0.836643164033063,1.07280112408945
4843,Rlearner,0.991407110301296,0.0612039586834542,0.871449555570448,1.11136466503214
4843,intercept,1.11338978828276,0.0802213648370015,0.956155913202235,1.27062366336328
4843,AIPW,1.00813214001727,0.075727011613575,0.859707197254664,1.15655708277988
4845,Tlearner,0.9858454489283,0.0659009191360214,0.856682020873611,1.11500887698299
4845,Rlearner,1.04971710041845,0.0606994544259796,0.930748355862297,1.1686858449746
4845,intercept,1.25916066288476,0.07773617083375,1.10679776805061,1.41152355771891
4845,AIPW,1.05798783909405,0.0505431109698399,0.958923341593161,1.15705233659493
4846,Tlearner,0.979684611843183,0.0625602357358526,0.857068802936577,1.10230042074979
4846,Rlearner,1.00653198099779,0.0590644796059128,0.8907677282046,1.12229623379098
4846,intercept,1.14680676312144,0.0821871911149213,0.985719868536192,1.30789365770668
4846,AIPW,1.0107606648292,0.0502647195328869,0.912241814544745,1.10927951511366
4847,Tlearner,1.00869449068377,0.0588053538516942,0.893438115036316,1.12395086633122
4847,Rlearner,0.969271115112544,0.0573438837928605,0.856879168144887,1.0816630620802
4847,intercept,1.24755357986335,0.0773088056715028,1.0960283207472,1.39907883897949
4847,AIPW,1.03584748298741,0.0553520927790399,0.927357381140496,1.14433758483433
4848,Tlearner,1.0208372691256,0.0644536159217423,0.894510503245609,1.14716403500559
4848,Rlearner,1.07410379418552,0.0573668300074449,0.961666873463701,1.18654071490735
4848,intercept,1.28398474939242,0.0711475761430902,1.14453550015197,1.42343399863288
4848,AIPW,1.06435213265771,0.0429373694968185,0.98019488844395,1.14850937687148
4849,Tlearner,1.04078436449849,0.0583030765384577,0.926512434295228,1.15505629470175
4849,Rlearner,1.07771356871486,0.0574482627117729,0.965117042825389,1.19031009460433
4849,intercept,1.17394117417069,0.0822894175099544,1.01265391585118,1.3352284324902
4849,AIPW,1.06480751331263,0.0464728329230889,0.973720760783373,1.15589426584188
4850,Tlearner,0.954061877121716,0.0587196874054045,0.838973404623673,1.06915034961976
4850,Rlearner,0.93720143324672,0.0606618638718175,0.818306364822887,1.05609650167055
4850,intercept,1.10876190719572,0.082350001693979,0.947355903875518,1.27016791051592
4850,AIPW,0.941640938666111,0.0811703945625782,0.782546965323458,1.10073491200876
4851,Tlearner,0.885218757241597,0.0619082105356882,0.763880894244325,1.00655662023887
4851,Rlearner,0.953349991139082,0.0594473047959433,0.836835414761058,1.06986456751711
4851,intercept,1.09908913447227,0.0847441521248086,0.932990596307646,1.2651876726369
4851,AIPW,0.955116363634559,0.0622751088520271,0.833057150284586,1.07717557698453
4852,Tlearner,1.08204234208851,0.057610920147221,0.969127013483746,1.19495767069328
4852,Rlearner,1.12790073241726,0.0543468385483633,1.02138288618885,1.23441857864566
4852,intercept,1.30853389483738,0.0685142089060078,1.1742460453816,1.44282174429315
4852,AIPW,1.12266858429757,0.0594019006728221,1.00624085897884,1.2390963096163
4853,Tlearner,0.936310150889053,0.0637185537583823,0.811424080375644,1.06119622140246
4853,Rlearner,0.943800658258434,0.0571967806997013,0.831697028055383,1.05590428846148
4853,intercept,1.13972435030706,0.0790533401642306,0.984779803585164,1.29466889702895
4853,AIPW,0.912883169690944,0.0599428984681127,0.795395088693443,1.03037125068844
4854,Tlearner,0.965025482634755,0.0616019531459032,0.84428787309146,1.08576309217805
4854,Rlearner,0.949138237285973,0.0571279498151022,0.837169513137761,1.06110696143418
4854,intercept,1.09063351294874,0.0790389228407098,0.935717224180949,1.24554980171653
4854,AIPW,0.970970395824437,0.0449086084985943,0.882949523167192,1.05899126848168
4855,Tlearner,0.968684629052134,0.0612016788855109,0.848731542643147,1.08863771546112
4855,Rlearner,0.917692551197412,0.0618797634996469,0.796410443366248,1.03897465902858
4855,intercept,1.09219643675966,0.0821866721173235,0.931110559409707,1.25328231410961
4855,AIPW,0.924277339158958,0.0529316355894756,0.820531333403586,1.02802334491433
4856,Tlearner,0.949226479781116,0.0593829793434495,0.832837978973269,1.06561498058896
4856,Rlearner,0.941012014616511,0.0586911385098531,0.825979496925547,1.05604453230747
4856,intercept,1.07146025374386,0.0794774649507856,0.915684422440318,1.2272360850474
4856,AIPW,0.953889706406558,0.0550604862552082,0.84597115334635,1.06180825946677
4857,Tlearner,0.990051408794019,0.0616715871738033,0.869177319063942,1.1109254985241
4857,Rlearner,1.04223610543016,0.0552715337812329,0.933905889848654,1.15056632101167
4857,intercept,1.20617865017341,0.0735592900310565,1.06200244171254,1.35035485863428
4857,AIPW,1.04193293756391,0.047008924846734,0.94979544486431,1.13407043026351
4858,Tlearner,0.999680425899525,0.0660196412797742,0.870284306718914,1.12907654508014
4858,Rlearner,1.01770133255679,0.0609978158222812,0.898147810409507,1.13725485470406
4858,intercept,1.19054592607874,0.0811397978902374,1.03151192221388,1.34957992994361
4858,AIPW,1.03941016320197,0.0629577679381391,0.916012938043213,1.16280738836072
4859,Tlearner,0.946390007052066,0.0597968029549098,0.829190426869805,1.06358958723433
4859,Rlearner,0.945578484865927,0.0599558473823885,0.828067183333865,1.06308978639799
4859,intercept,1.09720821293865,0.0775716748192005,0.945167730293013,1.24924869558428
4859,AIPW,0.957956061787336,0.0557672757568878,0.848652201303836,1.06725992227084
4860,Tlearner,0.98467676070993,0.0582190120569544,0.870569593862796,1.09878392755706
4860,Rlearner,0.961392791404561,0.0563928395172407,0.850864856964822,1.0719207258443
4860,intercept,1.13774667504374,0.0730648127034443,0.994539642144994,1.2809537079425
4860,AIPW,1.01023574940444,0.045809788384912,0.920448564170009,1.10002293463886
4861,Tlearner,0.942563381454152,0.0618453992099957,0.821348626393059,1.06377813651525
4861,Rlearner,0.972369537952911,0.0634622203544539,0.847985871679236,1.09675320422659
4861,intercept,1.07716973772213,0.0829489321414978,0.914589830724797,1.23974964471947
4861,AIPW,0.971119851999715,0.0448432932597913,0.883226997210524,1.05901270678891
4862,Tlearner,1.05816152818979,0.0581431574887961,0.94420303356431,1.17212002281527
4862,Rlearner,1.04882139304235,0.059726105262008,0.931760377791969,1.16588240829274
4862,intercept,1.19167635370846,0.0752251124059712,1.04423513339276,1.33911757402417
4862,AIPW,1.15572236065957,0.0746115293605747,1.00948376311284,1.30196095820629
4863,Tlearner,0.98426286706499,0.0621264633628298,0.862497236386997,1.10602849774298
4863,Rlearner,1.02606606878031,0.0637896233584436,0.901040704410385,1.15109143315023
4863,intercept,1.14690137488072,0.0868403881174733,0.976694214170469,1.31710853559096
4863,AIPW,0.939882378082175,0.0742001569960849,0.794450070369848,1.0853146857945
4864,Tlearner,1.0175221848888,0.0643133465376102,0.891470341949835,1.14357402782776
4864,Rlearner,1.02515488550978,0.0604733160434506,0.906629364038909,1.14368040698065
4864,intercept,1.23913328604129,0.079060896888545,1.08417392813974,1.39409264394284
4864,AIPW,1.00690520052515,0.0540854435914882,0.900897731085833,1.11291266996447
4865,Tlearner,1.04157936887071,0.0593451373521997,0.925265037002811,1.1578937007386
4865,Rlearner,1.10138521522888,0.058484817759838,0.986757078777213,1.21601335168055
4865,intercept,1.15009898394254,0.0819040644823426,0.989567017557148,1.31063095032793
4865,AIPW,1.04061105563803,0.12577324893218,0.794095487730958,1.28712662354511
4866,Tlearner,1.04455277595103,0.0601450511511151,0.926670641846521,1.16243491005553
4866,Rlearner,1.0890580379692,0.057990859344463,0.975398042221522,1.20271803371687
4866,intercept,1.27748306010423,0.0793863256496212,1.12188586183098,1.43308025837749
4866,AIPW,1.08134027161287,0.0490653263546393,0.985172231957776,1.17750831126796
4867,Tlearner,1.0999641866667,0.0615740102087558,0.979281344273833,1.22064702905956
4867,Rlearner,1.0886716951535,0.0625177093506721,0.966139236430241,1.21120415387676
4867,intercept,1.2721082815224,0.0801728513829401,1.11496949281184,1.42924707023296
4867,AIPW,1.13931044125183,0.0499038388506016,1.04149891710465,1.23712196539901
4868,Tlearner,0.951749982475619,0.122222892904937,0.712197514295646,1.19130245065559
4868,Rlearner,0.846855868225331,0.0603195357265516,0.728631750637112,0.965079985813549
4868,intercept,1.09669962452776,0.0749456242271858,0.949806201042472,1.24359304801304
4868,AIPW,0.847407622886049,0.0467933906659653,0.755692577180757,0.939122668591341
4869,Tlearner,0.99190715226211,0.0628421029417641,0.868738893783494,1.11507541074073
4869,Rlearner,0.979834009091865,0.0553672429764087,0.871316206934826,1.0883518112489
4869,intercept,1.10789759227111,0.0723141448608412,0.966161868343857,1.24963331619835
4869,AIPW,1.01424504218045,0.066844740008771,0.883229351763254,1.14526073259764
4870,Tlearner,1.09809416810882,0.0580556806398111,0.984307124956834,1.21188121126081
4870,Rlearner,1.06235225927552,0.0616721147935426,0.941477135429752,1.18322738312128
4870,intercept,1.27073262082214,0.0765823733687711,1.12063116901935,1.42083407262493
4870,AIPW,1.05103409223578,0.117752638039276,0.820238921678794,1.28182926279276
4871,Tlearner,1.16841555218167,0.0638292073029224,1.0433126047062,1.29351849965714
4871,Rlearner,1.1614591031508,0.0623352420270406,1.03928427381022,1.28363393249139
4871,intercept,1.25559440497132,0.0799709100850811,1.09885142120456,1.41233738873808
4871,AIPW,1.17119272610031,0.0468156839173521,1.0794339856223,1.26295146657832
4872,Tlearner,1.00016039830763,0.0616749821051978,0.879279654634291,1.12104114198097
4872,Rlearner,1.01700203754852,0.0634996696740134,0.892544971957266,1.14145910313978
4872,intercept,1.09770594036006,0.0914549299335987,0.918454277690209,1.27695760302992
4872,AIPW,1.0244514537566,0.0517977916615234,0.922927782100016,1.12597512541319
4873,Tlearner,1.1118794817885,0.0632069605945254,0.987996115450984,1.23576284812601
4873,Rlearner,1.1107315239666,0.0592422760841213,0.994618796479544,1.22684425145366
4873,intercept,1.29159008106289,0.0833894089305203,1.12814683955907,1.45503332256671
4873,AIPW,1.10803754925792,0.0482939424488889,1.0133814220581,1.20269367645774
4874,Tlearner,0.940471962771591,0.0569803630856808,0.828792503297641,1.05215142224554
4874,Rlearner,0.934124190901325,0.0558603017970035,0.82464001121366,1.04360837058899
4874,intercept,1.02334738581181,0.0766429504773446,0.873127202876218,1.17356756874741
4874,AIPW,0.846139602749425,0.104458475324901,0.641400991112618,1.05087821438623
4875,Tlearner,1.05801509933097,0.0638145193784578,0.932940939658456,1.18308925900348
4875,Rlearner,1.12381367522175,0.0609505286273597,1.00435283427344,1.24327451617005
4875,intercept,1.32273273697127,0.0802420485756971,1.1654583217629,1.48000715217963
4875,AIPW,1.12101128624093,0.0474419529301672,1.02802505849781,1.21399751398406
4876,Tlearner,0.973106121208206,0.0606227479366046,0.854287718608611,1.0919245238078
4876,Rlearner,0.967357382791083,0.0578878275630024,0.853899325624333,1.08081543995783
4876,intercept,1.16970757654853,0.0772035212917629,1.01838867481668,1.32102647828039
4876,AIPW,0.99171432625022,0.0515710597377633,0.890635049164204,1.09279360333624
4877,Tlearner,0.933977958263017,0.0607480490350612,0.814913970023224,1.05304194650281
4877,Rlearner,0.964008195849221,0.0566631299560152,0.852950501884118,1.07506588981432
4877,intercept,1.13462331853937,0.0770096988536857,0.983684308786145,1.28556232829259
4877,AIPW,0.940989235626197,0.0425576832912795,0.857576176375289,1.0244022948771
4878,Tlearner,1.03134320910507,0.0583663522721857,0.916947260742604,1.14573915746753
4878,Rlearner,1.07634442687576,0.0543506486396637,0.96981911300563,1.18286974074589
4878,intercept,1.13245709696666,0.0755529643586292,0.984373286823748,1.28054090710958
4878,AIPW,1.08183295226715,0.08001812024129,0.924997436594218,1.23866846794007
4879,Tlearner,1.03741100753429,0.0597038935775187,0.920393526385537,1.15442848868303
4879,Rlearner,1.04342979437231,0.0589895241873316,0.927812451499984,1.15904713724463
4879,intercept,1.10818745680682,0.0753123002120742,0.96057534839115,1.25579956522248
4879,AIPW,1.07333252667751,0.0486246613844337,0.978028190364016,1.168636862991
4880,Tlearner,0.94943595438328,0.0629165107906465,0.826121859200687,1.07275004956587
4880,Rlearner,0.963626936874406,0.057650591719564,0.850633853416638,1.07662002033217
4880,intercept,1.05925447805256,0.0840826778628098,0.89445242944145,1.22405652666366
4880,AIPW,0.896046437972322,0.0757858387194028,0.747506194082292,1.04458668186235
4881,Tlearner,1.06301240051472,0.0598766033135539,0.945656414503564,1.18036838652588
4881,Rlearner,1.0796117360419,0.0572304832953495,0.967442049965189,1.1917814221186
4881,intercept,1.25780542298191,0.0804133338791679,1.10019528857874,1.41541555738508
4881,AIPW,1.0371906498315,0.076139767605713,0.887956705324307,1.1864245943387
4882,Tlearner,0.937676380865624,0.0621753670743659,0.815814900674309,1.05953786105694
4882,Rlearner,1.01935473307447,0.0604557953864564,0.900863551460298,1.13784591468865
4882,intercept,1.09979672660596,0.0857205151497338,0.931784516912479,1.26780893629944
4882,AIPW,1.00940957310034,0.0604140289108111,0.890998076435146,1.12782106976553
4883,Tlearner,0.979836558278276,0.065030113086049,0.852379878719053,1.1072932378375
4883,Rlearner,0.987360300980419,0.0587576581345786,0.872197407220728,1.10252319474011
4883,intercept,1.11837880912157,0.082813451552361,0.956064444078945,1.2806931741642
4883,AIPW,0.937431599115268,0.0610758323030862,0.817722967801219,1.05714023042932
4884,Tlearner,0.919294998950997,0.060940454578713,0.799853902775221,1.03873609512677
4884,Rlearner,0.946283235388159,0.0564291809771166,0.835684072995917,1.0568823977804
4884,intercept,0.988897027352462,0.0736489490532672,0.844545087208059,1.13324896749687
4884,AIPW,0.894389582970295,0.0438337997431295,0.808475335473761,0.980303830466829
4886,Tlearner,1.08566563996881,0.0730909210476561,0.942410067118546,1.22892121281908
4886,Rlearner,1.10426295042011,0.0605803321704784,0.985527681194502,1.22299821964572
4886,intercept,1.24316285375472,0.0780659885901996,1.09015351611793,1.39617219139152
4886,AIPW,1.01472278488014,0.0581095663462211,0.900828034841545,1.12861753491873
4887,Tlearner,0.879484999093761,0.0626632912329322,0.756667205124469,1.00230279306305
4887,Rlearner,0.87256933858969,0.058329230702378,0.758246147167101,0.986892530012279
4887,intercept,1.01002159963125,0.0803163184255825,0.852601615517111,1.16744158374539
4887,AIPW,0.862911439291242,0.0580626029223927,0.749108737563352,0.976714141019131
4888,Tlearner,1.04714336923312,0.0609078043858938,0.927766266259362,1.16652047220689
4888,Rlearner,1.02705663795317,0.0610846648115305,0.907332894914867,1.14678038099147
4888,intercept,1.22949625307275,0.0792654937363751,1.07413588534945,1.38485662079604
4888,AIPW,0.996882343079196,0.0504803321458889,0.897940892073254,1.09582379408514
4889,Tlearner,0.897067815487828,0.0611990945874288,0.777119794210008,1.01701583676565
4889,Rlearner,0.927511349272143,0.063645487817677,0.802768485371014,1.05225421317327
4889,intercept,1.08920136781384,0.0846153548729514,0.923355272262854,1.25504746336482
4889,AIPW,0.927948931273697,0.0449421670430644,0.839862283869291,1.0160355786781
4890,Tlearner,0.953861203865829,0.0642892423095938,0.827856604345656,1.079865803386
4890,Rlearner,0.966055449732489,0.0577658010003333,0.852836560233728,1.07927433923125
4890,intercept,1.13842557604243,0.0798472998182034,0.981924868398754,1.29492628368611
4890,AIPW,1.02869311761864,0.130515975007429,0.772881806604084,1.2845044286332
4891,Tlearner,0.990497668266766,0.065135398065956,0.862834633938813,1.11816070259472
4891,Rlearner,1.00781073961469,0.0589816751236338,0.892208780624521,1.12341269860485
4891,intercept,1.26085132339945,0.0844749645316996,1.09528039291732,1.42642225388158
4891,AIPW,1.03117313840728,0.0461483550337315,0.940722362541165,1.12162391427339
4893,Tlearner,0.982777244355374,0.0606903820576841,0.863826281314338,1.10172820739641
4893,Rlearner,0.956841493190416,0.0576639068473178,0.8438223125618,1.06986067381903
4893,intercept,1.08674716223358,0.0786915294771907,0.932511764458286,1.24098256000887
4893,AIPW,0.941224739035138,0.0539641363145904,0.835455031858541,1.04699444621174
4894,Tlearner,0.944603017365299,0.0587344523475619,0.829485606112394,1.0597204286182
4894,Rlearner,0.962463491016352,0.057330707439719,0.8500973692263,1.0748296128064
4894,intercept,1.08994253026228,0.0781358184316852,0.936796326136175,1.24308873438838
4894,AIPW,0.9572207529793,0.0455137998789855,0.868013705216488,1.04642780074211
4895,Tlearner,1.02203346393877,0.0589903571694196,0.906414488451558,1.13765243942599
4895,Rlearner,1.03440699370376,0.0536719122472493,0.929211978717753,1.13960200868976
4895,intercept,1.22067819090734,0.0712817884254154,1.08096588559352,1.36039049622115
4895,AIPW,0.990808899455729,0.0523400627599322,0.888222376446262,1.0933954224652
4896,Tlearner,0.923106152305689,0.0649291752907485,0.795847307189934,1.05036499742144
4896,Rlearner,0.915019192933392,0.0595483247970663,0.798306620991448,1.03173176487533
4896,intercept,0.994812864465842,0.0779306728022862,0.842068745773361,1.14755698315832
4896,AIPW,0.838705447973053,0.0764081999107413,0.688945376148,0.988465519798106
4897,Tlearner,1.01681989317098,0.0621291589524308,0.89504897923445,1.13859080710751
4897,Rlearner,1.05883664337055,0.0619072775803331,0.937500608932169,1.18017267780892
4897,intercept,1.29174865251301,0.0906336602623543,1.1141066783988,1.46939062662722
4897,AIPW,1.09277833060525,0.0669192433467793,0.961616613645563,1.22394004756494
4898,Tlearner,1.1521586176646,0.0578924863334648,1.03869142947553,1.26562580585367
4898,Rlearner,1.13224882900884,0.0533020278184822,1.02777877418166,1.23671888383602
4898,intercept,1.31390228258395,0.0666070141894064,1.18335253477271,1.44445203039519
4898,AIPW,1.13271554754989,0.0501848160393679,1.03435330811273,1.23107778698705
4899,Tlearner,0.922243811747416,0.064751764862975,0.795332684680578,1.04915493881425
4899,Rlearner,0.927083575363333,0.0602069603200332,0.809080101517436,1.04508704920923
4899,intercept,1.15334332768678,0.0747074438901296,1.00691673766213,1.29976991771143
4899,AIPW,1.07583846255741,0.17477196418461,0.733285412755575,1.41839151235925
4900,Tlearner,1.03659660350042,0.0611861834141192,0.916673887657285,1.15651931934356
4900,Rlearner,1.03283037267159,0.058999115198611,0.917194231762579,1.14846651358059
4900,intercept,1.16674161389312,0.0807185690421336,1.00853321857054,1.3249500092157
4900,AIPW,1.05011735350021,0.0606256261900368,0.93129112616774,1.16894358083268
4902,Tlearner,0.982955492086186,0.0640692773101191,0.857382016042843,1.10852896812953
4902,Rlearner,0.93852866542304,0.0570331902081084,0.826745666691725,1.05031166415435
4902,intercept,1.15420976235199,0.0720563883612312,1.01297924116398,1.29544028354
4902,AIPW,0.962589295621032,0.0434210834536094,0.877483972051957,1.04769461919011
4903,Tlearner,0.905177527852178,0.0604795204536118,0.786639845960845,1.02371520974351
4903,Rlearner,0.856363068981368,0.059182744305972,0.74036702163542,0.972359116327316
4903,intercept,1.15452088847873,0.0726505511074571,1.01212580830811,1.29691596864935
4903,AIPW,0.906904273508318,0.0475115690913252,0.813781598089321,1.00002694892732
4904,Tlearner,0.989563576701934,0.0647197946154865,0.862715110168751,1.11641204323512
4904,Rlearner,0.938191497426344,0.0610754042828638,0.818485904690708,1.05789709016198
4904,intercept,1.12922036690334,0.086855617794696,0.958983356025732,1.29945737778094
4904,AIPW,0.944563184380542,0.0607583717832416,0.825476775685389,1.0636495930757
4905,Tlearner,0.905661396655405,0.0632231204918647,0.781746357501114,1.0295764358097
4905,Rlearner,0.964898937514008,0.061704500833497,0.843960338196333,1.08583753683168
4905,intercept,1.13476803265716,0.0760601151875896,0.985690206889483,1.28384585842483
4905,AIPW,0.903593843033187,0.0654923511286236,0.775228834821085,1.03195885124529
4906,Tlearner,0.979620307890332,0.065441920843446,0.851356499958057,1.10788411582261
4906,Rlearner,1.02467579115974,0.061988393620103,0.903180772204847,1.14617081011464
4906,intercept,1.14998865856812,0.0775046944773458,0.998079457392526,1.30189785974372
4906,AIPW,1.00293506625755,0.0451366792426459,0.91446717494196,1.09140295757313
4908,Tlearner,0.989096476291445,0.0587784212205417,0.873892887631059,1.10430006495183
4908,Rlearner,1.05601437988976,0.0595709694175387,0.939257425307248,1.17277133447227
4908,intercept,1.17793002940273,0.0771077544831487,1.02679883061576,1.3290612281897
4908,AIPW,1.03725794195294,0.0501189472621367,0.939024805319149,1.13549107858673
4909,Tlearner,0.983219959449591,0.0672140100766558,0.851482920442833,1.11495699845635
4909,Rlearner,1.06397290807632,0.0623546763975295,0.941759988069516,1.18618582808313
4909,intercept,1.19549056263039,0.0858606940817899,1.02720360223008,1.36377752303069
4909,AIPW,1.06231506749246,0.0581730992670994,0.94829579292895,1.17633434205598
4910,Tlearner,1.1345650032275,0.0589940701841619,1.01893875036511,1.25019125608988
4910,Rlearner,1.17869804224034,0.0575159639137333,1.06596882443331,1.29142726004736
4910,intercept,1.347216468962,0.0741260561670068,1.20192939887467,1.49250353904933
4910,AIPW,1.17842829799847,0.0702546291986701,1.04072922476908,1.31612737122786
4911,Tlearner,1.00409915596056,0.0645083035289277,0.877665204340085,1.13053310758104
4911,Rlearner,0.985567034714244,0.0578799832246322,0.872124352168183,1.09900971726031
4911,intercept,1.14290326121651,0.0856979588060925,0.974935261956568,1.31087126047645
4911,AIPW,0.984113046734047,0.0510539505955507,0.884047303566768,1.08417878990133
4912,Tlearner,1.0354292987286,0.0592935263764394,0.9192161225144,1.15164247494279
4912,Rlearner,1.0265651851921,0.0563653004477864,0.916091226336662,1.13703914404754
4912,intercept,1.21916796986376,0.08234501123357,1.05777174784597,1.38056419188156
4912,AIPW,1.02420983165241,0.0486370104861369,0.92888129109958,1.11953837220524
4913,Tlearner,0.681901510365948,0.153012024354365,0.382003453429826,0.98179956730207
4913,Rlearner,1.01576658709764,0.0582243633515783,0.901648931905773,1.12988424228951
4913,intercept,1.16651817183353,0.0750625704372687,1.01939553377649,1.31364080989058
4913,AIPW,1.00748042979373,0.0464710284734486,0.916397213985774,1.09856364560169
4914,Tlearner,0.943795941496629,0.0616478849183491,0.822968307333595,1.06462357565966
4914,Rlearner,0.916853884737387,0.0593513494760182,0.800527377330542,1.03318039214423
4914,intercept,1.06695018316639,0.0810211237259039,0.90814878066362,1.22575158566916
4914,AIPW,0.91975753515828,0.0596270332393927,0.80288855000907,1.03662652030749
4915,Tlearner,1.02882627710093,0.0634038604462464,0.904556994145488,1.15309556005638
4915,Rlearner,1.01660563537598,0.0583987320178628,0.902146223878162,1.1310650468738
4915,intercept,1.16500064626162,0.0822625845069477,1.003765980628,1.32623531189524
4915,AIPW,0.808244008094497,0.197446233876492,0.421249389696573,1.19523862649242
4916,Tlearner,0.895745837328622,0.0617017358365111,0.774812657305455,1.01667901735179
4916,Rlearner,0.9134852348599,0.0597799878487772,0.796318611680055,1.03065185803975
4916,intercept,1.08193044127326,0.0790151891222739,0.927060670593606,1.23680021195292
4916,AIPW,0.879413102145795,0.0625498352771453,0.756815425002591,1.002010779289
4917,Tlearner,0.954677727879471,0.0543947630696605,0.848065951315347,1.0612895044436
4917,Rlearner,0.949262513610291,0.0552164263689781,0.841040306572086,1.0574847206485
4917,intercept,1.06194987720577,0.0743329501486423,0.916257294914435,1.20764245949711
4917,AIPW,1.05221630176753,0.07985831192083,0.895694010402705,1.20873859313236
4918,Tlearner,1.00497245417501,0.0623115020591619,0.882844154316459,1.12710075403356
4918,Rlearner,0.942649038703889,0.0579798355230802,0.829010649249095,1.05628742815868
4918,intercept,1.12122340810255,0.0839735050263631,0.956635338250883,1.28581147795423
4918,AIPW,0.995904095769789,0.0581923769254414,0.881847036995924,1.10996115454365
4919,Tlearner,1.13489493144982,0.0640632581140077,1.00933325281407,1.26045661008556
4919,Rlearner,1.0943516168969,0.0617609016442368,0.973302474021475,1.21540075977232
4919,intercept,1.39242573483399,0.082157022593346,1.23139797055104,1.55345349911695
4919,AIPW,1.07495924617013,0.0602051017556687,0.956957246729017,1.19296124561124
4920,Tlearner,1.12728037490383,0.0575479727997145,1.0144884208331,1.24007232897457
4920,Rlearner,1.07543274261163,0.0564026118532463,0.964885654745273,1.18597983047798
4920,intercept,1.27577042693151,0.0814846172788555,1.11606057706495,1.43548027679806
4920,AIPW,1.13079790945501,0.0510568788768803,1.03072642685633,1.2308693920537
4921,Tlearner,0.975051794804577,0.0622605003474107,0.853023456464209,1.09708013314495
4921,Rlearner,1.10319480303245,0.0573980823047117,0.990696628933545,1.21569297713135
4921,intercept,1.33154953729569,0.0750678196505357,1.18441661078064,1.47868246381074
4921,AIPW,1.02344456527698,0.0525349775340664,0.920476009310214,1.12641312124375
4923,Tlearner,1.05340106743795,0.0635009139358412,0.928941563138326,1.17786057173758
4923,Rlearner,1.04727550527003,0.0675871370767035,0.914807150781517,1.17974385975854
4923,intercept,1.20738050557069,0.0913574837657739,1.02831983738978,1.38644117375161
4923,AIPW,1.08866452307897,0.0602905013795895,0.970495140374976,1.20683390578297
4924,Tlearner,1.01414390160818,0.0644580293578567,0.887808485552351,1.140479317664
4924,Rlearner,1.02120214140789,0.0610932077060819,0.901461654603949,1.14094262821184
4924,intercept,1.143608169624,0.0828937500880034,0.981136419451518,1.30607991979649
4924,AIPW,1.02248841658754,0.0517576346542743,0.921043452665159,1.12393338050991
4925,Tlearner,0.95259320615638,0.0600782411688559,0.834842017210911,1.07034439510185
4925,Rlearner,0.949774304068613,0.0584004663922364,0.835311493259488,1.06423711487774
4925,intercept,1.22737012293189,0.0790374757571767,1.07245667044783,1.38228357541596
4925,AIPW,0.93911420282551,0.0564421932528637,0.828487504049897,1.04974090160112
4926,Tlearner,1.02017308461854,0.0664456004459835,0.889942100813274,1.15040406842381
4926,Rlearner,1.04006653166389,0.0615714330257089,0.919388740456976,1.16074432287079
4926,intercept,1.1901619447455,0.0808907068247985,1.03161615936889,1.3487077301221
4926,AIPW,1.01382116128123,0.0461213621388837,0.923423291489021,1.10421903107344
4927,Tlearner,0.88719336846162,0.0680976542383554,0.753724418722782,1.02066231820046
4927,Rlearner,0.965999934328488,0.0593017419449951,0.849770655895809,1.08222921276117
4927,intercept,1.18859150390007,0.0793866165263967,1.03299373550833,1.34418927229181
4927,AIPW,0.977013317118773,0.047223286826248,0.884455674939327,1.06957095929822
4928,Tlearner,1.01753100674683,0.0600592842319125,0.899816972715026,1.13524504077863
4928,Rlearner,1.0472737561117,0.0603055413273745,0.929077067041856,1.16547044518155
4928,intercept,1.21742920567657,0.0826885727823456,1.05535960302317,1.37949880832996
4928,AIPW,1.07116801134253,0.047454283004773,0.978157616653176,1.16417840603189
4930,Tlearner,0.994911756457375,0.0649843130099091,0.867544843397875,1.12227866951687
4930,Rlearner,1.04989797588098,0.0626945112021353,0.927018991896454,1.17277695986551
4930,intercept,1.33344186072566,0.0881031424248079,1.16075970157303,1.50612401987828
4930,AIPW,1.03987264456953,0.0526461144687586,0.936686260210765,1.1430590289283
4931,Tlearner,0.86100392861297,0.0673724012947808,0.72895644852322,0.99305140870272
4931,Rlearner,0.910064627199887,0.0630341156872286,0.786520030655588,1.03360922374419
4931,intercept,1.12555438880554,0.0772432054689706,0.974157706086355,1.27695107152472
4931,AIPW,0.918958005445678,0.0652655262179492,0.791037574058497,1.04687843683286
4932,Tlearner,0.921751949995022,0.058960068997547,0.806192338233833,1.03731156175621
4932,Rlearner,0.95605214305465,0.0557455331453255,0.846792905790829,1.06531138031847
4932,intercept,1.15248718112355,0.0756376882790356,1.00423731209664,1.30073705015046
4932,AIPW,0.976474203058648,0.0435688916863295,0.891079175353442,1.06186923076385
4933,Tlearner,0.999000905868422,0.0660591807324074,0.869527290784681,1.12847452095216
4933,Rlearner,1.02822074259583,0.0596622332192649,0.911284914248844,1.14515657094282
4933,intercept,1.23644292952153,0.0816091287279429,1.07648903721476,1.3963968218283
4933,AIPW,1.04156149793571,0.0607267587460034,0.922537050793546,1.16058594507788
4934,Tlearner,0.864306466533463,0.0631304845795689,0.740572990430947,0.988039942635979
4934,Rlearner,0.843256618474339,0.0618919084847834,0.721950706909714,0.964562530038963
4934,intercept,0.986681482240645,0.0780128614593995,0.833776273780222,1.13958669070107
4934,AIPW,0.79079781911046,0.0542114950625917,0.684543288787781,0.89705234943314
4935,Tlearner,1.02463278793341,0.0615549556519895,0.903987291785553,1.14527828408127
4935,Rlearner,0.950556231684338,0.0647572993761388,0.823634257171028,1.07747820619765
4935,intercept,1.19703133018326,0.0848754957575053,1.03067535849855,1.36338730186797
4935,AIPW,0.981917754537467,0.0639808786155438,0.856515232451001,1.10732027662393
4936,Tlearner,1.03067865096886,0.0600436031824161,0.912995351229307,1.14836195070841
4936,Rlearner,1.02552097502299,0.0567017469755594,0.914387593090395,1.13665435695559
4936,intercept,1.19213148817314,0.0728437764348996,1.04935768636074,1.33490528998555
4936,AIPW,1.00964963249699,0.0502105300006116,0.911236993695787,1.10806227129818
4937,Tlearner,1.02255713673035,0.0643967495566401,0.89634182687789,1.14877244658281
4937,Rlearner,1.05102677465409,0.0599181928554926,0.933589274638604,1.16846427466959
4937,intercept,1.13174769332755,0.0765765207858799,0.981657712587222,1.28183767406787
4937,AIPW,0.958194450749336,0.130461453865842,0.702490001172286,1.21389890032639
4938,Tlearner,1.07722246778564,0.0596780352986286,0.960255667932222,1.19418926763907
4938,Rlearner,1.09930255850633,0.0557163291628428,0.990100559996376,1.20850455701628
4938,intercept,1.22325341494457,0.0695521768447206,1.08693114832892,1.35957568156022
4938,AIPW,1.05952459308234,0.0449200392246976,0.971481316201938,1.14756786996275
4939,Tlearner,0.996480415977344,0.0594553530333186,0.879950065343926,1.11301076661076
4939,Rlearner,1.06796514425473,0.0586904861616189,0.952933905142807,1.18299638336665
4939,intercept,1.19300627429441,0.0783252409208256,1.03948880208959,1.34652374649923
4939,AIPW,1.08374909902078,0.053922236405069,0.978061515666842,1.18943668237471
4940,Tlearner,1.11157583325324,0.0647779825191349,0.984613320524573,1.23853834598191
4940,Rlearner,1.09852067015002,0.0577315794554678,0.985368853646691,1.21167248665335
4940,intercept,1.32716805209598,0.0742423389607025,1.181653067733,1.47268303645895
4940,AIPW,1.08648937701201,0.0440092452700798,1.00023125628265,1.17274749774137
4941,Tlearner,0.897769310098323,0.0695172008643329,0.761518100098193,1.03402052009845
4941,Rlearner,0.94948356076516,0.0673655016436312,0.81744960374317,1.08151751778715
4941,intercept,1.01337785693227,0.0937241785138446,0.829678467045139,1.19707724681941
4941,AIPW,0.940716986272693,0.0528873605470108,0.837057759600551,1.04437621294483
4943,Tlearner,0.91715224712733,0.0616643430013411,0.796292355714377,1.03801213854028
4943,Rlearner,0.962982898351811,0.0594383546097291,0.846485864016422,1.0794799326872
4943,intercept,1.07817639382972,0.0844037535672859,0.912745036837836,1.2436077508216
4943,AIPW,1.01250771765026,0.0490758179288256,0.916319114509766,1.10869632079076
4945,Tlearner,1.01407078869315,0.0632221899629081,0.890157573342104,1.1379840040442
4945,Rlearner,1.00891179025635,0.0609722438292116,0.889408388294499,1.1284151922182
4945,intercept,1.22329853888,0.0778377116251773,1.07073662409465,1.37586045366535
4945,AIPW,1.02419339320409,0.0572935921472102,0.911897952595558,1.13648883381262
4946,Tlearner,1.01390090197221,0.0606066469284649,0.895114056768687,1.13268774717574
4946,Rlearner,1.03120638357389,0.0578418506669213,0.917838439467583,1.1445743276802
4946,intercept,1.15565052975299,0.0745200136895593,1.00959130292145,1.30170975658452
4946,AIPW,1.01401211859322,0.0430718959179855,0.929591202593966,1.09843303459247
4947,Tlearner,1.01283716221777,0.062617990360927,0.890108156326074,1.13556616810946
4947,Rlearner,0.957003623676401,0.0634359108594614,0.832671523065363,1.08133572428744
4947,intercept,1.22953430296517,0.0859864023521017,1.06100095435505,1.39806765157529
4947,AIPW,0.994491489670165,0.0692502524324319,0.858760994902598,1.13022198443773
4948,Tlearner,1.00080467935502,0.0592308531289735,0.884714340448653,1.11689501826139
4948,Rlearner,1.09165637588477,0.0602427197159791,0.973582814910714,1.20972993685883
4948,intercept,1.20554261974937,0.0833687428708726,1.04213988372246,1.36894535577628
4948,AIPW,1.05699601016245,0.0569247389933615,0.945423521735457,1.16856849858943
4949,Tlearner,1.0167726485894,0.0595317461380743,0.900092570221995,1.13345272695681
4949,Rlearner,1.04236650763746,0.0564413774885541,0.931743440522063,1.15298957475285
4949,intercept,1.25626249133407,0.0852883348009905,1.08909735512413,1.42342762754401
4949,AIPW,1.0417068418008,0.0514669203594381,0.940831677896302,1.1425820057053
4950,Tlearner,1.02610652689762,0.0605391397131763,0.907451993404752,1.14476106039048
4950,Rlearner,1.06021691526306,0.0598839016693725,0.942846624737354,1.17758720578877
4950,intercept,1.12804792317876,0.0802092686075615,0.970837756707936,1.28525808964958
4950,AIPW,1.0932245657234,0.0566940278251315,0.982104271186143,1.20434486026066
4951,Tlearner,1.08811282384843,0.0603843874050503,0.969761599306014,1.20646404839084
4951,Rlearner,1.10493681231321,0.0588794437726468,0.989535223089071,1.22033840153735
4951,intercept,1.27645420595406,0.0746611338556478,1.13011838359699,1.42279002831112
4951,AIPW,1.09319137582566,0.0502428338334449,0.994715421512109,1.19166733013921
4952,Tlearner,1.03145247561358,0.0634488237759789,0.907095066151228,1.15580988507592
4952,Rlearner,1.0735936359975,0.0666820083829924,0.942899301150035,1.20428797084496
4952,intercept,1.45355301657343,0.0927158150093161,1.27183001915517,1.63527601399169
4952,AIPW,1.12565830413766,0.0555530416255853,1.01677434255152,1.23454226572381
4953,Tlearner,1.03470479494359,0.0602388504683059,0.91663881755562,1.15277077233157
4953,Rlearner,1.06992937536846,0.0537261954964301,0.964627967169097,1.17523078356782
4953,intercept,1.22632783793847,0.0721327309865676,1.0849476852048,1.36770799067214
4953,AIPW,1.08431467322919,0.0502087145124235,0.985905592784837,1.18272375367354
4954,Tlearner,0.862194935648993,0.0621626088816865,0.740358461055838,0.984031410242148
4954,Rlearner,0.85380102306088,0.0603137507809907,0.735588243757614,0.972013802364147
4954,intercept,0.984801429634409,0.0818718166119087,0.824332669075068,1.14527019019375
4954,AIPW,0.84153931660876,0.0496393472988946,0.744246195902927,0.938832437314593
4955,Tlearner,0.872045127483571,0.0623031493111304,0.749933198710334,0.994157056256809
4955,Rlearner,0.926846098215215,0.0600710530477668,0.809108997728198,1.04458319870223
4955,intercept,1.12970371979419,0.0789307846456418,0.974999381888729,1.28440805769965
4955,AIPW,0.962346143751439,0.0615245240942209,0.841758076526766,1.08293421097611
4957,Tlearner,0.999635630043174,0.0670013107586372,0.868315474039269,1.13095578604708
4957,Rlearner,1.05026625871987,0.0624609578722538,0.927845030850379,1.17268748658936
4957,intercept,1.37528740312129,0.086872413156775,1.20501747333401,1.54555733290857
4957,AIPW,1.00485797860806,0.0724558947045725,0.862844424987096,1.14687153222902
4959,Tlearner,1.04132222751323,0.0644125445014278,0.915075960137847,1.16756849488861
4959,Rlearner,1.06449412205285,0.0594497274014731,0.947974797455237,1.18101344665046
4959,intercept,1.25485489072038,0.083954642391378,1.09030379163328,1.41940598980748
4959,AIPW,1.030994530637,0.0589339938494703,0.915483902692036,1.14650515858196
4960,Tlearner,0.943137832044621,0.0615803245141916,0.822442613840516,1.06383305024873
4960,Rlearner,0.961698987909516,0.0583016565930547,0.847429840748107,1.07596813507093
4960,intercept,1.08320363808176,0.0804669211960407,0.925488472537522,1.240918803626
4960,AIPW,0.986221134536594,0.0474574285058472,0.893204574665133,1.07923769440805
4961,Tlearner,1.09605342700763,0.0638758028205202,0.970859153995833,1.22124770001944
4961,Rlearner,1.04381784382397,0.0630161843250462,0.920308392103738,1.16732729554419
4961,intercept,1.21427497270163,0.0841870361234142,1.04926838189974,1.37928156350352
4961,AIPW,0.946923874689034,0.150234539515224,0.652464177239195,1.24138357213887
4962,Tlearner,0.956457954731239,0.0610876853840802,0.836728291479528,1.07618761798295
4962,Rlearner,0.963669665339612,0.0590576047686417,0.847918886979873,1.07942044369935
4962,intercept,1.21187497377789,0.0828586865524241,1.04947194813514,1.37427799942064
4962,AIPW,0.951879259046916,0.0476279992027661,0.858528380609494,1.04523013748434
4963,Tlearner,0.929884263230308,0.0575692767341982,0.81705055421526,1.04271797224536
4963,Rlearner,0.887162666519467,0.0589196469019571,0.771682280609814,1.00264305242912
4963,intercept,1.07396765444775,0.0794033284226978,0.918337130739265,1.22959817815624
4963,AIPW,0.921700703828618,0.0485703285140764,0.826502859941028,1.01689854771621
4964,Tlearner,0.952624133886047,0.0615900878278722,0.831909779938759,1.07333848783334
4964,Rlearner,1.02079807291953,0.0607242364963867,0.901780756397922,1.13981538944114
4964,intercept,1.1838624949061,0.0843163536089398,1.01860244183258,1.34912254797962
4964,AIPW,1.04165762980999,0.0464514785241511,0.950612731902652,1.13270252771732
4965,Tlearner,0.884338898745859,0.0596342122291927,0.767457990530223,1.00121980696149
4965,Rlearner,0.952551642524477,0.0576489269149535,0.839561822023787,1.06554146302517
4965,intercept,1.12964452803227,0.0717773917305099,0.988960840240466,1.27032821582406
4965,AIPW,0.855248901443982,0.141554017331738,0.577803027473775,1.13269477541419
4966,Tlearner,0.970213486043702,0.0608076600983316,0.851032662266819,1.08939430982059
4966,Rlearner,0.962474634460544,0.0598165455558681,0.845236359491443,1.07971290942964
4966,intercept,1.30149618016365,0.0828884502424283,1.13903481768849,1.46395754263881
4966,AIPW,0.96172716168145,0.0607809643309822,0.842596471592725,1.08085785177018
4967,Tlearner,0.996776161743433,0.0672837555678085,0.864902424085932,1.12864989940093
4967,Rlearner,1.02994198694923,0.0650229535086803,0.902499339903795,1.15738463399467
4967,intercept,1.26529791742206,0.085348614051121,1.09801463388186,1.43258120096226
4967,AIPW,1.03440788707808,0.0490128761527739,0.938342649818642,1.13047312433752
4968,Tlearner,1.06144449816065,0.0595296441198033,0.944768539673347,1.17812045664795
4968,Rlearner,1.08047922815812,0.055025220683421,0.972631777377248,1.18832667893899
4968,intercept,1.23245337178589,0.0737189588866886,1.08796421236799,1.3769425312038
4968,AIPW,1.14768894198619,0.0699640538596445,1.01055939642128,1.28481848755109
4969,Tlearner,1.06663873915524,0.0586554952560911,0.951676080957943,1.18160139735254
4969,Rlearner,1.07699140095147,0.0545748339663233,0.970026691915224,1.18395610998772
4969,intercept,1.23856382088439,0.0742425849039498,1.09304835447265,1.38407928729613
4969,AIPW,1.05863236761992,0.049886411243891,0.960855001581896,1.15640973365795
4971,Tlearner,1.01607005000653,0.0619411391342664,0.894667648141979,1.13747245187107
4971,Rlearner,1.00398726276511,0.0645402800873665,0.877490638241741,1.13048388728847
4971,intercept,1.11102431036294,0.0900205478365995,0.934584036603201,1.28746458412267
4971,AIPW,1.02687744262127,0.0622141332257601,0.904937741498775,1.14881714374376
4972,Tlearner,1.02884047571292,0.0645375005737039,0.902349298936225,1.15533165248961
4972,Rlearner,1.08705065494841,0.0591726726365817,0.971074347711731,1.20302696218509
4972,intercept,1.18577361088572,0.0745497473204788,1.03965610613759,1.33189111563386
4972,AIPW,1.03322168813567,0.0475086499063649,0.940104734319193,1.12633864195214
4973,Tlearner,0.983099693268709,0.0626635602782401,0.860281371980304,1.10591801455711
4973,Rlearner,0.9955522621677,0.0640499139482865,0.870016737616169,1.12108778671923
4973,intercept,1.09228607476365,0.0905947565471109,0.914720351931312,1.26985179759599
4973,AIPW,1.00817792028415,0.0448668478708212,0.920238898457339,1.09611694211096
4974,Tlearner,1.11220294795691,0.0595035068396539,0.995578217597353,1.22882767831646
4974,Rlearner,1.1107136721706,0.0575140170359836,0.997988270173845,1.22343907416735
4974,intercept,1.34092127928918,0.0791821614452902,1.18572424285641,1.49611831572195
4974,AIPW,1.11843899861389,0.0427937482738316,1.03456325199718,1.2023147452306
4975,Tlearner,0.968295983397729,0.0662428478120436,0.838462387452756,1.0981295793427
4975,Rlearner,0.983172223558735,0.0641483000624687,0.857443865766828,1.10890058135064
4975,intercept,1.13534866441249,0.0835098057498757,0.971669445142737,1.29902788368225
4975,AIPW,1.01349492593811,0.0492333099423274,0.916997638451152,1.10999221342508
4976,Tlearner,0.994033026880048,0.0657699978746499,0.865126199782458,1.12293985397764
4976,Rlearner,0.982674957118528,0.0633401634585646,0.858530517964862,1.1068193962722
4976,intercept,1.14180447395202,0.082671967849956,0.979767416966108,1.30384153093794
4976,AIPW,1.03963316828604,0.0573767637649788,0.927174711306679,1.1520916252654
4977,Tlearner,0.99483434773513,0.0696798089166201,0.858264431808922,1.13140426366134
4977,Rlearner,1.09166613005288,0.0626106270674878,0.968951555951132,1.21438070415462
4977,intercept,1.26745673147871,0.0757537592881972,1.11897936327384,1.41593409968357
4977,AIPW,1.0283503160425,0.0487877006479928,0.932726422772431,1.12397420931256
4978,Tlearner,0.988272431177069,0.0595321135508863,0.871591632693783,1.10495322966036
4978,Rlearner,0.974514361263332,0.0590572527345003,0.858764272877832,1.09026444964883
4978,intercept,1.11203455913477,0.0793811515431643,0.956447502110167,1.26762161615937
4978,AIPW,0.996603255317706,0.0423635644710506,0.913570668954447,1.07963584168097
4979,Tlearner,1.02832269225367,0.0673981222422498,0.896224800033232,1.16042058447411
4979,Rlearner,0.9981242138053,0.0626008543409123,0.875428793895674,1.12081963371493
4979,intercept,1.34752443398709,0.0832224280391289,1.1844084750304,1.51064039294378
4979,AIPW,0.989385327002779,0.0450112106113504,0.901163354204532,1.07760729980103
4980,Tlearner,1.11354454185001,0.0572637444645936,1.0013096650795,1.22577941862052
4980,Rlearner,1.11346621656549,0.0569663921313557,1.00181413965885,1.22511829347213
4980,intercept,1.3293797177014,0.0761613060223317,1.18010355789763,1.47865587750517
4980,AIPW,1.14147984102457,0.0444559219125831,1.05434623407591,1.22861344797323
4981,Tlearner,1.12669615566876,0.0592318234154597,1.01060391503582,1.2427883963017
4981,Rlearner,1.07974004400469,0.0573765119251954,0.967284147072772,1.1921959409366
4981,intercept,1.37758869572468,0.0787176198105805,1.22330216089594,1.53187523055342
4981,AIPW,1.15011716847505,0.0701709371804908,1.01258213160129,1.28765220534881
4982,Tlearner,0.964035283894949,0.0620349755746775,0.842448965986759,1.08562160180314
4982,Rlearner,0.953421622071653,0.0587549005810588,0.838264133017546,1.06857911112576
4982,intercept,1.00952982952436,0.0818173666488786,0.849167790892557,1.16989186815616
4982,AIPW,0.977343006259508,0.0544855671549605,0.870551294635785,1.08413471788323
4984,Tlearner,0.960276240269813,0.0598723307065738,0.842928628414457,1.07762385212517
4984,Rlearner,0.910016694014209,0.0614722278531966,0.789533341372504,1.03050004665591
4984,intercept,1.07595370089813,0.0833712653269825,0.912546020857244,1.23936138093902
4984,AIPW,0.958928793412082,0.0546873930751557,0.851741502984777,1.06611608383939
4985,Tlearner,1.06644556608699,0.0593442545840433,0.950132964412885,1.18275816776109
4985,Rlearner,1.01626552126487,0.0565694367551912,0.905391462598979,1.12713957993076
4985,intercept,1.16084498285339,0.0756037880222155,1.01266155832985,1.30902840737694
4985,AIPW,1.06027400454034,0.0631532390572146,0.936493655988202,1.18405435309248
4986,Tlearner,0.983305322096506,0.0652577312997927,0.85540251903612,1.11120812515689
4986,Rlearner,0.97986526120341,0.0658442345942093,0.850812932809153,1.10891758959767
4986,intercept,1.10375996491573,0.0855980094576404,0.935987866378758,1.27153206345271
4986,AIPW,0.957357445971144,0.0544753532765857,0.850585753549036,1.06412913839325
4987,Tlearner,0.88948823883727,0.0648263076289686,0.762431010633778,1.01654546704076
4987,Rlearner,0.976774810681485,0.0609303774868775,0.857353465242775,1.09619615612019
4987,intercept,1.1903947436775,0.0781690019574339,1.03718349984093,1.34360598751407
4987,AIPW,0.916200832596327,0.0748214826739757,0.769550726555334,1.06285093863732
4988,Tlearner,0.994780713620131,0.0621531947303528,0.872962690424535,1.11659873681573
4988,Rlearner,0.968047321599467,0.0562558657095653,0.857787850889598,1.07830679230934
4988,intercept,1.13134792041318,0.0737349036997362,0.986827509161701,1.27586833166467
4988,AIPW,0.956696959915102,0.0623596421038041,0.834472061391646,1.07892185843856
4989,Tlearner,1.13148689132462,0.0610169611688212,1.01189584498765,1.25107793766158
4989,Rlearner,1.14505618349495,0.0612743058662121,1.02496075081949,1.26515161617042
4989,intercept,1.19005478973843,0.0783858416565934,1.03641854009151,1.34369103938536
4989,AIPW,1.15809836616192,0.0567530564762942,1.04686237546839,1.26933435685546
4990,Tlearner,0.959661672486431,0.0610986514634336,0.839910516114135,1.07941282885873
4990,Rlearner,0.936966492929223,0.0602994090433531,0.818781822915202,1.05515116294324
4990,intercept,1.07637276516762,0.075335572512997,0.928715043042143,1.22403048729309
4990,AIPW,0.99804876450739,0.0538668058538894,0.892469825033767,1.10362770398101
4991,Tlearner,1.00889617354982,0.0646741417827717,0.882137184924547,1.13565516217509
4991,Rlearner,1.08310984775987,0.0580802584918929,0.969274632902982,1.19694506261675
4991,intercept,1.1471510941284,0.0757819961044687,0.998618381763639,1.29568380649316
4991,AIPW,1.06579776775932,0.0509822220646551,0.965872612512598,1.16572292300605
4992,Tlearner,1.09859094161899,0.0590609978942084,0.98283351285535,1.21434837038264
4992,Rlearner,1.11274926634092,0.0582580551508971,0.998565576435813,1.22693295624603
4992,intercept,1.24766984550264,0.0766164780182032,1.09750154858696,1.39783814241832
4992,AIPW,1.07836504129637,0.0698533786539968,0.941452419134537,1.2152776634582
4993,Tlearner,1.04830117988545,0.0598050570087059,0.931085422055025,1.16551693771588
4993,Rlearner,1.0661121650228,0.0609945130246053,0.94656511624001,1.18565921380558
4993,intercept,1.18088948590307,0.0847046826107524,1.01486830798599,1.34691066382014
4993,AIPW,1.24594931476704,0.147416500042969,0.957012974682824,1.53488565485126
4994,Tlearner,1.1046273205143,0.0602135607510813,0.986610910061266,1.22264373096733
4994,Rlearner,1.07607981887675,0.0593283525650188,0.959798384587217,1.19236125316628
4994,intercept,1.19892924407065,0.0732951077761402,1.05527083282941,1.34258765531188
4994,AIPW,1.17611239609146,0.0826710294384989,1.01407717839201,1.33814761379092
4995,Tlearner,1.05080735111516,0.06487179718988,0.923660965010611,1.17795373721971
4995,Rlearner,1.05499745026092,0.0568844866748554,0.943505905099152,1.16648899542268
4995,intercept,1.25142481194639,0.0799204469748248,1.09478073587573,1.40806888801704
4995,AIPW,1.07976573498241,0.0435714802010664,0.994365633788321,1.1651658361765
4996,Tlearner,0.983234620612359,0.0590846670855625,0.867430801086118,1.0990384401386
4996,Rlearner,0.997785990448471,0.0565181569562301,0.887012438341678,1.10855954255526
4996,intercept,1.17192021906896,0.0741992772224905,1.02648963571288,1.31735080242504
4996,AIPW,1.04033878000455,0.0465998492679819,0.949003075439309,1.1316744845698
4997,Tlearner,0.891974788893479,0.0596582809224673,0.775046706905871,1.00890287088109
4997,Rlearner,0.945324850782983,0.0605666435310221,0.826616410797704,1.06403329076826
4997,intercept,1.06166572507473,0.0804921533457624,0.903901104517032,1.21943034563242
4997,AIPW,0.95664020553419,0.0624641249138127,0.834210520703117,1.07906989036526
4998,Tlearner,0.85542086206662,0.0658282400835181,0.726399882337269,0.984441841795971
4998,Rlearner,0.907489571827424,0.0644252914349912,0.781218320921345,1.0337608227335
4998,intercept,1.13835490794241,0.093183186624096,0.955715862159186,1.32099395372564
4998,AIPW,0.875660644116468,0.0442397569360717,0.788950720521767,0.962370567711168
4999,Tlearner,0.966628759715404,0.0660828567956877,0.837108740400338,1.09614877903047
4999,Rlearner,1.03127930394426,0.0606756080660734,0.912357297394692,1.15020131049384
4999,intercept,1.29540708223813,0.0849979791602991,1.12881104308394,1.46200312139232
4999,AIPW,1.0041042655368,0.0731658771388285,0.860699146344699,1.14750938472891
5000,Tlearner,0.886020783534786,0.0640924368296236,0.760401915667315,1.01163965140226
5000,Rlearner,0.890996118715579,0.0585867971780272,0.776168106277093,1.00582413115407
5000,intercept,1.03856392645613,0.0799420304250128,0.881877546823101,1.19525030608915
5000,AIPW,0.86733028653276,0.0527421529714551,0.763955666708708,0.970704906356812
